	masse A		
t	x	y	
0.000000E0	3.835936E1	-1.372715E-3
1.758017E-2	3.834781E1	4.171215E-3
3.516034E-2	3.834001E1	4.473404E-3
5.274051E-2	3.833035E1	1.316715E-3
7.032068E-2	3.830253E1	2.674242E-2
8.790085E-2	3.829532E1	-5.173087E-2
1.054810E-1	3.824307E1	-2.572047E-1
1.230612E-1	3.817758E1	-5.300394E-1
1.406414E-1	3.808514E1	-9.555096E-1
1.582215E-1	3.796751E1	-1.343541E0
1.758017E-1	3.782897E1	-1.670319E0
1.933819E-1	3.769733E1	-1.970484E0
2.109620E-1	3.754459E1	-2.288691E0
2.285422E-1	3.738373E1	-2.617805E0
2.461224E-1	3.722462E1	-2.925695E0
2.637025E-1	3.707308E1	-3.182279E0
2.812827E-1	3.690025E1	-3.422596E0
2.988629E-1	3.674601E1	-3.665039E0
3.164431E-1	3.659198E1	-3.902445E0
3.340232E-1	3.644542E1	-4.116190E0
3.516034E-1	3.631393E1	-4.296083E0
3.691836E-1	3.605588E1	-4.548603E0
3.867637E-1	3.591852E1	-4.653990E0
4.043439E-1	3.578251E1	-4.748092E0
4.219241E-1	3.565612E1	-4.805941E0
4.395042E-1	3.554523E1	-4.814724E0
4.570844E-1	3.543266E1	-4.807234E0
4.746646E-1	3.532378E1	-4.780330E0
4.922447E-1	3.522016E1	-4.724435E0
5.098249E-1	3.515935E1	-4.648250E0
5.274051E-1	3.512650E1	-4.520284E0
5.449853E-1	3.511876E1	-4.330534E0
5.625654E-1	3.523412E1	-3.883351E0
5.801456E-1	3.530883E1	-3.664095E0
5.977258E-1	3.538773E1	-3.426860E0
6.153059E-1	3.549177E1	-3.187669E0
6.328861E-1	3.560021E1	-2.946676E0
6.504663E-1	3.572498E1	-2.657128E0
6.680464E-1	3.587967E1	-2.373800E0
6.856266E-1	3.602800E1	-2.080889E0
7.032068E-1	3.619626E1	-1.780970E0
7.207870E-1	3.636003E1	-1.495784E0
7.383671E-1	3.652883E1	-1.175531E0
7.559473E-1	3.667593E1	-8.632765E-1
7.735275E-1	3.681779E1	-5.246615E-1
7.911076E-1	3.697439E1	-2.082485E-1
8.086878E-1	3.711657E1	1.096713E-1
8.262680E-1	3.723077E1	4.512912E-1
8.438481E-1	3.739275E1	1.085264E0
8.614283E-1	3.744608E1	1.377793E0
8.790085E-1	3.749304E1	1.670321E0
8.965887E-1	3.754211E1	1.968566E0
9.141688E-1	3.755226E1	2.254196E0
9.317490E-1	3.756386E1	2.802141E0
9.493292E-1	3.756033E1	3.079808E0
9.669093E-1	3.753735E1	3.413999E0
9.844895E-1	3.749255E1	3.794941E0
1.002070E0	3.742403E1	4.216042E0
1.019650E0	3.730440E1	4.624716E0
1.037230E0	3.715973E1	5.040661E0
1.054810E0	3.696575E1	5.445437E0
1.072390E0	3.672080E1	5.867496E0
1.089971E0	3.646825E1	6.162448E0
1.107551E0	3.626815E1	6.327975E0
1.125131E0	3.609158E1	6.459606E0
1.142711E0	3.590840E1	6.561120E0
1.160291E0	3.573036E1	6.628597E0
1.177871E0	3.555500E1	6.672107E0
1.195452E0	3.540428E1	6.678189E0
1.213032E0	3.524581E1	6.674311E0
1.230612E0	3.509541E1	6.663918E0
1.248192E0	3.493704E1	6.630863E0
1.265772E0	3.477994E1	6.575618E0
1.283352E0	3.461928E1	6.511495E0
1.300933E0	3.447884E1	6.452244E0
1.318513E0	3.432442E1	6.349155E0
1.336093E0	3.417683E1	6.204261E0
1.353673E0	3.402010E1	6.051821E0
1.371253E0	3.389286E1	5.898323E0
1.388833E0	3.373908E1	5.718030E0
1.406414E0	3.360852E1	5.529327E0
1.423994E0	3.351995E1	5.318568E0
1.441574E0	3.349596E1	5.069275E0
1.459154E0	3.351687E1	4.767141E0
1.476734E0	3.357947E1	4.442428E0
1.494314E0	3.366876E1	4.089700E0
1.511895E0	3.378245E1	3.740101E0
1.529475E0	3.388809E1	3.370366E0
1.547055E0	3.400645E1	2.976599E0
1.564635E0	3.413253E1	2.599863E0
1.582215E0	3.425300E1	2.191052E0
1.599795E0	3.436920E1	1.804026E0
1.617376E0	3.448224E1	1.392691E0
1.634956E0	3.459848E1	9.301242E-1
1.652536E0	3.473011E1	4.693435E-1
1.670116E0	3.483516E1	5.079303E-3
1.687696E0	3.493089E1	-4.378059E-1
1.705276E0	3.502858E1	-9.069011E-1
1.722857E0	3.509347E1	-1.348886E0
1.740437E0	3.513110E1	-1.765454E0
1.758017E0	3.514376E1	-2.150915E0
1.775597E0	3.513819E1	-2.532383E0
1.793177E0	3.511133E1	-2.902883E0
1.810757E0	3.506504E1	-3.298374E0
1.828338E0	3.500126E1	-3.714575E0
1.845918E0	3.490074E1	-4.137453E0
1.863498E0	3.475318E1	-4.597757E0
1.881078E0	3.456730E1	-5.054817E0
1.898658E0	3.436813E1	-5.476041E0
1.916238E0	3.411291E1	-5.878677E0
1.933819E0	3.384352E1	-6.252789E0
1.951399E0	3.353524E1	-6.601500E0
1.968979E0	3.326534E1	-6.859187E0
1.986559E0	3.299144E1	-7.061940E0
2.004139E0	3.271508E1	-7.233391E0
2.021720E0	3.244110E1	-7.381841E0
2.039300E0	3.217256E1	-7.534605E0
2.056880E0	3.194772E1	-7.646107E0
2.074460E0	3.174182E1	-7.716758E0
2.092040E0	3.154908E1	-7.768702E0
2.109620E0	3.137520E1	-7.791891E0
2.127201E0	3.120192E1	-7.782165E0
2.144781E0	3.103604E1	-7.750287E0
2.162361E0	3.087368E1	-7.700096E0
2.179941E0	3.070266E1	-7.652027E0
2.197521E0	3.055278E1	-7.557760E0
2.215101E0	3.041679E1	-7.436068E0
2.232682E0	3.026307E1	-7.291586E0
2.250262E0	3.010732E1	-7.103624E0
2.267842E0	2.998592E1	-6.943840E0
2.285422E0	2.989935E1	-6.731678E0
2.303002E0	2.987111E1	-6.521123E0
2.320582E0	2.989582E1	-6.271614E0
2.338163E0	2.999294E1	-5.969626E0
2.355743E0	3.011592E1	-5.644844E0
2.373323E0	3.027086E1	-5.336396E0
2.390903E0	3.042536E1	-5.002471E0
2.408483E0	3.058690E1	-4.676684E0
2.426063E0	3.074762E1	-4.303581E0
2.443644E0	3.090144E1	-3.892482E0
2.461224E0	3.099800E1	-3.571887E0
2.478804E0	3.117242E1	-3.176670E0
2.496384E0	3.133996E1	-2.804707E0
2.513964E0	3.151422E1	-2.405112E0
2.531544E0	3.166439E1	-2.054050E0
2.549125E0	3.184366E1	-1.678262E0
2.566705E0	3.199181E1	-1.291660E0
2.584285E0	3.214227E1	-9.135897E-1
2.601865E0	3.228197E1	-5.073304E-1
2.619445E0	3.238842E1	-1.564152E-1
2.637025E0	3.250076E1	1.845361E-1
2.654606E0	3.259040E1	5.220721E-1
2.672186E0	3.265481E1	8.500925E-1
2.689766E0	3.272410E1	1.205877E0
2.707346E0	3.278351E1	1.606009E0
2.724926E0	3.282686E1	2.013009E0
2.742506E0	3.283935E1	2.503129E0
2.760087E0	3.279341E1	3.018671E0
2.777667E0	3.273115E1	3.536202E0
2.795247E0	3.262065E1	4.045514E0
2.812827E0	3.246356E1	4.574044E0
2.830407E0	3.226900E1	5.018457E0
2.847987E0	3.208540E1	5.326345E0
2.865568E0	3.192214E1	5.532472E0
2.883148E0	3.172344E1	5.769831E0
2.900728E0	3.156014E1	5.965337E0
2.918308E0	3.136995E1	6.160201E0
2.935888E0	3.121923E1	6.324155E0
2.953468E0	3.110063E1	6.458261E0
2.971049E0	3.095145E1	6.567529E0
2.988629E0	3.079109E1	6.692718E0
3.006209E0	3.063804E1	6.795738E0
3.023789E0	3.046608E1	6.858903E0
3.041369E0	3.028114E1	6.864557E0
3.058950E0	3.011758E1	6.824150E0
3.076530E0	3.001524E1	6.722437E0
3.094110E0	2.991700E1	6.609103E0
3.111690E0	2.982693E1	6.445394E0
3.129270E0	2.977426E1	6.335413E0
3.146850E0	2.967628E1	6.202769E0
3.164431E0	2.957454E1	6.064751E0
3.182011E0	2.955117E1	5.875099E0
3.199591E0	2.960478E1	5.637802E0
3.217171E0	2.968167E1	5.318626E0
3.234751E0	2.984139E1	4.996803E0
3.252331E0	2.999822E1	4.687574E0
3.269912E0	3.018073E1	4.391630E0
3.287492E0	3.033892E1	4.107327E0
3.305072E0	3.050962E1	3.819716E0
3.322652E0	3.070709E1	3.527182E0
3.340232E0	3.093720E1	3.245102E0
3.357812E0	3.131605E1	2.712988E0
3.375393E0	3.152103E1	2.431527E0
3.392973E0	3.170129E1	2.181769E0
3.410553E0	3.185672E1	1.940114E0
3.428133E0	3.201420E1	1.691609E0
3.445713E0	3.216457E1	1.476802E0
3.463293E0	3.228596E1	1.280987E0
3.480874E0	3.241889E1	1.079049E0
3.498454E0	3.253074E1	8.797660E-1
3.516034E0	3.262310E1	6.878442E-1
3.533614E0	3.273368E1	4.707068E-1
3.551194E0	3.282647E1	2.036958E-1
3.568774E0	3.293642E1	-9.044047E-2
3.586355E0	3.302924E1	-4.123896E-1
3.603935E0	3.309771E1	-8.627841E-1
3.621515E0	3.312261E1	-1.286411E0
3.639095E0	3.312570E1	-1.679278E0
3.656675E0	3.307995E1	-2.094072E0
3.674255E0	3.304750E1	-2.451821E0
3.691836E0	3.299433E1	-2.820045E0
3.709416E0	3.293804E1	-3.130149E0
3.726996E0	3.285631E1	-3.397834E0
3.744576E0	3.278772E1	-3.720606E0
3.762156E0	3.272048E1	-3.964342E0
3.779736E0	3.268134E1	-4.254036E0
3.797317E0	3.266484E1	-4.474508E0
3.814897E0	3.264048E1	-4.691116E0
3.832477E0	3.263543E1	-4.873633E0
3.850057E0	3.262040E1	-5.040697E0
3.867637E0	3.258677E1	-5.172493E0
3.885217E0	3.253806E1	-5.298018E0
3.902798E0	3.248142E1	-5.358590E0
3.920378E0	3.228026E1	-5.342455E0
3.937958E0	3.217493E1	-5.290134E0
3.955538E0	3.211360E1	-5.217019E0
3.973118E0	3.207103E1	-5.142137E0
3.990699E0	3.200820E1	-5.059082E0
4.008279E0	3.201780E1	-4.950390E0
4.025859E0	3.211139E1	-4.797279E0
4.043439E0	3.227044E1	-4.505866E0
4.061019E0	3.246941E1	-4.234544E0
4.078599E0	3.268230E1	-4.002965E0
4.096180E0	3.289039E1	-3.796941E0
4.113760E0	3.309338E1	-3.538831E0
4.131340E0	3.328181E1	-3.260346E0
4.148920E0	3.339675E1	-2.967297E0
4.166500E0	3.347403E1	-2.700745E0
4.184080E0	3.354206E1	-2.467257E0
4.201661E0	3.365837E1	-2.210049E0
4.219241E0	3.381015E1	-1.959612E0
4.236821E0	3.395728E1	-1.668536E0
4.254401E0	3.417399E1	-1.401781E0
4.271981E0	3.443143E1	-1.115418E0
4.289561E0	3.491254E1	-6.139799E-1
4.307142E0	3.515776E1	-3.607556E-1
4.324722E0	3.534495E1	-1.175740E-1
4.342302E0	3.545685E1	9.854154E-2
4.359882E0	3.550117E1	2.838916E-1
4.377462E0	3.550689E1	4.878330E-1
4.395042E0	3.545989E1	7.011105E-1
4.412623E0	3.546504E1	9.615617E-1
4.430203E0	3.551549E1	1.238974E0
4.447783E0	3.557683E1	1.577267E0
4.465363E0	3.573795E1	1.871004E0
4.482943E0	3.578815E1	2.276567E0
4.500523E0	3.578010E1	2.696536E0
4.518104E0	3.567617E1	3.259343E0
4.535684E0	3.561335E1	3.606126E0
4.553264E0	3.553117E1	3.849993E0
4.570844E0	3.546585E1	4.026690E0
4.588424E0	3.542324E1	4.213678E0
4.606004E0	3.538589E1	4.360346E0
4.623585E0	3.531480E1	4.484423E0
4.641165E0	3.527033E1	4.572760E0
4.658745E0	3.524973E1	4.636035E0
4.676325E0	3.514141E1	4.717247E0
4.693905E0	3.504279E1	4.702747E0
4.711485E0	3.497854E1	4.682991E0
4.729066E0	3.494116E1	4.611016E0
4.746646E0	3.491593E1	4.501753E0
4.764226E0	3.487182E1	4.352005E0
4.781806E0	3.484208E1	4.177683E0
4.799386E0	3.484820E1	4.001964E0
4.816966E0	3.486907E1	3.837334E0
4.834547E0	3.487062E1	3.683406E0
4.852127E0	3.487763E1	3.529873E0
4.869707E0	3.487761E1	3.329064E0
4.887287E0	3.489118E1	3.077451E0
4.904867E0	3.493168E1	2.784521E0
4.922447E0	3.503795E1	2.477318E0
4.940028E0	3.517947E1	2.150810E0
4.957608E0	3.534075E1	1.844231E0
4.975188E0	3.550159E1	1.510464E0
4.992768E0	3.566361E1	1.140268E0
5.010348E0	3.588937E1	7.648448E-1
5.027929E0	3.609490E1	3.553128E-1
5.045509E0	3.640543E1	-1.362486E-1
5.063089E0	3.665111E1	-5.580058E-1
5.080669E0	3.683842E1	-9.566599E-1
5.098249E0	3.703411E1	-1.364122E0
5.115829E0	3.719028E1	-1.767538E0
5.133410E0	3.734593E1	-2.172512E0
5.150990E0	3.744631E1	-2.544164E0
5.168570E0	3.753486E1	-2.905752E0
5.186150E0	3.760567E1	-3.242023E0
5.203730E0	3.765696E1	-3.542737E0
5.221310E0	3.768162E1	-3.823318E0
5.238891E0	3.769908E1	-4.121530E0
5.256471E0	3.771153E1	-4.429085E0
5.274051E0	3.771567E1	-4.734246E0
5.291631E0	3.774201E1	-5.143254E0
5.309211E0	3.781836E1	-5.560079E0
5.326791E0	3.777294E1	-6.020488E0
5.344372E0	3.765883E1	-6.357701E0
5.361952E0	3.754682E1	-6.769843E0
5.379532E0	3.735695E1	-7.175808E0
5.397112E0	3.719236E1	-7.490699E0
5.414692E0	3.704353E1	-7.793421E0
5.432272E0	3.688400E1	-8.089680E0
5.449853E0	3.672448E1	-8.271994E0
5.467433E0	3.650513E1	-8.427186E0
5.485013E0	3.627077E1	-8.637023E0
5.502593E0	3.610802E1	-8.782612E0
5.520173E0	3.596298E1	-8.897151E0
5.537753E0	3.584145E1	-8.988107E0
5.555334E0	3.570281E1	-9.078001E0
5.572914E0	3.559645E1	-9.153827E0
5.590494E0	3.551831E1	-9.224924E0
5.608074E0	3.544651E1	-9.267157E0
5.625654E0	3.534145E1	-9.291418E0
5.643234E0	3.524277E1	-9.288385E0
5.660815E0	3.514461E1	-9.245903E0
5.678395E0	3.504799E1	-9.182013E0
5.695975E0	3.494272E1	-9.091846E0
5.713555E0	3.483040E1	-8.989743E0
5.731135E0	3.473493E1	-8.855464E0
5.748715E0	3.468402E1	-8.678808E0
5.766296E0	3.468299E1	-8.464729E0
5.783876E0	3.476930E1	-8.217558E0
5.801456E0	3.492570E1	-7.915249E0
5.819036E0	3.512363E1	-7.611280E0
5.836616E0	3.533329E1	-7.291187E0
5.854196E0	3.558138E1	-6.943779E0
5.871777E0	3.582599E1	-6.591660E0
5.889357E0	3.607664E1	-6.216988E0
5.906937E0	3.630012E1	-5.863343E0
5.924517E0	3.655211E1	-5.459228E0
5.942097E0	3.676437E1	-5.047697E0
5.959678E0	3.699846E1	-4.644934E0
5.977258E0	3.720855E1	-4.233029E0
5.994838E0	3.740755E1	-3.830328E0
6.012418E0	3.760989E1	-3.407809E0
6.029998E0	3.778211E1	-3.003606E0
6.047578E0	3.793454E1	-2.555192E0
6.065159E0	3.808592E1	-2.147628E0
6.082739E0	3.819088E1	-1.787724E0
6.100319E0	3.827952E1	-1.466960E0
6.117899E0	3.834099E1	-1.140671E0
6.135479E0	3.838537E1	-8.304234E-1
6.153059E0	3.840963E1	-4.832112E-1
6.170640E0	3.843347E1	-1.015148E-1
6.188220E0	3.843741E1	3.019832E-1
6.205800E0	3.843036E1	7.426078E-1
6.223380E0	3.837991E1	1.199308E0
6.240960E0	3.827926E1	1.653297E0
6.258540E0	3.810834E1	2.156180E0
6.276121E0	3.792882E1	2.579571E0
6.293701E0	3.776227E1	2.900402E0
6.311281E0	3.761202E1	3.161504E0
6.328861E0	3.742330E1	3.405283E0
6.346441E0	3.721151E1	3.610565E0
6.364021E0	3.701375E1	3.786392E0
6.381602E0	3.687111E1	3.908686E0
6.399182E0	3.676428E1	4.002510E0
6.416762E0	3.665786E1	4.100594E0
6.434342E0	3.652066E1	4.158205E0
6.451922E0	3.634520E1	4.209152E0
6.469502E0	3.615957E1	4.221702E0
6.487083E0	3.596917E1	4.210086E0
6.504663E0	3.582030E1	4.151951E0
6.522243E0	3.570999E1	4.051215E0
6.539823E0	3.558808E1	3.911490E0
6.557403E0	3.548507E1	3.757148E0
6.574983E0	3.538014E1	3.599553E0
6.592564E0	3.525138E1	3.441960E0
6.610144E0	3.514680E1	3.249441E0
6.627724E0	3.509239E1	3.034385E0
6.645304E0	3.510375E1	2.750062E0
6.662884E0	3.518696E1	2.419408E0
6.680464E0	3.529386E1	2.079880E0
6.698045E0	3.541581E1	1.730161E0
6.715625E0	3.558735E1	1.364385E0
6.733205E0	3.578148E1	9.801480E-1
6.750785E0	3.597269E1	5.819373E-1
6.768365E0	3.617664E1	1.614524E-1
6.785945E0	3.639136E1	-2.722453E-1
6.803526E0	3.663371E1	-7.519887E-1
6.821106E0	3.683747E1	-1.177798E0
6.838686E0	3.704977E1	-1.608022E0
6.856266E0	3.723505E1	-2.006628E0
6.873846E0	3.743294E1	-2.414545E0
6.891426E0	3.759205E1	-2.827128E0
6.909007E0	3.773707E1	-3.201133E0
6.926587E0	3.784205E1	-3.589001E0
6.944167E0	3.791226E1	-3.912689E0
6.961747E0	3.796235E1	-4.261869E0
6.979327E0	3.800680E1	-4.571539E0
6.996908E0	3.801919E1	-4.864834E0
7.014488E0	3.804166E1	-5.189398E0
7.032068E0	3.805096E1	-5.548248E0
7.049648E0	3.800403E1	-5.938935E0
7.067228E0	3.795000E1	-6.363689E0
7.084808E0	3.785047E1	-6.773189E0
7.102389E0	3.774999E1	-7.223691E0
7.119969E0	3.756768E1	-7.702264E0
7.137549E0	3.740815E1	-8.044102E0
7.155129E0	3.724863E1	-8.340362E0
7.172709E0	3.706679E1	-8.593694E0
7.190289E0	3.681563E1	-8.864513E0
7.207870E0	3.661179E1	-9.116043E0
7.225450E0	3.640411E1	-9.345837E0
7.243030E0	3.621190E1	-9.550692E0
7.260610E0	3.605316E1	-9.728489E0
7.278190E0	3.589263E1	-9.884356E0
7.295770E0	3.574249E1	-1.001541E1
7.313351E0	3.559474E1	-1.012305E1
7.330931E0	3.547406E1	-1.019912E1
7.348511E0	3.533982E1	-1.026251E1
7.366091E0	3.519413E1	-1.030452E1
7.383671E0	3.505476E1	-1.029848E1
7.401251E0	3.493039E1	-1.028563E1
7.418832E0	3.479139E1	-1.024997E1
7.436412E0	3.465363E1	-1.019139E1
7.453992E0	3.452728E1	-1.009835E1
7.471572E0	3.443265E1	-9.988468E0
7.489152E0	3.437900E1	-9.853582E0
7.506732E0	3.437475E1	-9.669394E0
7.524313E0	3.444033E1	-9.432108E0
7.541893E0	3.455080E1	-9.148852E0
7.559473E0	3.469378E1	-8.858291E0
7.577053E0	3.488755E1	-8.529388E0
7.594633E0	3.531155E1	-7.884578E0
7.612213E0	3.577437E1	-7.180471E0
7.629794E0	3.598639E1	-6.860971E0
7.647374E0	3.622769E1	-6.502446E0
7.664954E0	3.643792E1	-6.191986E0
7.682534E0	3.664325E1	-5.877569E0
7.700114E0	3.689400E1	-5.484245E0
7.717694E0	3.708900E1	-5.169643E0
7.735275E0	3.724931E1	-4.796543E0
7.752855E0	3.740313E1	-4.475492E0
7.770435E0	3.751139E1	-4.151395E0
7.788015E0	3.760539E1	-3.846223E0
7.805595E0	3.777817E1	-3.325058E0
7.823175E0	3.792176E1	-2.804976E0
7.840756E0	3.799126E1	-2.500280E0
7.858336E0	3.806077E1	-2.176994E0
7.875916E0	3.805849E1	-1.781119E0
7.893496E0	3.804645E1	-1.368913E0
7.911076E0	3.799229E1	-9.434403E-1
7.928657E0	3.790587E1	-5.404062E-1
7.946237E0	3.778339E1	-4.670881E-2
7.963817E0	3.758138E1	5.660717E-1
7.981397E0	3.738162E1	9.292080E-1
7.998977E0	3.727160E1	1.091765E0
8.016557E0	3.717102E1	1.240549E0
8.034138E0	3.709712E1	1.358018E0
8.051718E0	3.703803E1	1.455847E0
8.069298E0	3.697975E1	1.546133E0
8.086878E0	3.688510E1	1.649077E0
8.104458E0	3.678168E1	1.707112E0
8.122038E0	3.646617E1	1.795890E0
8.139619E0	3.616439E1	1.663082E0
8.157199E0	3.604359E1	1.544364E0
8.174779E0	3.580243E1	1.251939E0
8.192359E0	3.566095E1	1.129704E0
8.209939E0	3.553164E1	9.650219E-1
8.227519E0	3.547497E1	7.591551E-1
8.245100E0	3.546928E1	4.935722E-1
8.262680E0	3.642822E1	-2.073331E0
8.280260E0	3.663150E1	-2.475614E0
8.297840E0	3.683138E1	-2.886410E0
8.315420E0	3.703327E1	-3.290418E0
8.333000E0	3.720654E1	-3.709693E0
8.350581E0	3.735473E1	-4.106581E0
8.368161E0	3.750256E1	-4.470512E0
8.385741E0	3.763460E1	-4.822932E0
8.403321E0	3.782502E1	-5.442522E0
8.420901E0	3.789578E1	-5.699403E0
8.438481E0	3.792393E1	-5.934633E0
8.456062E0	3.794380E1	-6.152020E0
8.473642E0	3.796059E1	-6.360813E0
8.491222E0	3.795973E1	-6.626748E0
8.508802E0	3.795075E1	-6.937164E0
8.526382E0	3.792323E1	-7.283606E0
8.543962E0	3.785406E1	-7.691366E0
8.561543E0	3.776409E1	-8.086065E0
8.579123E0	3.766839E1	-8.475017E0
8.596703E0	3.749835E1	-8.873015E0
8.614283E0	3.734507E1	-9.228529E0
8.631863E0	3.718182E1	-9.533370E0
8.649443E0	3.700379E1	-9.786923E0
8.667024E0	3.683386E1	-1.001819E1
8.684604E0	3.662975E1	-1.024928E1
8.702184E0	3.644350E1	-1.046533E1
8.719764E0	3.626874E1	-1.065203E1
8.737344E0	3.612065E1	-1.079025E1
8.754924E0	3.595468E1	-1.095019E1
8.772505E0	3.578980E1	-1.109475E1
8.790085E0	3.563720E1	-1.120995E1
8.807665E0	3.550830E1	-1.130855E1
8.825245E0	3.537850E1	-1.139709E1
8.842825E0	3.524958E1	-1.145421E1
8.860405E0	3.512796E1	-1.146361E1
8.877986E0	3.502347E1	-1.144985E1
8.895566E0	3.488027E1	-1.140657E1
8.913146E0	3.477001E1	-1.135293E1
8.930726E0	3.466545E1	-1.125514E1
8.948306E0	3.456594E1	-1.115061E1
8.965887E0	3.449553E1	-1.100018E1
8.983467E0	3.446786E1	-1.080487E1
9.001047E0	3.450405E1	-1.059324E1
9.018627E0	3.460956E1	-1.033433E1
9.036207E0	3.476706E1	-1.003888E1
9.053787E0	3.494468E1	-9.719123E0
9.071368E0	3.513510E1	-9.404473E0
9.088948E0	3.532971E1	-9.061679E0
9.106528E0	3.552484E1	-8.701850E0
9.124108E0	3.572390E1	-8.350853E0
9.141688E0	3.609046E1	-7.667760E0
9.159268E0	3.629877E1	-7.335957E0
9.176849E0	3.654040E1	-6.992245E0
9.194429E0	3.677021E1	-6.633903E0
9.212009E0	3.697327E1	-6.310332E0
9.229589E0	3.718212E1	-5.970755E0
9.247169E0	3.755656E1	-5.286212E0
9.264749E0	3.769241E1	-4.946102E0
9.282330E0	3.781503E1	-4.622117E0
9.299910E0	3.791484E1	-4.312527E0
9.317490E0	3.798572E1	-4.011326E0
9.335070E0	3.805149E1	-3.702413E0
9.352650E0	3.809808E1	-3.352353E0
9.370230E0	3.812149E1	-2.995915E0
9.387811E0	3.812079E1	-2.604052E0
9.405391E0	3.807285E1	-2.158458E0
9.422971E0	3.800835E1	-1.747796E0
9.440551E0	3.789204E1	-1.269230E0
9.458131E0	3.772637E1	-7.985478E-1
9.475711E0	3.750559E1	-2.947404E-1
9.493292E0	3.730464E1	2.536372E-2
9.510872E0	3.710034E1	2.889675E-1
9.528452E0	3.688893E1	5.241346E-1
9.546032E0	3.672966E1	7.046815E-1
9.563612E0	3.657318E1	8.876730E-1
9.581192E0	3.646460E1	9.954805E-1
9.598773E0	3.634755E1	1.082508E0
9.616353E0	3.624514E1	1.129290E0
9.633933E0	3.613496E1	1.149662E0
9.651513E0	3.600060E1	1.159323E0
9.669093E0	3.584353E1	1.142555E0
9.686673E0	3.569172E1	1.103257E0
9.704254E0	3.553489E1	1.015531E0
9.721834E0	3.534092E1	8.744356E-1
9.739414E0	3.522812E1	7.169590E-1
9.756994E0	3.509274E1	5.409018E-1
9.774574E0	3.496559E1	3.764085E-1
9.792154E0	3.480663E1	2.034635E-1
9.809735E0	3.468335E1	2.707313E-2
9.827315E0	3.459203E1	-1.740042E-1
9.844895E0	3.455665E1	-4.406369E-1
9.862475E0	3.456507E1	-7.628601E-1
9.880055E0	3.461696E1	-1.088765E0
9.897636E0	3.468531E1	-1.462044E0
9.915216E0	3.478829E1	-1.851825E0
9.932796E0	3.492163E1	-2.265950E0
9.950376E0	3.504639E1	-2.679645E0
9.967956E0	3.523052E1	-3.163068E0
9.985536E0	3.574454E1	-4.124359E0
1.000312E1	3.588194E1	-4.627654E0
1.002070E1	3.598989E1	-5.104752E0
1.003828E1	3.611513E1	-5.610632E0
1.005586E1	3.620430E1	-6.067396E0
1.007344E1	3.629855E1	-6.574902E0
1.009102E1	3.636735E1	-7.482111E0
1.010860E1	3.636394E1	-7.893642E0
1.012618E1	3.634909E1	-8.272083E0
1.014376E1	3.621118E1	-8.929533E0
1.016134E1	3.615475E1	-9.320297E0
1.017892E1	3.605055E1	-9.685611E0
1.019650E1	3.591689E1	-1.008935E1
1.021408E1	3.570527E1	-1.056351E1
1.023166E1	3.546975E1	-1.099108E1
1.024924E1	3.518276E1	-1.139880E1
1.026682E1	3.487652E1	-1.179545E1
1.028440E1	3.459048E1	-1.210062E1
1.030198E1	3.428055E1	-1.236609E1
1.031956E1	3.367125E1	-1.276687E1
1.033714E1	3.334666E1	-1.292472E1
1.035472E1	3.268653E1	-1.317535E1
1.037230E1	3.241940E1	-1.324915E1
1.038988E1	3.215551E1	-1.332931E1
1.040746E1	3.187932E1	-1.340076E1
1.042504E1	3.162742E1	-1.345384E1
1.044262E1	3.139643E1	-1.347663E1
1.046020E1	3.122752E1	-1.351868E1
1.047778E1	3.104497E1	-1.351869E1
1.049536E1	3.075601E1	-1.341085E1
1.051294E1	3.059775E1	-1.332910E1
1.053052E1	3.042326E1	-1.321921E1
1.054810E1	3.031582E1	-1.306763E1
1.056568E1	3.007530E1	-1.270501E1
1.058326E1	3.003520E1	-1.244790E1
1.060084E1	3.008458E1	-1.217075E1
1.061842E1	3.017731E1	-1.184794E1
1.063600E1	3.032002E1	-1.148059E1
1.065358E1	3.052214E1	-1.111089E1
1.067116E1	3.074141E1	-1.075788E1
1.068874E1	3.098970E1	-1.036051E1
1.070632E1	3.123575E1	-1.000689E1
1.072390E1	3.147920E1	-9.640443E0
1.074148E1	3.169874E1	-9.270029E0
1.075906E1	3.189914E1	-8.898962E0
1.077664E1	3.211581E1	-8.559412E0
1.079422E1	3.233283E1	-8.210071E0
1.081180E1	3.254703E1	-7.856265E0
1.082938E1	3.275368E1	-7.493677E0
1.084696E1	3.295915E1	-7.139681E0
1.086454E1	3.315996E1	-6.785578E0
1.088213E1	3.334468E1	-6.423765E0
1.089971E1	3.351124E1	-6.081657E0
1.091729E1	3.367249E1	-5.732809E0
1.093487E1	3.382071E1	-5.406740E0
