	masse A		
t	x	y	
0.000000E0	-9.659042E-3	8.096064E-3
3.333333E-2	-1.242760E-2	5.290620E-3
6.666667E-2	-1.723782E-2	2.227370E-3
1.000000E-1	-2.687957E-2	-2.128158E-3
1.333333E-1	-3.153264E-2	2.324149E-3
1.666667E-1	-8.562537E-2	-1.353379E-3
2.000000E-1	-1.409640E-1	-9.239883E-4
2.333333E-1	-1.814021E-1	-5.632653E-3
2.666667E-1	-2.852297E-1	-5.260582E-3
3.000000E-1	-3.088043E-1	-9.003288E-3
3.333333E-1	-3.690374E-1	-1.530734E-2
3.666667E-1	-3.850507E-1	-8.259735E-3
4.000000E-1	-3.689054E-1	-1.686399E-3
4.333333E-1	-3.422235E-1	2.047274E-3
4.666667E-1	-3.345035E-1	5.560915E-3
5.000000E-1	-2.206016E-1	7.118710E-3
5.333333E-1	-1.152259E-1	1.416148E-2
5.666667E-1	-6.797447E-2	2.797649E-2
6.000000E-1	7.382719E-2	3.196597E-2
6.333333E-1	1.578432E-1	5.109248E-2
6.666667E-1	3.023487E-1	1.429705E-1
7.000000E-1	3.389169E-1	1.568318E-1
7.333333E-1	3.688960E-1	1.711403E-1
7.666667E-1	5.067642E-1	2.713722E-1
8.000000E-1	5.350789E-1	2.950420E-1
8.333333E-1	6.389127E-1	3.239731E-1
8.666667E-1	6.934535E-1	3.283045E-1
9.000000E-1	7.227285E-1	3.161262E-1
9.333333E-1	7.518268E-1	3.086590E-1
9.666667E-1	7.788789E-1	3.046462E-1
1.000000E0	8.181343E-1	2.835198E-1
1.033333E0	8.172815E-1	2.665630E-1
1.066667E0	8.045279E-1	2.544338E-1
1.100000E0	7.937545E-1	1.980261E-1
1.133333E0	7.829668E-1	1.873281E-1
1.166667E0	7.250603E-1	1.162682E-1
1.200000E0	6.507391E-1	8.063260E-2
1.233333E0	6.193255E-1	5.937707E-2
1.266667E0	5.289985E-1	1.153937E-2
1.300000E0	5.011304E-1	-9.139976E-3
1.333333E0	4.744565E-1	-6.412265E-2
1.366667E0	5.024803E-1	-8.476712E-2
1.400000E0	5.582868E-1	-1.093265E-1
1.433333E0	6.441988E-1	-1.345256E-1
1.466667E0	6.805150E-1	-1.479290E-1
1.500000E0	8.562685E-1	-1.504993E-1
1.533333E0	9.983276E-1	-1.462925E-1
1.566667E0	1.069520E0	-1.364775E-1
1.600000E0	1.282399E0	-1.240795E-1
1.633333E0	1.401903E0	-1.099861E-1
1.666667E0	1.610945E0	-6.188909E-2
1.700000E0	1.735536E0	-6.526312E-3
1.733333E0	1.743956E0	1.690627E-2
1.766667E0	2.194524E0	-1.892618E-1
1.800000E0	2.222187E0	-1.880018E-1
1.833333E0	2.341339E0	-1.530926E-1
1.866667E0	2.404158E0	-1.087977E-1
1.900000E0	2.431035E0	-1.143911E-1
1.933333E0	2.468374E0	-1.146094E-1
1.966667E0	2.492447E0	-1.221490E-1
2.000000E0	2.543231E0	-1.382691E-1
2.033333E0	2.567256E0	-1.581784E-1
2.066667E0	2.566599E0	-1.949379E-1
2.100000E0	2.559714E0	-2.282967E-1
2.133333E0	2.556832E0	-2.682011E-1
2.166667E0	2.515974E0	-3.358480E-1
2.200000E0	2.440119E0	-3.859106E-1
2.233333E0	2.425737E0	-4.310285E-1
2.266667E0	2.358772E0	-5.324531E-1
2.300000E0	2.338270E0	-5.730347E-1
2.333333E0	2.310725E0	-6.333948E-1
2.366667E0	2.338622E0	-6.622255E-1
2.400000E0	2.372552E0	-6.983977E-1
2.433333E0	2.461812E0	-7.200150E-1
2.466667E0	2.506236E0	-7.169485E-1
2.500000E0	2.643591E0	-7.035041E-1
2.533333E0	2.758176E0	-6.870970E-1
2.566667E0	2.842223E0	-6.667538E-1
2.600000E0	2.985154E0	-6.221191E-1
2.633333E0	3.050233E0	-5.886375E-1
2.666667E0	3.253622E0	-4.991086E-1
2.700000E0	3.389691E0	-4.451218E-1
2.733333E0	3.447348E0	-4.387232E-1
2.766667E0	3.553010E0	-3.748420E-1
2.800000E0	3.577347E0	-3.831848E-1
2.833333E0	3.745103E0	-3.000427E-1
2.866667E0	3.847773E0	-2.953467E-1
2.900000E0	3.881963E0	-2.695716E-1
2.933333E0	3.947691E0	-2.616755E-1
2.966667E0	3.962872E0	-2.557879E-1
3.000000E0	4.057788E0	-2.829541E-1
3.033333E0	4.117063E0	-3.041530E-1
3.066667E0	4.148497E0	-3.484093E-1
3.100000E0	4.167972E0	-3.905339E-1
3.133333E0	4.162201E0	-4.191014E-1
3.166667E0	4.155521E0	-5.212640E-1
3.200000E0	4.138333E0	-6.127256E-1
3.233333E0	3.980950E0	-4.750899E-1
3.266667E0	3.912879E0	-4.910875E-1
3.300000E0	3.901942E0	-5.599032E-1
3.333333E0	3.866125E0	-6.228004E-1
3.366667E0	3.870442E0	-6.442619E-1
3.400000E0	3.929425E0	-6.562184E-1
3.433333E0	4.011700E0	-6.866824E-1
3.466667E0	4.046181E0	-6.941254E-1
3.500000E0	4.231859E0	-6.887476E-1
3.533333E0	4.364897E0	-6.823899E-1
3.566667E0	4.420504E0	-6.764622E-1
3.600000E0	4.637133E0	-6.597172E-1
3.633333E0	4.757134E0	-6.018640E-1
3.666667E0	4.975383E0	-5.245031E-1
3.700000E0	5.117530E0	-4.788036E-1
3.733333E0	5.154202E0	-4.373395E-1
3.766667E0	5.290336E0	-3.832136E-1
3.800000E0	5.624461E0	-4.607985E-1
3.833333E0	5.783457E0	-4.137811E-1
3.866667E0	5.869123E0	-3.738806E-1
3.900000E0	5.904440E0	-3.663456E-1
3.933333E0	5.987177E0	-3.687442E-1
3.966667E0	6.024025E0	-3.672150E-1
4.000000E0	6.123777E0	-3.856529E-1
4.033333E0	6.184391E0	-4.001907E-1
4.066667E0	6.222898E0	-4.098027E-1
4.100000E0	6.281891E0	-4.566412E-1
4.133333E0	6.292589E0	-4.843240E-1
4.166667E0	6.298026E0	-5.495869E-1
4.200000E0	6.287531E0	-6.126057E-1
4.233333E0	6.292847E0	-6.565461E-1
4.266667E0	6.010329E0	-6.608781E-1
4.300000E0	5.998299E0	-6.866293E-1
4.333333E0	5.969439E0	-7.434952E-1
4.366667E0	5.986857E0	-7.855996E-1
4.400000E0	6.035826E0	-7.991568E-1
4.433333E0	6.136129E0	-8.153586E-1
4.466667E0	6.183440E0	-8.139867E-1
4.500000E0	6.359764E0	-8.026950E-1
4.533333E0	6.503827E0	-7.902409E-1
4.566667E0	6.546027E0	-7.833288E-1
4.600000E0	6.763128E0	-7.474832E-1
4.633333E0	6.878413E0	-6.958278E-1
4.666667E0	7.095994E0	-5.866518E-1
4.700000E0	7.230799E0	-5.219910E-1
4.733333E0	7.248614E0	-4.917725E-1
4.766667E0	7.539509E0	-4.322157E-1
4.800000E0	7.561792E0	-4.213938E-1
4.833333E0	7.711777E0	-3.588484E-1
4.866667E0	7.806357E0	-3.217388E-1
4.900000E0	7.864337E0	-2.857615E-1
4.933333E0	7.964416E0	-2.825542E-1
4.966667E0	7.988389E0	-2.845892E-1
5.000000E0	8.104529E0	-2.834058E-1
5.033333E0	8.185588E0	-2.957253E-1
5.066667E0	8.231534E0	-3.071586E-1
5.100000E0	8.286532E0	-3.194969E-1
5.133333E0	8.306051E0	-3.521747E-1
5.166667E0	8.343515E0	-4.283359E-1
5.200000E0	8.317114E0	-4.641379E-1
5.233333E0	8.315013E0	-4.761067E-1
5.266667E0	8.273917E0	-5.262935E-1
5.300000E0	8.270381E0	-5.557791E-1
5.333333E0	8.262520E0	-6.267976E-1
5.366667E0	8.268430E0	-6.524226E-1
5.400000E0	8.330981E0	-6.596099E-1
5.433333E0	8.442174E0	-6.591147E-1
5.466667E0	8.497152E0	-6.565582E-1
5.500000E0	8.690285E0	-6.455594E-1
5.533333E0	8.846719E0	-6.339904E-1
5.566667E0	8.908741E0	-6.323174E-1
5.600000E0	9.143245E0	-6.266067E-1
5.633333E0	9.272736E0	-5.820370E-1
5.666667E0	9.425951E0	-5.224187E-1
5.700000E0	9.664542E0	-4.381675E-1
5.733333E0	9.709123E0	-4.193772E-1
5.766667E0	9.842177E0	-4.101466E-1
5.800000E0	9.982493E0	-3.233196E-1
5.833333E0	1.011681E1	-2.698878E-1
5.866667E0	1.027022E1	-2.256492E-1
5.900000E0	1.029362E1	-2.112645E-1
5.933333E0	1.039402E1	-2.004545E-1
5.966667E0	1.046182E1	-1.994403E-1
6.000000E0	1.057171E1	-2.042301E-1
6.033333E0	1.071487E1	-2.263015E-1
6.066667E0	1.074091E1	-2.301525E-1
6.100000E0	1.080891E1	-2.370094E-1
6.133333E0	1.084533E1	-2.737792E-1
6.166667E0	1.087515E1	-3.076545E-1
6.200000E0	1.089302E1	-3.799472E-1
6.233333E0	1.090639E1	-3.825354E-1
6.266667E0	1.091598E1	-4.103945E-1
6.300000E0	1.090724E1	-4.547189E-1
6.333333E0	1.091589E1	-4.863819E-1
6.366667E0	1.098160E1	-5.562891E-1
6.400000E0	1.101383E1	-5.656502E-1
6.433333E0	1.114622E1	-5.754615E-1
6.466667E0	1.122316E1	-5.805044E-1
6.500000E0	1.135308E1	-5.800182E-1
6.533333E0	1.158791E1	-5.671981E-1
6.566667E0	1.164215E1	-5.701095E-1
6.600000E0	1.182711E1	-5.689799E-1
6.633333E0	1.201925E1	-5.234858E-1
6.666667E0	1.216496E1	-4.587407E-1
6.700000E0	1.240723E1	-3.986268E-1
6.733333E0	1.245681E1	-4.012410E-1
6.766667E0	1.257838E1	-3.063787E-1
6.800000E0	1.272810E1	-2.656734E-1
6.833333E0	1.285930E1	-2.538694E-1
6.866667E0	1.300483E1	-2.193275E-1
6.900000E0	1.303251E1	-2.140422E-1
6.933333E0	1.313385E1	-2.021798E-1
6.966667E0	1.321824E1	-1.948772E-1
7.000000E0	1.332123E1	-2.001114E-1
7.033333E0	1.347171E1	-2.241536E-1
7.066667E0	1.351061E1	-2.274899E-1
7.100000E0	1.360483E1	-2.276747E-1
7.133333E0	1.364986E1	-2.481887E-1
7.166667E0	1.370294E1	-2.865991E-1
7.200000E0	1.374470E1	-3.192368E-1
7.233333E0	1.374090E1	-3.148079E-1
7.266667E0	1.374836E1	-3.516717E-1
7.300000E0	1.374148E1	-3.777059E-1
7.333333E0	1.374584E1	-4.165761E-1
7.366667E0	1.380780E1	-4.701416E-1
7.400000E0	1.384380E1	-5.001607E-1
7.433333E0	1.401617E1	-5.067408E-1
7.466667E0	1.408919E1	-5.156853E-1
7.500000E0	1.423753E1	-5.099312E-1
7.533333E0	1.447390E1	-4.950089E-1
7.566667E0	1.454036E1	-5.009129E-1
7.600000E0	1.470019E1	-5.001845E-1
7.633333E0	1.492302E1	-4.623924E-1
7.666667E0	1.511857E1	-4.185087E-1
7.700000E0	1.535890E1	-3.701099E-1
7.733333E0	1.539374E1	-3.586377E-1
7.766667E0	1.554849E1	-3.456180E-1
7.800000E0	1.572592E1	-2.833597E-1
7.833333E0	1.587048E1	-2.599349E-1
7.866667E0	1.602545E1	-2.177311E-1
7.900000E0	1.604707E1	-2.144195E-1
7.933333E0	1.615188E1	-2.106868E-1
7.966667E0	1.625987E1	-2.012684E-1
8.000000E0	1.636073E1	-2.073687E-1
8.033333E0	1.650930E1	-2.224927E-1
8.066667E0	1.656481E1	-2.236997E-1
8.100000E0	1.665656E1	-2.296645E-1
8.133333E0	1.671533E1	-2.367748E-1
8.166667E0	1.675877E1	-2.742773E-1
8.200000E0	1.679697E1	-3.192288E-1
8.233333E0	1.681987E1	-3.185516E-1
8.266667E0	1.683716E1	-3.444679E-1
8.300000E0	1.683843E1	-3.816257E-1
8.333333E0	1.685012E1	-4.108676E-1
8.366667E0	1.693993E1	-4.585796E-1
8.400000E0	1.700797E1	-4.535324E-1
8.433333E0	1.714399E1	-4.433903E-1
8.466667E0	1.725426E1	-4.465728E-1
8.500000E0	1.740476E1	-4.376643E-1
8.533333E0	1.764430E1	-4.215860E-1
8.566667E0	1.770192E1	-4.231174E-1
8.600000E0	1.786676E1	-4.252325E-1
8.633333E0	1.806585E1	-3.875706E-1
8.666667E0	1.819953E1	-3.375752E-1
8.700000E0	1.844266E1	-2.877104E-1
8.733333E0	1.847100E1	-2.857315E-1
8.766667E0	1.862856E1	-2.772044E-1
8.800000E0	1.876534E1	-2.171653E-1
8.833333E0	1.889472E1	-1.965395E-1
8.866667E0	1.904420E1	-1.635242E-1
8.900000E0	1.907858E1	-1.519961E-1
8.933333E0	1.919538E1	-1.399403E-1
8.966667E0	1.929043E1	-1.331786E-1
9.000000E0	1.939357E1	-1.366000E-1
9.033333E0	1.956883E1	-1.503904E-1
9.066667E0	1.961673E1	-1.522033E-1
9.100000E0	1.972983E1	-1.543071E-1
9.133333E0	1.977674E1	-1.721036E-1
9.166667E0	1.982419E1	-1.933747E-1
9.200000E0	1.988059E1	-2.406183E-1
9.233333E0	1.988374E1	-2.510424E-1
9.266667E0	1.991121E1	-2.856490E-1
9.300000E0	1.993087E1	-3.215725E-1
9.333333E0	1.996380E1	-3.573344E-1
9.366667E0	2.007616E1	-4.091535E-1
9.400000E0	2.013603E1	-4.277648E-1
9.433333E0	2.030893E1	-4.327265E-1
9.466667E0	2.039946E1	-4.340934E-1
9.500000E0	2.056356E1	-4.299520E-1
9.533333E0	2.080468E1	-4.181815E-1
9.566667E0	2.085089E1	-4.198208E-1
9.600000E0	2.103002E1	-4.229463E-1
9.633333E0	2.120285E1	-3.720025E-1
9.666667E0	2.135037E1	-3.389411E-1
9.700000E0	2.160118E1	-2.934581E-1
9.733333E0	2.164526E1	-2.850714E-1
9.766667E0	2.179801E1	-2.772578E-1
9.800000E0	2.191537E1	-2.182294E-1
9.833333E0	2.205376E1	-1.979332E-1
9.866667E0	2.220498E1	-1.619084E-1
9.900000E0	2.223928E1	-1.478059E-1
9.933333E0	2.235566E1	-1.408273E-1
9.966667E0	2.244071E1	-1.320786E-1
1.000000E1	2.254422E1	-1.334627E-1
1.003333E1	2.269693E1	-1.495106E-1
1.006667E1	2.273766E1	-1.520039E-1
1.010000E1	2.284139E1	-1.550361E-1
1.013333E1	2.289454E1	-1.761394E-1
1.016667E1	2.294239E1	-1.922313E-1
1.020000E1	2.297519E1	-2.378586E-1
1.023333E1	2.297478E1	-2.480897E-1
1.026667E1	2.300848E1	-2.911565E-1
1.030000E1	2.302986E1	-3.245305E-1
1.033333E1	2.305334E1	-3.757354E-1
1.036667E1	2.315299E1	-4.278822E-1
1.040000E1	2.322215E1	-4.319488E-1
1.043333E1	2.339391E1	-4.349627E-1
1.046667E1	2.349027E1	-4.421604E-1
1.050000E1	2.361480E1	-4.331692E-1
1.053333E1	2.383589E1	-4.231231E-1
1.056667E1	2.389612E1	-4.201196E-1
1.060000E1	2.405188E1	-4.239056E-1
1.063333E1	2.421512E1	-3.860002E-1
1.066667E1	2.439287E1	-3.331248E-1
1.070000E1	2.461701E1	-2.928839E-1
1.073333E1	2.465681E1	-2.763803E-1
1.076667E1	2.479488E1	-2.704728E-1
1.080000E1	2.491011E1	-2.310298E-1
1.083333E1	2.501377E1	-2.019911E-1
1.086667E1	2.515096E1	-1.632432E-1
1.090000E1	2.519737E1	-1.494553E-1
1.093333E1	2.531277E1	-1.389929E-1
1.096667E1	2.538134E1	-1.298111E-1
1.100000E1	2.549837E1	-1.348542E-1
1.103333E1	2.563661E1	-1.512765E-1
1.106667E1	2.568447E1	-1.530100E-1
1.110000E1	2.579188E1	-1.567320E-1
1.113333E1	2.584668E1	-1.796643E-1
1.116667E1	2.590195E1	-1.994239E-1
1.120000E1	2.594610E1	-2.534160E-1
1.123333E1	2.596549E1	-2.807489E-1
1.126667E1	2.599370E1	-3.081587E-1
1.130000E1	2.600350E1	-3.464843E-1
1.133333E1	2.602896E1	-4.001481E-1
1.136667E1	2.613182E1	-4.470363E-1
1.140000E1	2.618343E1	-4.471721E-1
1.143333E1	2.635499E1	-4.393134E-1
1.146667E1	2.643924E1	-4.423392E-1
1.150000E1	2.655943E1	-4.293282E-1
1.153333E1	2.677086E1	-4.166685E-1
1.156667E1	2.684520E1	-4.216784E-1
1.160000E1	2.698994E1	-4.285724E-1
1.163333E1	2.712280E1	-3.978013E-1
1.166667E1	2.727856E1	-3.743126E-1
1.170000E1	2.748579E1	-3.102036E-1
1.173333E1	2.753957E1	-2.824057E-1
1.176667E1	2.766483E1	-2.761098E-1
1.180000E1	2.775546E1	-2.331084E-1
1.183333E1	2.785791E1	-1.959115E-1
1.186667E1	2.797794E1	-1.654163E-1
1.190000E1	2.801329E1	-1.493235E-1
1.193333E1	2.811794E1	-1.413978E-1
1.196667E1	2.819062E1	-1.295538E-1
1.200000E1	2.830829E1	-1.325550E-1
1.203333E1	2.845128E1	-1.507287E-1
1.206667E1	2.849407E1	-1.525424E-1
1.210000E1	2.860183E1	-1.562420E-1
1.213333E1	2.865580E1	-1.753099E-1
1.216667E1	2.871851E1	-1.988787E-1
1.220000E1	2.877915E1	-2.580062E-1
1.223333E1	2.878512E1	-2.822215E-1
1.226667E1	2.880273E1	-3.207587E-1
1.230000E1	2.881105E1	-3.456204E-1
1.233333E1	2.884246E1	-4.029761E-1
1.236667E1	2.891267E1	-4.410314E-1
1.240000E1	2.900307E1	-4.445566E-1
1.243333E1	2.917285E1	-4.402515E-1
1.246667E1	2.925989E1	-4.458314E-1
1.250000E1	2.941294E1	-4.317341E-1
1.253333E1	2.962613E1	-4.210348E-1
1.256667E1	2.968096E1	-4.281229E-1
1.260000E1	2.983995E1	-4.286452E-1
1.263333E1	3.001213E1	-3.905034E-1
1.266667E1	3.015555E1	-3.198154E-1
1.270000E1	3.033693E1	-2.655894E-1
1.273333E1	3.038458E1	-2.723406E-1
1.276667E1	3.049206E1	-2.675814E-1
1.280000E1	3.059415E1	-2.167573E-1
1.283333E1	3.066740E1	-1.842242E-1
1.286667E1	3.077720E1	-1.566247E-1
1.290000E1	3.081383E1	-1.501781E-1
1.293333E1	3.092508E1	-1.401186E-1
1.296667E1	3.098901E1	-1.346650E-1
1.300000E1	3.109995E1	-1.348160E-1
1.303333E1	3.124740E1	-1.496836E-1
1.306667E1	3.129117E1	-1.547139E-1
1.310000E1	3.140241E1	-1.605084E-1
1.313333E1	3.145740E1	-1.813152E-1
1.316667E1	3.150567E1	-2.287235E-1
1.320000E1	3.157108E1	-2.678144E-1
1.323333E1	3.158482E1	-2.887432E-1
1.326667E1	3.160177E1	-3.318402E-1
1.330000E1	3.159978E1	-3.697513E-1
1.333333E1	3.162231E1	-4.076447E-1
1.336667E1	3.170003E1	-4.482898E-1
1.340000E1	3.176140E1	-4.494347E-1
1.343333E1	3.189145E1	-4.392734E-1
1.346667E1	3.198706E1	-4.450506E-1
1.350000E1	3.208984E1	-4.292611E-1
1.353333E1	3.229251E1	-4.224668E-1
1.356667E1	3.236046E1	-4.235821E-1
1.360000E1	3.253214E1	-4.287705E-1
1.363333E1	3.267712E1	-3.762448E-1
1.366667E1	3.274255E1	-3.514333E-1
1.370000E1	3.295891E1	-2.813979E-1
1.373333E1	3.300176E1	-2.752343E-1
1.376667E1	3.310337E1	-2.681045E-1
1.380000E1	3.317694E1	-2.212352E-1
1.383333E1	3.325149E1	-1.897018E-1
1.386667E1	3.334200E1	-1.568643E-1
1.390000E1	3.336663E1	-1.495588E-1
1.393333E1	3.347031E1	-1.410065E-1
1.396667E1	3.352761E1	-1.300988E-1
1.400000E1	3.363171E1	-1.297983E-1
1.403333E1	3.372690E1	-1.431592E-1
1.406667E1	3.380003E1	-1.525021E-1
1.410000E1	3.391811E1	-1.569187E-1
1.413333E1	3.394793E1	-1.682032E-1
1.416667E1	3.404002E1	-2.096872E-1
1.420000E1	3.407474E1	-2.366593E-1
1.423333E1	3.406865E1	-2.478840E-1
1.426667E1	3.408425E1	-2.840444E-1
1.430000E1	3.409844E1	-3.034382E-1
1.433333E1	3.411918E1	-3.561958E-1
1.436667E1	3.417000E1	-3.888845E-1
1.440000E1	3.422933E1	-3.950872E-1
1.443333E1	3.436060E1	-3.824313E-1
1.446667E1	3.440293E1	-3.886829E-1
1.450000E1	3.456574E1	-3.718729E-1
1.453333E1	3.468209E1	-3.634079E-1
1.456667E1	3.477392E1	-3.615511E-1
1.460000E1	3.494852E1	-3.526328E-1
1.463333E1	3.502962E1	-3.380389E-1
1.466667E1	3.520103E1	-2.861505E-1
1.470000E1	3.530386E1	-2.524251E-1
1.473333E1	3.535720E1	-2.463949E-1
1.476667E1	3.545132E1	-1.988161E-1
1.480000E1	3.548086E1	-1.837294E-1
1.483333E1	3.558225E1	-1.453101E-1
1.486667E1	3.561209E1	-1.220582E-1
1.490000E1	3.563973E1	-1.236206E-1
1.493333E1	3.570611E1	-1.239387E-1
1.496667E1	3.574105E1	-1.147374E-1
1.500000E1	3.588259E1	-1.202396E-1
1.503333E1	3.597850E1	-1.284048E-1
1.506667E1	3.603692E1	-1.426038E-1
1.510000E1	3.614897E1	-1.517523E-1
1.513333E1	3.617732E1	-1.638564E-1
1.516667E1	3.626188E1	-1.860910E-1
1.520000E1	3.629278E1	-2.246396E-1
1.523333E1	3.628873E1	-2.370066E-1
1.526667E1	3.628947E1	-2.648445E-1
1.530000E1	3.627920E1	-2.924108E-1
1.533333E1	3.628127E1	-3.545645E-1
1.536667E1	3.630539E1	-3.774739E-1
1.540000E1	3.634848E1	-3.833325E-1
1.543333E1	3.644795E1	-3.749765E-1
1.546667E1	3.649018E1	-3.778274E-1
1.550000E1	3.664531E1	-3.661260E-1
1.553333E1	3.676154E1	-3.567231E-1
1.556667E1	3.680883E1	-3.625524E-1
1.560000E1	3.698464E1	-3.524299E-1
1.563333E1	3.708298E1	-3.343535E-1
1.566667E1	3.722431E1	-2.890962E-1
1.570000E1	3.731083E1	-2.616979E-1
1.573333E1	3.734100E1	-2.425114E-1
1.576667E1	3.742540E1	-2.066519E-1
1.580000E1	3.745056E1	-1.934105E-1
1.583333E1	3.751936E1	-1.569606E-1
1.586667E1	3.755541E1	-1.258632E-1
1.590000E1	3.758261E1	-1.238740E-1
1.593333E1	3.764337E1	-1.225079E-1
1.596667E1	3.768974E1	-1.220165E-1
1.600000E1	3.782792E1	-1.340000E-1
1.603333E1	3.792507E1	-1.445461E-1
1.606667E1	3.798823E1	-1.499084E-1
1.610000E1	3.810003E1	-1.576121E-1
1.613333E1	3.812845E1	-1.712875E-1
1.616667E1	3.821435E1	-2.058775E-1
1.620000E1	3.824017E1	-2.341842E-1
1.623333E1	3.824856E1	-2.532665E-1
1.626667E1	3.823341E1	-2.972265E-1
1.630000E1	3.822612E1	-3.118346E-1
1.633333E1	3.822794E1	-3.726867E-1
1.636667E1	3.824789E1	-4.024257E-1
1.640000E1	3.829097E1	-4.239362E-1
1.643333E1	3.838255E1	-4.335920E-1
1.646667E1	3.842432E1	-4.343172E-1
1.650000E1	3.857674E1	-4.288552E-1
1.653333E1	3.867304E1	-4.223066E-1
1.656667E1	3.873404E1	-4.296042E-1
1.660000E1	3.888550E1	-4.217970E-1
1.663333E1	3.894235E1	-4.056341E-1
1.666667E1	3.907279E1	-3.534633E-1
1.670000E1	3.914499E1	-3.125895E-1
1.673333E1	3.917708E1	-2.891371E-1
1.676667E1	3.923616E1	-2.541100E-1
1.680000E1	3.925475E1	-2.376063E-1
1.683333E1	3.929838E1	-1.801399E-1
1.686667E1	3.933496E1	-1.431607E-1
1.690000E1	3.936281E1	-1.324555E-1
1.693333E1	3.941701E1	-1.269076E-1
1.696667E1	3.945434E1	-1.234129E-1
1.700000E1	3.957060E1	-1.243625E-1
1.703333E1	3.965969E1	-1.381948E-1
1.706667E1	3.972320E1	-1.474555E-1
1.710000E1	3.981507E1	-1.562705E-1
1.713333E1	3.984552E1	-1.687722E-1
1.716667E1	3.993418E1	-2.130445E-1
1.720000E1	3.995852E1	-2.470021E-1
1.723333E1	3.996818E1	-2.552823E-1
1.726667E1	3.995386E1	-3.031058E-1
1.730000E1	3.995058E1	-3.204634E-1
1.733333E1	3.994892E1	-3.796381E-1
1.736667E1	3.997479E1	-4.086436E-1
1.740000E1	4.002018E1	-4.289428E-1
1.743333E1	4.010671E1	-4.369283E-1
1.746667E1	4.014710E1	-4.387037E-1
1.750000E1	4.029818E1	-4.343480E-1
1.753333E1	4.040056E1	-4.284411E-1
1.756667E1	4.046374E1	-4.314872E-1
1.760000E1	4.061212E1	-4.220786E-1
1.763333E1	4.067033E1	-4.047484E-1
1.766667E1	4.079865E1	-3.528574E-1
1.770000E1	4.087492E1	-3.169956E-1
1.773333E1	4.091333E1	-2.916508E-1
1.776667E1	4.095585E1	-2.588111E-1
1.780000E1	4.097215E1	-2.523603E-1
1.783333E1	4.102205E1	-2.174320E-1
1.786667E1	4.104858E1	-1.847836E-1
1.790000E1	4.105711E1	-1.892940E-1
1.793333E1	4.109497E1	-1.899594E-1
1.796667E1	4.113822E1	-1.884607E-1
1.800000E1	4.126379E1	-1.932692E-1
1.803333E1	4.133901E1	-2.104722E-1
1.806667E1	4.139748E1	-2.216024E-1
1.810000E1	4.149828E1	-2.379171E-1
1.813333E1	4.154922E1	-2.463132E-1
1.816667E1	4.163241E1	-2.926639E-1
1.820000E1	4.165096E1	-3.293534E-1
1.823333E1	4.166583E1	-3.601802E-1
1.826667E1	4.167594E1	-3.974707E-1
1.830000E1	4.167707E1	-4.334178E-1
1.833333E1	4.168130E1	-5.049176E-1
1.836667E1	4.170355E1	-5.298490E-1
1.840000E1	4.174902E1	-5.313713E-1
1.843333E1	4.184010E1	-5.217722E-1
1.846667E1	4.188126E1	-5.325220E-1
1.850000E1	4.202982E1	-5.148776E-1
1.853333E1	4.212778E1	-5.017705E-1
1.856667E1	4.221025E1	-5.005802E-1
1.860000E1	4.234097E1	-4.929556E-1
1.863333E1	4.239570E1	-4.786057E-1
1.866667E1	4.251293E1	-4.288892E-1
1.870000E1	4.258531E1	-3.822813E-1
1.873333E1	4.262020E1	-3.604300E-1
1.876667E1	4.266905E1	-3.251539E-1
1.880000E1	4.269141E1	-3.068040E-1
1.883333E1	4.273914E1	-2.588744E-1
1.886667E1	4.276752E1	-2.366633E-1
1.890000E1	4.278681E1	-2.258097E-1
1.893333E1	4.282898E1	-2.145029E-1
1.896667E1	4.285464E1	-2.058770E-1
1.900000E1	4.295991E1	-2.155691E-1
1.903333E1	4.305120E1	-2.272949E-1
1.906667E1	4.311046E1	-2.300935E-1
1.910000E1	4.320812E1	-2.359756E-1
1.913333E1	4.324698E1	-2.587025E-1
1.916667E1	4.332885E1	-3.421704E-1
1.920000E1	4.334938E1	-3.679423E-1
1.923333E1	4.334117E1	-3.828994E-1
1.926667E1	4.334188E1	-4.174575E-1
1.930000E1	4.332701E1	-4.465374E-1
1.933333E1	4.331828E1	-5.035317E-1
1.936667E1	4.333747E1	-5.291738E-1
1.940000E1	4.336340E1	-5.236185E-1
1.943333E1	4.342109E1	-5.225603E-1
1.946667E1	4.345034E1	-5.285672E-1
1.950000E1	4.356736E1	-5.071830E-1
1.953333E1	4.363235E1	-4.935869E-1
1.956667E1	4.368988E1	-4.877675E-1
1.960000E1	4.379872E1	-4.756526E-1
1.963333E1	4.384236E1	-4.710725E-1
1.966667E1	4.389381E1	-4.457214E-1
1.970000E1	4.396105E1	-3.674046E-1
1.973333E1	4.397421E1	-3.458430E-1
1.976667E1	4.398578E1	-2.827670E-1
1.980000E1	4.398555E1	-2.663619E-1
1.983333E1	4.398029E1	-2.194408E-1
1.986667E1	4.397291E1	-1.977189E-1
1.990000E1	4.397665E1	-1.910116E-1
1.993333E1	4.398362E1	-1.642247E-1
1.996667E1	4.399317E1	-1.364774E-1
2.000000E1	4.407795E1	-1.228860E-1
2.003333E1	4.410012E1	-1.426133E-1
2.006667E1	4.415859E1	-1.416497E-1
2.010000E1	4.425401E1	-1.603480E-1
2.013333E1	4.428211E1	-1.612209E-1
2.016667E1	4.432625E1	-1.979140E-1
2.020000E1	4.435047E1	-2.308924E-1
2.023333E1	4.433743E1	-2.395132E-1
2.026667E1	4.433081E1	-2.601113E-1
2.030000E1	4.431907E1	-2.999416E-1
2.033333E1	4.431536E1	-3.622823E-1
2.036667E1	4.433470E1	-3.829401E-1
2.040000E1	4.436746E1	-3.840045E-1
2.043333E1	4.443786E1	-3.817811E-1
2.046667E1	4.445737E1	-3.807632E-1
2.050000E1	4.457681E1	-3.713470E-1
2.053333E1	4.463453E1	-3.590459E-1
2.056667E1	4.470337E1	-3.518203E-1
2.060000E1	4.478462E1	-3.470035E-1
2.063333E1	4.480358E1	-3.396119E-1
2.066667E1	4.490861E1	-2.792613E-1
2.070000E1	4.493588E1	-2.395065E-1
2.073333E1	4.493568E1	-2.195624E-1
2.076667E1	4.493760E1	-1.924810E-1
2.080000E1	4.492967E1	-1.842535E-1
2.083333E1	4.492304E1	-1.454021E-1
2.086667E1	4.491668E1	-1.073527E-1
2.090000E1	4.492499E1	-8.446867E-2
2.093333E1	4.494914E1	-6.524698E-2
2.096667E1	4.495899E1	-6.939726E-2
2.100000E1	4.506777E1	-7.359511E-2
2.103333E1	4.514743E1	-8.123719E-2
2.106667E1	4.520791E1	-9.320417E-2
2.110000E1	4.529934E1	-1.035679E-1
2.113333E1	4.533486E1	-1.267876E-1
2.116667E1	4.542808E1	-1.905070E-1
2.120000E1	4.545118E1	-2.175039E-1
2.123333E1	4.544087E1	-2.338689E-1
2.126667E1	4.543837E1	-2.539203E-1
2.130000E1	4.542803E1	-2.670848E-1
2.133333E1	4.542089E1	-3.536609E-1
2.136667E1	4.543200E1	-3.834192E-1
2.140000E1	4.545216E1	-3.830683E-1
2.143333E1	4.552439E1	-3.832704E-1
2.146667E1	4.554700E1	-3.831485E-1
2.150000E1	4.565783E1	-3.713499E-1
2.153333E1	4.571846E1	-3.602101E-1
2.156667E1	4.576560E1	-3.571867E-1
2.160000E1	4.586303E1	-3.547092E-1
2.163333E1	4.589097E1	-3.472822E-1
2.166667E1	4.597938E1	-3.095070E-1
2.170000E1	4.600577E1	-2.474509E-1
2.173333E1	4.600077E1	-2.187688E-1
2.176667E1	4.599430E1	-1.843125E-1
2.180000E1	4.599453E1	-1.745511E-1
2.183333E1	4.599606E1	-1.142756E-1
2.186667E1	4.598845E1	-9.618511E-2
2.190000E1	4.599697E1	-8.451786E-2
2.193333E1	4.601198E1	-6.991481E-2
2.196667E1	4.602492E1	-6.275354E-2
2.200000E1	4.611953E1	-6.838068E-2
2.203333E1	4.619256E1	-8.160077E-2
2.206667E1	4.626695E1	-9.487216E-2
2.210000E1	4.637411E1	-1.040481E-1
2.213333E1	4.640867E1	-1.186445E-1
2.216667E1	4.649711E1	-2.010193E-1
2.220000E1	4.652678E1	-2.243019E-1
2.223333E1	4.652375E1	-2.364260E-1
2.226667E1	4.652258E1	-2.545970E-1
2.230000E1	4.651651E1	-2.640383E-1
2.233333E1	4.651167E1	-3.500300E-1
2.236667E1	4.651437E1	-3.791943E-1
2.240000E1	4.651969E1	-3.766342E-1
2.243333E1	4.658063E1	-3.773189E-1
2.246667E1	4.662510E1	-3.816568E-1
2.250000E1	4.668301E1	-3.749531E-1
2.253333E1	4.678201E1	-3.607308E-1
2.256667E1	4.681371E1	-3.584544E-1
2.260000E1	4.688777E1	-3.555429E-1
2.263333E1	4.692093E1	-3.497065E-1
2.266667E1	4.696362E1	-3.303569E-1
2.270000E1	4.697099E1	-2.471379E-1
2.273333E1	4.698694E1	-2.261984E-1
2.276667E1	4.698181E1	-1.950189E-1
2.280000E1	4.698178E1	-1.851224E-1
2.283333E1	4.692478E1	-1.707854E-1
2.286667E1	4.688326E1	-1.049175E-1
2.290000E1	4.687327E1	-9.240196E-2
2.293333E1	4.689282E1	-7.391745E-2
2.296667E1	4.690899E1	-7.195273E-2
2.300000E1	4.698056E1	-7.128538E-2
2.303333E1	4.708625E1	-7.827914E-2
2.306667E1	4.711212E1	-8.183521E-2
2.310000E1	4.717157E1	-9.108403E-2
2.313333E1	4.720492E1	-1.104238E-1
2.316667E1	4.724528E1	-1.008618E-1
2.320000E1	4.726542E1	-1.074185E-1
2.323333E1	4.728655E1	-9.886274E-2
2.326667E1	4.728943E1	-1.112761E-1
2.330000E1	4.727250E1	-1.363009E-1
2.333333E1	4.727774E1	-1.926493E-1
2.336667E1	4.730723E1	-2.363009E-1
2.340000E1	4.732111E1	-2.371231E-1
2.343333E1	4.740649E1	-2.216298E-1
2.346667E1	4.744525E1	-2.268536E-1
2.350000E1	4.749399E1	-2.154752E-1
2.353333E1	4.759108E1	-2.160887E-1
2.356667E1	4.761200E1	-2.142861E-1
2.360000E1	4.769692E1	-2.007631E-1
2.363333E1	4.773713E1	-1.999918E-1
2.366667E1	4.776035E1	-1.697887E-1
2.370000E1	4.777749E1	-9.355877E-2
2.373333E1	4.778501E1	-7.574073E-2
2.376667E1	4.778817E1	-5.197845E-2
2.380000E1	4.779048E1	-4.641504E-2
2.383333E1	4.778412E1	-3.734088E-2
2.386667E1	4.778440E1	7.464647E-3
2.390000E1	4.779264E1	4.428653E-3
2.393333E1	4.782788E1	7.013084E-3
2.396667E1	4.785924E1	9.674576E-3
2.400000E1	4.794281E1	-6.265376E-5
2.403333E1	4.808007E1	-2.793538E-2
2.406667E1	4.812077E1	-2.139228E-2
2.410000E1	4.823441E1	-3.287555E-2
2.413333E1	4.831019E1	-8.047942E-2
2.416667E1	4.836970E1	-1.065823E-1
2.420000E1	4.845183E1	-1.361602E-1
2.423333E1	4.845498E1	-1.605756E-1
2.426667E1	4.846997E1	-1.858639E-1
2.430000E1	4.846453E1	-2.365629E-1
2.433333E1	4.848993E1	-2.642332E-1
2.436667E1	4.857547E1	-3.198939E-1
2.440000E1	4.860488E1	-3.137867E-1
2.443333E1	4.869912E1	-3.052187E-1
2.446667E1	4.874603E1	-3.098316E-1
2.450000E1	4.880820E1	-2.996238E-1
2.453333E1	4.889306E1	-3.000484E-1
2.456667E1	4.892280E1	-2.888475E-1
2.460000E1	4.900766E1	-2.861450E-1
2.463333E1	4.903918E1	-2.838890E-1
2.466667E1	4.904308E1	-2.559994E-1
2.470000E1	4.904676E1	-1.872210E-1
2.473333E1	4.902998E1	-1.883947E-1
2.476667E1	4.900708E1	-1.579497E-1
2.480000E1	4.900842E1	-1.245752E-1
2.483333E1	4.899565E1	-9.854369E-2
2.486667E1	4.899531E1	-4.698795E-2
2.490000E1	4.900645E1	-5.215596E-2
2.493333E1	4.903043E1	-4.357097E-2
2.496667E1	4.904950E1	-4.800826E-2
2.500000E1	4.913509E1	-6.558727E-2
2.503333E1	4.927544E1	-6.891435E-2
2.506667E1	4.932386E1	-7.739298E-2
2.510000E1	4.943826E1	-8.977143E-2
2.513333E1	4.948191E1	-1.040388E-1
2.516667E1	4.956191E1	-1.158590E-1
2.520000E1	4.962606E1	-2.010443E-1
2.523333E1	4.961813E1	-2.190472E-1
2.526667E1	4.962322E1	-2.476894E-1
2.530000E1	4.961734E1	-2.764548E-1
2.533333E1	4.962379E1	-3.278863E-1
2.536667E1	4.966717E1	-3.731958E-1
2.540000E1	4.970214E1	-3.729073E-1
2.543333E1	4.977347E1	-3.705397E-1
2.546667E1	4.980968E1	-3.702683E-1
2.550000E1	4.988026E1	-3.633750E-1
2.553333E1	4.998593E1	-3.598672E-1
2.556667E1	5.002129E1	-3.540431E-1
2.560000E1	5.009980E1	-3.516261E-1
2.563333E1	5.013873E1	-3.408568E-1
2.566667E1	5.017675E1	-3.295200E-1
2.570000E1	5.018881E1	-2.612522E-1
2.573333E1	5.017971E1	-2.682979E-1
2.576667E1	5.015880E1	-2.422194E-1
2.580000E1	5.015755E1	-2.087161E-1
2.583333E1	5.015040E1	-1.863244E-1
2.586667E1	5.013957E1	-1.612121E-1
2.590000E1	5.015364E1	-1.489848E-1
2.593333E1	5.018080E1	-1.354187E-1
2.596667E1	5.019484E1	-1.289278E-1
2.600000E1	5.026540E1	-1.384951E-1
2.603333E1	5.037124E1	-1.674537E-1
2.606667E1	5.041250E1	-1.605798E-1
2.610000E1	5.050511E1	-1.807840E-1
2.613333E1	5.056602E1	-1.934480E-1
2.616667E1	5.060584E1	-2.424485E-1
2.620000E1	5.063828E1	-2.748192E-1
2.623333E1	5.062870E1	-2.944528E-1
2.626667E1	5.061220E1	-3.222388E-1
2.630000E1	5.060202E1	-3.431893E-1
2.633333E1	5.060192E1	-3.887662E-1
2.636667E1	5.061084E1	-4.139314E-1
2.640000E1	5.062161E1	-4.285631E-1
2.643333E1	5.067208E1	-4.306946E-1
2.646667E1	5.070462E1	-4.345026E-1
2.650000E1	5.073147E1	-4.229758E-1
2.653333E1	5.077971E1	-4.180404E-1
2.656667E1	5.079523E1	-4.179078E-1
2.660000E1	5.084050E1	-4.133093E-1
2.663333E1	5.084306E1	-4.078018E-1
2.666667E1	5.083249E1	-3.663059E-1
2.670000E1	5.079765E1	-3.036359E-1
2.673333E1	5.078773E1	-2.865332E-1
2.676667E1	5.070650E1	-2.394164E-1
2.680000E1	5.066511E1	-1.988105E-1
2.683333E1	5.062389E1	-1.730834E-1
2.686667E1	5.054453E1	-1.247922E-1
2.690000E1	5.053485E1	-1.280875E-1
2.693333E1	5.052726E1	-1.219314E-1
2.696667E1	5.053847E1	-1.198235E-1
2.700000E1	5.056406E1	-1.154297E-1
2.703333E1	5.063492E1	-1.412551E-1
2.706667E1	5.065263E1	-1.596235E-1
2.710000E1	5.070732E1	-1.681217E-1
2.713333E1	5.072451E1	-1.799285E-1
2.716667E1	5.075897E1	-1.988587E-1
2.720000E1	5.074859E1	-2.574186E-1
2.723333E1	5.073939E1	-2.804648E-1
2.726667E1	5.071087E1	-3.008582E-1
2.730000E1	5.065872E1	-3.205773E-1
2.733333E1	5.063344E1	-3.543055E-1
2.736667E1	5.060050E1	-4.023841E-1
2.740000E1	5.060599E1	-4.201347E-1
2.743333E1	5.061558E1	-4.262195E-1
2.746667E1	5.061804E1	-4.284696E-1
2.750000E1	5.061558E1	-4.219006E-1
2.753333E1	5.062904E1	-4.063277E-1
2.756667E1	5.062822E1	-4.116591E-1
2.760000E1	5.061974E1	-3.966180E-1
2.763333E1	5.061100E1	-3.551236E-1
2.766667E1	5.059055E1	-3.204788E-1
2.770000E1	5.050419E1	-2.392671E-1
2.773333E1	5.047967E1	-2.093195E-1
2.776667E1	5.036709E1	-1.839147E-1
2.780000E1	5.032384E1	-1.412843E-1
2.783333E1	5.025268E1	-1.063492E-1
2.786667E1	5.015781E1	-6.850903E-2
2.790000E1	5.015254E1	-6.977625E-2
2.793333E1	5.014600E1	-6.159337E-2
2.796667E1	5.015190E1	-5.846653E-2
2.800000E1	5.017782E1	-5.765519E-2
2.803333E1	5.023012E1	-8.012817E-2
2.806667E1	5.025919E1	-8.349078E-2
2.810000E1	5.031173E1	-1.147116E-1
2.813333E1	5.032469E1	-1.610384E-1
2.816667E1	5.032764E1	-1.828194E-1
2.820000E1	5.031456E1	-2.158340E-1
2.823333E1	5.031325E1	-2.265017E-1
2.826667E1	5.028522E1	-2.454782E-1
2.830000E1	5.023062E1	-2.863378E-1
2.833333E1	5.019662E1	-3.357874E-1
2.836667E1	5.017848E1	-3.763617E-1
2.840000E1	5.017977E1	-3.725895E-1
2.843333E1	5.018127E1	-3.745033E-1
2.846667E1	5.018660E1	-3.724197E-1
2.850000E1	5.018840E1	-3.630956E-1
2.853333E1	5.019674E1	-3.576481E-1
2.856667E1	5.019719E1	-3.583004E-1
2.860000E1	5.019053E1	-3.454570E-1
2.863333E1	5.017923E1	-3.402065E-1
2.866667E1	5.015844E1	-3.090304E-1
2.870000E1	5.008515E1	-2.281757E-1
2.873333E1	5.005552E1	-2.067937E-1
2.876667E1	4.994087E1	-1.903977E-1
2.880000E1	4.989639E1	-1.506166E-1
2.883333E1	4.983147E1	-1.194789E-1
2.886667E1	4.973231E1	-9.845424E-2
2.890000E1	4.972653E1	-8.441113E-2
2.893333E1	4.972710E1	-7.057091E-2
2.896667E1	4.973326E1	-7.083903E-2
2.900000E1	4.976164E1	-6.943546E-2
2.903333E1	4.983764E1	-8.058845E-2
2.906667E1	4.986236E1	-9.424446E-2
2.910000E1	4.993224E1	-1.088227E-1
2.913333E1	4.998781E1	-1.253846E-1
2.916667E1	5.002031E1	-1.880438E-1
2.920000E1	5.004212E1	-2.292846E-1
2.923333E1	5.003861E1	-2.351657E-1
2.926667E1	5.004057E1	-2.523884E-1
2.930000E1	5.003790E1	-2.627906E-1
2.933333E1	5.003959E1	-3.033359E-1
2.936667E1	5.003527E1	-3.185379E-1
