	masse A		
t	x	y	
0.000000E0	-3.616365E-3	3.552714E-15
3.333333E-2	-2.910055E-3	-1.447137E-4
6.666667E-2	-3.465335E-3	1.803913E-4
1.000000E-1	-2.653337E-2	-3.019961E-3
1.333333E-1	-6.586047E-2	-4.189323E-3
1.666667E-1	-1.479349E-1	-1.337884E-2
2.000000E-1	-2.604501E-1	-2.965462E-2
2.333333E-1	-2.962256E-1	-2.073021E-2
2.666667E-1	-3.835379E-1	-1.958971E-2
3.000000E-1	-4.267217E-1	-2.466375E-2
3.333333E-1	-4.609797E-1	-2.120700E-2
3.666667E-1	-4.256796E-1	-1.931751E-2
4.000000E-1	-4.087245E-1	-1.088629E-2
4.333333E-1	-3.058986E-1	1.255861E-2
4.666667E-1	-2.045995E-1	2.627681E-2
5.000000E-1	-9.380470E-2	1.341639E-2
5.333333E-1	7.849590E-2	7.679586E-3
5.666667E-1	1.234074E-1	-5.282471E-4
6.000000E-1	2.750324E-1	-7.421745E-3
6.333333E-1	3.231642E-1	-1.231675E-2
6.666667E-1	3.772166E-1	-8.870320E-3
7.000000E-1	4.009267E-1	-2.723561E-3
7.333333E-1	4.199198E-1	-1.443576E-3
7.666667E-1	4.199911E-1	1.610832E-2
8.000000E-1	4.149799E-1	3.102916E-2
8.333333E-1	3.015048E-1	4.507846E-2
8.666667E-1	1.288887E-1	3.279914E-2
9.000000E-1	9.505723E-2	1.479458E-2
9.333333E-1	-1.609569E-2	-2.231367E-3
9.666667E-1	-6.695970E-2	-1.651590E-2
1.000000E0	-1.165959E-1	-2.694482E-2
1.033333E0	-7.527465E-2	-2.835331E-2
1.066667E0	-2.309295E-2	-2.635550E-2
1.100000E0	1.251562E-1	-1.342432E-2
1.133333E0	1.965406E-1	-2.835262E-2
1.166667E0	2.698166E-1	-4.383011E-2
1.200000E0	3.167108E-1	-1.089414E-1
1.233333E0	3.149930E-1	-1.274945E-1
1.266667E0	3.091952E-1	-1.142138E-1
1.300000E0	3.109899E-1	-1.001492E-1
1.333333E0	2.440994E-1	-1.982330E-2
1.366667E0	1.135003E-1	4.119291E-2
1.400000E0	1.156490E-1	5.376476E-2
1.433333E0	9.866381E-2	5.350370E-2
1.466667E0	6.773831E-2	5.786165E-2
1.500000E0	7.053118E-2	5.067714E-2
1.533333E0	1.106490E-1	2.364199E-2
1.566667E0	1.540855E-1	-2.299519E-3
1.600000E0	2.619647E-1	-9.946357E-3
1.633333E0	3.124805E-1	-8.234189E-3
1.666667E0	3.613309E-1	1.745170E-3
1.700000E0	3.923634E-1	-1.787407E-2
1.733333E0	3.738919E-1	-1.483475E-2
1.766667E0	3.371246E-1	-2.045594E-3
1.800000E0	3.101265E-1	9.421346E-3
1.833333E0	1.769551E-1	5.664774E-2
1.866667E0	-1.015307E-3	7.750883E-2
1.900000E0	-1.999694E-2	6.795448E-2
1.933333E0	-9.983494E-2	5.939175E-2
1.966667E0	-1.358152E-1	5.381406E-2
2.000000E0	-1.545686E-1	3.105816E-2
2.033333E0	-9.700628E-2	4.276809E-3
2.066667E0	-2.224416E-2	-4.772149E-4
2.100000E0	1.400980E-1	2.415570E-3
2.133333E0	2.135098E-1	7.014490E-3
2.166667E0	2.762752E-1	-2.248656E-3
2.200000E0	3.128102E-1	-1.935513E-2
2.233333E0	3.052384E-1	-1.333198E-2
2.266667E0	2.979996E-1	1.910233E-3
2.300000E0	2.873269E-1	2.280678E-2
2.333333E0	1.814401E-1	1.018175E-1
2.366667E0	3.790020E-2	1.190693E-1
2.400000E0	2.525621E-2	1.156753E-1
2.433333E0	-5.067750E-2	1.195530E-1
2.466667E0	-9.580849E-2	1.201558E-1
2.500000E0	-1.055664E-1	1.206395E-1
2.533333E0	-6.504643E-2	1.049989E-1
2.566667E0	-3.643364E-2	6.690737E-2
2.600000E0	8.732341E-2	6.378321E-2
2.633333E0	1.706532E-1	7.696522E-2
2.666667E0	2.413170E-1	7.110387E-2
2.700000E0	2.583768E-1	5.198328E-2
2.733333E0	2.747810E-1	4.754124E-2
2.766667E0	2.775680E-1	4.286200E-2
2.800000E0	2.752879E-1	5.366048E-2
2.833333E0	1.421175E-1	1.383926E-1
2.866667E0	2.198368E-2	1.588084E-1
2.900000E0	-1.928406E-2	1.471028E-1
2.933333E0	-1.159757E-1	1.337164E-1
2.966667E0	-1.491761E-1	1.340736E-1
3.000000E0	-1.915805E-1	1.165706E-1
3.033333E0	-1.581342E-1	1.107367E-1
3.066667E0	-9.434024E-2	9.793544E-2
3.100000E0	5.062795E-2	7.848530E-2
3.133333E0	1.283298E-1	8.397766E-2
3.166667E0	2.843484E-1	8.217088E-2
3.200000E0	3.182934E-1	6.061611E-2
3.233333E0	3.234968E-1	5.541825E-2
3.266667E0	3.668088E-1	5.074720E-2
3.300000E0	3.667282E-1	6.454497E-2
3.333333E0	2.721985E-1	1.463006E-1
3.366667E0	1.505750E-1	1.664848E-1
3.400000E0	1.176334E-1	1.486939E-1
3.433333E0	5.713703E-2	1.355661E-1
3.466667E0	3.335440E-2	1.326370E-1
3.500000E0	7.735608E-4	1.233337E-1
3.533333E0	2.677205E-2	1.110620E-1
3.566667E0	7.375215E-2	9.745858E-2
3.600000E0	1.974203E-1	7.687043E-2
3.633333E0	2.801203E-1	7.874565E-2
3.666667E0	4.297862E-1	7.882893E-2
3.700000E0	4.812106E-1	5.906616E-2
3.733333E0	5.126423E-1	4.747813E-2
3.766667E0	5.339856E-1	3.728887E-2
3.800000E0	5.198572E-1	5.378402E-2
3.833333E0	4.347526E-1	1.301837E-1
3.866667E0	3.346435E-1	1.628538E-1
3.900000E0	3.037678E-1	1.510490E-1
3.933333E0	2.391542E-1	1.403483E-1
3.966667E0	2.101320E-1	1.336127E-1
4.000000E0	1.726165E-1	1.194371E-1
4.033333E0	2.170257E-1	1.089887E-1
4.066667E0	2.882380E-1	9.760842E-2
4.100000E0	4.366669E-1	7.817526E-2
4.133333E0	5.110708E-1	8.153637E-2
4.166667E0	6.739500E-1	7.624712E-2
4.200000E0	7.275377E-1	6.401564E-2
4.233333E0	7.637820E-1	5.255787E-2
4.266667E0	8.294663E-1	4.396247E-2
4.300000E0	8.529579E-1	6.240387E-2
4.333333E0	7.915388E-1	1.167974E-1
4.366667E0	7.078821E-1	1.547363E-1
4.400000E0	6.910007E-1	1.538237E-1
4.433333E0	6.396451E-1	1.455909E-1
4.466667E0	6.214702E-1	1.355762E-1
4.500000E0	5.961565E-1	1.103857E-1
4.533333E0	6.331976E-1	9.765433E-2
4.566667E0	7.141538E-1	6.101519E-2
4.600000E0	8.587781E-1	6.354106E-2
4.633333E0	8.976245E-1	6.425359E-2
4.666667E0	1.036878E0	6.971522E-2
4.700000E0	1.118694E0	6.121689E-2
4.733333E0	1.162379E0	4.837278E-2
4.766667E0	1.211104E0	3.893152E-2
4.800000E0	1.230952E0	5.892898E-2
4.833333E0	1.163263E0	1.082258E-1
4.866667E0	1.091110E0	1.304741E-1
4.900000E0	1.070832E0	1.442570E-1
4.933333E0	1.038721E0	1.493589E-1
4.966667E0	1.012791E0	1.404840E-1
5.000000E0	1.001186E0	1.037115E-1
5.033333E0	1.055891E0	6.093078E-2
5.066667E0	1.141071E0	5.320347E-2
5.100000E0	1.290191E0	6.162400E-2
5.133333E0	1.338807E0	6.370537E-2
5.166667E0	1.506699E0	6.589627E-2
5.200000E0	1.592863E0	5.462246E-2
5.233333E0	1.632921E0	4.953121E-2
5.266667E0	1.719574E0	4.930030E-2
5.300000E0	1.738350E0	5.843486E-2
5.333333E0	1.705826E0	9.960561E-2
5.366667E0	1.640489E0	1.216628E-1
5.400000E0	1.634022E0	1.413796E-1
5.433333E0	1.616585E0	1.496829E-1
5.466667E0	1.592693E0	1.426521E-1
5.500000E0	1.576554E0	1.246709E-1
5.533333E0	1.631346E0	6.268903E-2
5.566667E0	1.717438E0	5.989589E-2
5.600000E0	1.852743E0	6.829789E-2
5.633333E0	1.889316E0	6.678420E-2
5.666667E0	2.037614E0	6.003884E-2
5.700000E0	2.131026E0	6.090555E-2
5.733333E0	2.181063E0	4.779829E-2
5.766667E0	2.272082E0	2.467901E-2
5.800000E0	2.273867E0	2.336470E-2
5.833333E0	2.237964E0	5.827099E-2
5.866667E0	2.168070E0	9.808850E-2
5.900000E0	2.167580E0	1.151723E-1
5.933333E0	2.152263E0	1.445216E-1
5.966667E0	2.150816E0	1.415791E-1
6.000000E0	2.135698E0	1.065478E-1
6.033333E0	2.180914E0	5.112906E-2
6.066667E0	2.256615E0	5.459826E-2
6.100000E0	2.349117E0	6.577055E-2
6.133333E0	2.404503E0	6.393565E-2
6.166667E0	2.540231E0	5.937279E-2
6.200000E0	2.622370E0	6.350052E-2
6.233333E0	2.663378E0	5.177100E-2
6.266667E0	2.735749E0	3.723804E-2
6.300000E0	2.751909E0	5.456088E-2
6.333333E0	2.711940E0	9.300007E-2
6.366667E0	2.648990E0	1.149348E-1
6.400000E0	2.643649E0	1.428772E-1
6.433333E0	2.614997E0	1.550998E-1
6.466667E0	2.593789E0	1.500991E-1
6.500000E0	2.573373E0	1.150166E-1
6.533333E0	2.614827E0	7.485052E-2
6.566667E0	2.677330E0	7.346660E-2
6.600000E0	2.770152E0	7.078662E-2
6.633333E0	2.811680E0	6.944737E-2
6.666667E0	2.952888E0	6.289024E-2
6.700000E0	3.030515E0	6.125192E-2
6.733333E0	3.073442E0	4.985740E-2
6.766667E0	3.149888E0	4.016709E-2
6.800000E0	3.171317E0	5.829264E-2
6.833333E0	3.120397E0	9.517532E-2
6.866667E0	3.046347E0	1.178270E-1
6.900000E0	3.028623E0	1.443561E-1
6.933333E0	2.995783E0	1.551903E-1
6.966667E0	2.960993E0	1.525949E-1
7.000000E0	2.935595E0	1.190804E-1
7.033333E0	2.978304E0	8.805258E-2
7.066667E0	3.031009E0	7.874834E-2
7.100000E0	3.129405E0	7.435670E-2
7.133333E0	3.162468E0	7.506546E-2
7.166667E0	3.303995E0	7.122256E-2
7.200000E0	3.379937E0	6.412017E-2
7.233333E0	3.432074E0	4.651794E-2
7.266667E0	3.489330E0	3.786337E-2
7.300000E0	3.484643E0	5.857389E-2
7.333333E0	3.438633E0	9.198977E-2
7.366667E0	3.350225E0	1.070151E-1
7.400000E0	3.327866E0	1.158531E-1
7.433333E0	3.292361E0	1.423741E-1
7.466667E0	3.280450E0	1.400273E-1
7.500000E0	3.231649E0	1.096744E-1
7.533333E0	3.279595E0	8.768654E-2
7.566667E0	3.323878E0	7.907928E-2
7.600000E0	3.420655E0	7.212299E-2
7.633333E0	3.455835E0	7.000380E-2
7.666667E0	3.599490E0	7.042996E-2
7.700000E0	3.673982E0	6.297361E-2
7.733333E0	3.718332E0	5.387336E-2
7.766667E0	3.766064E0	3.490928E-2
7.800000E0	3.769969E0	2.889756E-2
7.833333E0	3.673169E0	7.435831E-2
7.866667E0	3.623149E0	1.177406E-1
7.900000E0	3.606327E0	1.335659E-1
7.933333E0	3.581802E0	1.396813E-1
7.966667E0	3.581424E0	1.401483E-1
8.000000E0	3.589618E0	8.597453E-2
8.033333E0	3.639122E0	7.163386E-2
8.066667E0	3.686754E0	7.064343E-2
8.100000E0	3.785510E0	6.789712E-2
8.133333E0	3.829006E0	6.581500E-2
8.166667E0	3.954338E0	6.549542E-2
8.200000E0	4.031061E0	4.691864E-2
8.233333E0	4.066527E0	4.459509E-2
8.266667E0	4.111664E0	4.239433E-2
8.300000E0	4.120293E0	6.408785E-2
8.333333E0	4.033799E0	9.240485E-2
8.366667E0	3.989910E0	1.215165E-1
8.400000E0	3.972190E0	1.394072E-1
8.433333E0	3.942789E0	1.441684E-1
8.466667E0	3.930490E0	1.367180E-1
8.500000E0	3.928591E0	7.880707E-2
8.533333E0	3.981300E0	7.012592E-2
8.566667E0	4.036774E0	6.703309E-2
8.600000E0	4.128432E0	6.681254E-2
8.633333E0	4.147363E0	6.717398E-2
8.666667E0	4.284324E0	6.045246E-2
8.700000E0	4.399429E0	4.182438E-2
8.733333E0	4.440032E0	4.215251E-2
8.766667E0	4.495710E0	4.503580E-2
8.800000E0	4.493760E0	6.638070E-2
8.833333E0	4.431825E0	9.156538E-2
8.866667E0	4.385305E0	1.225045E-1
8.900000E0	4.393538E0	1.392904E-1
8.933333E0	4.380646E0	1.403704E-1
8.966667E0	4.375359E0	1.392187E-1
9.000000E0	4.402133E0	8.364839E-2
9.033333E0	4.463049E0	6.564504E-2
9.066667E0	4.520873E0	6.146256E-2
9.100000E0	4.643811E0	6.103904E-2
9.133333E0	4.680694E0	6.066029E-2
9.166667E0	4.823394E0	5.836508E-2
9.200000E0	4.905643E0	2.543273E-2
9.233333E0	4.949206E0	3.210080E-3
9.266667E0	5.002137E0	-2.125577E-3
9.300000E0	5.005376E0	1.268565E-2
9.333333E0	4.937324E0	3.374968E-2
9.366667E0	4.905981E0	6.522418E-2
9.400000E0	4.906761E0	8.065067E-2
9.433333E0	4.895733E0	7.713172E-2
9.466667E0	4.894147E0	7.221567E-2
9.500000E0	4.919574E0	2.343767E-2
9.533333E0	4.935440E0	2.931304E-3
9.566667E0	5.038838E0	5.150595E-4
9.600000E0	5.169797E0	-2.516752E-3
9.633333E0	5.206626E0	-7.105254E-3
9.666667E0	5.351789E0	-2.945222E-3
9.700000E0	5.392870E0	-1.139742E-2
9.733333E0	5.475677E0	-1.474671E-2
9.766667E0	5.529145E0	-1.807879E-2
9.800000E0	5.523550E0	-1.886212E-3
9.833333E0	5.476757E0	1.599497E-2
9.866667E0	5.460033E0	4.127594E-2
9.900000E0	5.476872E0	7.152960E-2
9.933333E0	5.474463E0	7.617462E-2
9.966667E0	5.468951E0	6.967804E-2
1.000000E1	5.497647E0	1.063845E-2
1.003333E1	5.551735E0	-2.924130E-3
1.006667E1	5.621709E0	-4.526831E-3
1.010000E1	5.729540E0	-9.065593E-3
1.013333E1	5.761451E0	-1.279525E-2
1.016667E1	5.912663E0	-2.872131E-3
1.020000E1	5.993057E0	-1.579620E-2
1.023333E1	6.052777E0	-2.064441E-2
1.026667E1	6.113740E0	-1.203981E-2
1.030000E1	6.135848E0	-5.355294E-3
1.033333E1	6.085342E0	7.380990E-3
1.036667E1	6.047626E0	3.099295E-2
1.040000E1	6.055971E0	2.951552E-2
1.043333E1	6.053995E0	2.805072E-2
1.046667E1	6.049924E0	1.547579E-2
1.050000E1	6.075765E0	-2.580035E-2
1.053333E1	6.134499E0	-2.519254E-2
1.056667E1	6.203196E0	-1.793866E-2
1.060000E1	6.302950E0	-1.328501E-2
1.063333E1	6.330920E0	-2.009066E-2
1.066667E1	6.479562E0	-4.823914E-3
1.070000E1	6.552138E0	-1.999689E-2
1.073333E1	6.623543E0	-2.504908E-2
1.076667E1	6.685208E0	-2.222450E-2
1.080000E1	6.674810E0	-1.247256E-2
1.083333E1	6.632877E0	4.865393E-3
1.086667E1	6.602624E0	2.197558E-2
1.090000E1	6.583871E0	2.109255E-2
1.093333E1	6.567914E0	2.278465E-2
1.096667E1	6.561331E0	1.324218E-2
1.100000E1	6.596066E0	-2.499443E-2
1.103333E1	6.655302E0	-2.756811E-2
1.106667E1	6.683046E0	-2.211637E-2
1.110000E1	6.777861E0	-1.638030E-2
1.113333E1	6.836725E0	-2.146037E-2
1.116667E1	6.943668E0	-1.336170E-2
1.120000E1	7.074013E0	-2.021048E-2
1.123333E1	7.105664E0	-3.155423E-2
1.126667E1	7.177072E0	-2.357529E-2
1.130000E1	7.197565E0	-1.276163E-2
1.133333E1	7.203714E0	-1.468103E-3
1.136667E1	7.155813E0	1.357349E-2
1.140000E1	7.155978E0	1.348500E-2
1.143333E1	7.142624E0	1.690006E-2
1.146667E1	7.134426E0	6.938130E-3
1.150000E1	7.144856E0	-1.636131E-2
1.153333E1	7.227868E0	-4.174422E-2
1.156667E1	7.257422E0	-6.189865E-2
1.160000E1	7.351478E0	-7.583629E-2
1.163333E1	7.409007E0	-8.079322E-2
1.166667E1	7.501006E0	-6.708774E-2
1.170000E1	7.628345E0	-8.956579E-2
1.173333E1	7.670067E0	-9.643819E-2
1.176667E1	7.741411E0	-8.640160E-2
1.180000E1	7.768635E0	-7.389552E-2
1.183333E1	7.738239E0	-5.920465E-2
1.186667E1	7.693016E0	-2.664814E-2
1.190000E1	7.684085E0	-5.992564E-3
1.193333E1	7.670901E0	5.976447E-3
1.196667E1	7.659970E0	3.211617E-3
1.200000E1	7.663027E0	-1.809207E-2
1.203333E1	7.748108E0	-4.549573E-2
1.206667E1	7.785938E0	-6.095501E-2
1.210000E1	7.886285E0	-7.689102E-2
1.213333E1	7.942242E0	-8.100650E-2
1.216667E1	8.042752E0	-7.362063E-2
1.220000E1	8.150491E0	-8.634685E-2
1.223333E1	8.186207E0	-9.253281E-2
1.226667E1	8.247195E0	-8.809893E-2
1.230000E1	8.271164E0	-7.522984E-2
1.233333E1	8.249314E0	-5.688490E-2
1.236667E1	8.194795E0	-2.465261E-2
1.240000E1	8.193503E0	-4.680146E-3
1.243333E1	8.170267E0	8.085373E-3
1.246667E1	8.156789E0	2.099853E-3
1.250000E1	8.163922E0	-1.509521E-2
1.253333E1	8.251383E0	-3.306677E-2
1.256667E1	8.280534E0	-2.392532E-2
1.260000E1	8.388232E0	-2.442238E-2
1.263333E1	8.443577E0	-3.048500E-2
1.266667E1	8.542209E0	-1.999979E-2
1.270000E1	8.662800E0	-3.418770E-2
1.273333E1	8.689646E0	-3.758524E-2
1.276667E1	8.763984E0	-6.201566E-2
1.280000E1	8.796949E0	-4.875283E-2
1.283333E1	8.799527E0	-3.268359E-2
1.286667E1	8.751067E0	6.369733E-3
1.290000E1	8.756126E0	7.000927E-3
1.293333E1	8.747464E0	1.084879E-2
1.296667E1	8.735831E0	5.073553E-3
1.300000E1	8.748901E0	-1.410780E-2
1.303333E1	8.849131E0	-3.390626E-2
1.306667E1	8.876721E0	-2.601822E-2
1.310000E1	8.982557E0	-2.450846E-2
1.313333E1	9.047402E0	-3.322980E-2
1.316667E1	9.153546E0	-1.601118E-2
1.320000E1	9.303198E0	-3.002054E-2
1.323333E1	9.352474E0	-3.158549E-2
1.326667E1	9.446728E0	-2.015880E-2
1.330000E1	9.488927E0	-1.656629E-2
1.333333E1	9.483345E0	-5.577092E-3
1.336667E1	9.467789E0	1.290471E-2
1.340000E1	9.480264E0	1.309454E-2
1.343333E1	9.492309E0	1.403959E-2
1.346667E1	9.487393E0	6.455790E-3
1.350000E1	9.500728E0	-1.226595E-2
1.353333E1	9.608011E0	-3.996598E-2
1.356667E1	9.648112E0	-6.355912E-2
1.360000E1	9.748484E0	-7.773692E-2
1.363333E1	9.822942E0	-8.399506E-2
1.366667E1	9.943326E0	-7.000955E-2
1.370000E1	1.009715E1	-8.832987E-2
1.373333E1	1.013874E1	-9.631608E-2
1.376667E1	1.024849E1	-9.069670E-2
1.380000E1	1.028539E1	-8.357422E-2
1.383333E1	1.028827E1	-6.776748E-2
1.386667E1	1.027438E1	-4.012809E-2
1.390000E1	1.028054E1	-3.819830E-2
1.393333E1	1.030221E1	-3.257327E-2
1.396667E1	1.029521E1	-1.264392E-2
1.400000E1	1.032084E1	-2.798860E-2
1.403333E1	1.043023E1	-5.800096E-2
1.406667E1	1.047142E1	-7.236102E-2
1.410000E1	1.058015E1	-8.323952E-2
1.413333E1	1.065228E1	-9.068362E-2
1.416667E1	1.074836E1	-8.214186E-2
1.420000E1	1.090559E1	-8.644763E-2
1.423333E1	1.095346E1	-9.393384E-2
1.426667E1	1.105074E1	-9.036279E-2
1.430000E1	1.110250E1	-7.881327E-2
1.433333E1	1.113256E1	-6.330954E-2
1.436667E1	1.112599E1	-4.137092E-2
1.440000E1	1.114201E1	-3.932490E-2
1.443333E1	1.116288E1	-3.131834E-2
1.446667E1	1.115196E1	-1.421859E-2
1.450000E1	1.117303E1	-3.145716E-2
1.453333E1	1.128896E1	-4.984888E-2
1.456667E1	1.132118E1	-6.668217E-2
1.460000E1	1.143185E1	-8.416601E-2
1.463333E1	1.149448E1	-9.137621E-2
1.466667E1	1.159005E1	-8.828285E-2
1.470000E1	1.172243E1	-8.990665E-2
1.473333E1	1.176702E1	-9.386166E-2
1.476667E1	1.187301E1	-9.344101E-2
1.480000E1	1.190892E1	-7.979288E-2
1.483333E1	1.193598E1	-6.933588E-2
1.486667E1	1.192849E1	-3.580141E-2
1.490000E1	1.194501E1	-1.087995E-2
1.493333E1	1.195450E1	6.821570E-3
1.496667E1	1.194794E1	1.997708E-3
1.500000E1	1.195894E1	-1.812928E-2
1.503333E1	1.206364E1	-4.614134E-2
1.506667E1	1.209899E1	-6.498777E-2
1.510000E1	1.219019E1	-8.436721E-2
1.513333E1	1.225490E1	-9.111132E-2
1.516667E1	1.234966E1	-7.941825E-2
1.520000E1	1.248294E1	-8.087805E-2
1.523333E1	1.253289E1	-9.266974E-2
1.526667E1	1.262641E1	-8.395570E-2
1.530000E1	1.267018E1	-7.676162E-2
1.533333E1	1.267737E1	-6.033028E-2
1.536667E1	1.266506E1	-3.060969E-2
1.540000E1	1.267729E1	-7.873541E-3
1.543333E1	1.268501E1	7.472012E-3
1.546667E1	1.267608E1	2.762649E-3
1.550000E1	1.268368E1	-1.824329E-2
1.553333E1	1.278158E1	-3.855654E-2
1.556667E1	1.282199E1	-5.786973E-2
1.560000E1	1.290855E1	-7.303060E-2
1.563333E1	1.297064E1	-7.941210E-2
1.566667E1	1.307024E1	-6.956448E-2
1.570000E1	1.320922E1	-7.359530E-2
1.573333E1	1.325410E1	-8.818323E-2
1.576667E1	1.334643E1	-7.435801E-2
1.580000E1	1.338702E1	-6.848825E-2
1.583333E1	1.340067E1	-4.551652E-2
1.586667E1	1.339441E1	-2.462684E-2
1.590000E1	1.339891E1	-4.751558E-3
1.593333E1	1.341086E1	9.578472E-3
1.596667E1	1.340153E1	6.892124E-3
1.600000E1	1.340840E1	-1.208158E-2
1.603333E1	1.351467E1	-2.249688E-2
1.606667E1	1.354970E1	-1.972134E-2
1.610000E1	1.363953E1	-1.849389E-2
1.613333E1	1.370559E1	-2.154773E-2
1.616667E1	1.382353E1	-1.258451E-2
1.620000E1	1.394416E1	-2.117867E-2
1.623333E1	1.399115E1	-2.652548E-2
1.626667E1	1.407609E1	-1.030261E-2
1.630000E1	1.412266E1	-7.553554E-3
1.633333E1	1.413087E1	3.273833E-3
1.636667E1	1.411633E1	2.120846E-2
1.640000E1	1.412545E1	2.125354E-2
1.643333E1	1.413089E1	2.526090E-2
1.646667E1	1.412023E1	1.594630E-2
1.650000E1	1.413514E1	-7.970504E-3
1.653333E1	1.423246E1	-1.799576E-2
1.656667E1	1.427356E1	-1.463125E-2
1.660000E1	1.436655E1	-1.022658E-2
1.663333E1	1.443537E1	-1.689314E-2
1.666667E1	1.454683E1	-4.159487E-3
1.670000E1	1.466779E1	-1.066296E-2
1.673333E1	1.471983E1	-1.782142E-2
1.676667E1	1.480911E1	-1.150322E-2
1.680000E1	1.483684E1	-1.075844E-2
1.683333E1	1.487028E1	1.848524E-2
1.686667E1	1.488160E1	4.448798E-2
1.690000E1	1.489722E1	6.869889E-2
1.693333E1	1.490153E1	8.034591E-2
1.696667E1	1.489704E1	7.539193E-2
1.700000E1	1.490723E1	5.378312E-2
1.703333E1	1.498360E1	2.433483E-2
1.706667E1	1.501677E1	1.152064E-2
1.710000E1	1.510433E1	-1.545056E-3
1.713333E1	1.515885E1	-6.306138E-3
1.716667E1	1.525701E1	-1.826038E-3
1.720000E1	1.536569E1	-8.850049E-3
1.723333E1	1.539975E1	-1.360355E-2
1.726667E1	1.548817E1	-6.474422E-3
1.730000E1	1.551400E1	5.076257E-3
1.733333E1	1.553702E1	1.770926E-2
1.736667E1	1.553145E1	5.666303E-2
1.740000E1	1.554628E1	7.815970E-2
1.743333E1	1.554973E1	8.236201E-2
1.746667E1	1.554049E1	7.703856E-2
1.750000E1	1.554878E1	5.690270E-2
1.753333E1	1.561755E1	3.511856E-2
1.756667E1	1.564593E1	1.646047E-2
1.760000E1	1.571917E1	4.790741E-3
1.763333E1	1.576082E1	-3.772862E-3
1.766667E1	1.584851E1	4.939737E-3
1.770000E1	1.594130E1	-8.600433E-3
1.773333E1	1.597441E1	-4.957008E-3
1.776667E1	1.605700E1	-5.378453E-3
1.780000E1	1.608882E1	2.537539E-3
1.783333E1	1.607812E1	1.263920E-2
1.786667E1	1.605304E1	5.567483E-2
1.790000E1	1.606279E1	8.036752E-2
1.793333E1	1.605568E1	8.543044E-2
1.796667E1	1.604736E1	8.012204E-2
1.800000E1	1.604875E1	6.038431E-2
1.803333E1	1.611766E1	4.188808E-2
1.806667E1	1.615090E1	4.695697E-2
1.810000E1	1.621150E1	4.741838E-2
1.813333E1	1.626748E1	4.431406E-2
1.816667E1	1.634799E1	6.214790E-2
1.820000E1	1.643872E1	4.453453E-2
1.823333E1	1.647251E1	4.205468E-2
1.826667E1	1.655777E1	4.989190E-2
1.830000E1	1.659622E1	6.353148E-2
1.833333E1	1.661284E1	8.479334E-2
1.836667E1	1.660091E1	1.165275E-1
1.840000E1	1.662122E1	1.368138E-1
1.843333E1	1.661266E1	1.405378E-1
1.846667E1	1.660097E1	1.368466E-1
1.850000E1	1.660984E1	1.177831E-1
1.853333E1	1.664977E1	7.972730E-2
1.856667E1	1.666001E1	6.599184E-2
1.860000E1	1.673034E1	5.986275E-2
1.863333E1	1.676123E1	5.715894E-2
1.866667E1	1.683886E1	6.236067E-2
1.870000E1	1.692790E1	5.059592E-2
1.873333E1	1.695568E1	4.440633E-2
1.876667E1	1.702604E1	4.583450E-2
1.880000E1	1.704766E1	6.525601E-2
1.883333E1	1.704455E1	8.264361E-2
1.886667E1	1.701746E1	1.161170E-1
1.890000E1	1.701447E1	1.385255E-1
1.893333E1	1.698826E1	1.422229E-1
1.896667E1	1.696089E1	1.378426E-1
1.900000E1	1.696020E1	1.174957E-1
1.903333E1	1.701227E1	8.398400E-2
1.906667E1	1.702567E1	7.421618E-2
1.910000E1	1.707970E1	6.745833E-2
1.913333E1	1.710924E1	6.502291E-2
1.916667E1	1.718701E1	7.159050E-2
1.920000E1	1.727571E1	5.789917E-2
1.923333E1	1.731185E1	4.870802E-2
1.926667E1	1.736035E1	5.010899E-2
1.930000E1	1.737496E1	6.938251E-2
1.933333E1	1.735087E1	8.979274E-2
1.936667E1	1.732077E1	9.881211E-2
1.940000E1	1.733893E1	1.054967E-1
1.943333E1	1.733379E1	1.086713E-1
1.946667E1	1.732585E1	1.185526E-1
1.950000E1	1.728921E1	1.056970E-1
1.953333E1	1.730725E1	6.495263E-2
1.956667E1	1.733546E1	6.242068E-2
1.960000E1	1.738689E1	6.326055E-2
1.963333E1	1.739229E1	6.413086E-2
1.966667E1	1.746800E1	6.448172E-2
1.970000E1	1.756045E1	7.029411E-2
1.973333E1	1.761649E1	4.979463E-2
1.976667E1	1.767186E1	2.614309E-2
1.980000E1	1.767578E1	1.577495E-2
1.983333E1	1.766696E1	4.729994E-2
1.986667E1	1.762930E1	8.269500E-2
1.990000E1	1.763947E1	1.025344E-1
1.993333E1	1.763673E1	1.030089E-1
1.996667E1	1.762941E1	9.001996E-2
2.000000E1	1.760829E1	5.561512E-2
2.003333E1	1.763928E1	2.985852E-2
2.006667E1	1.765954E1	1.580917E-2
2.010000E1	1.771236E1	9.915554E-3
2.013333E1	1.773219E1	2.647640E-3
2.016667E1	1.780747E1	6.240984E-3
2.020000E1	1.786151E1	1.206111E-2
2.023333E1	1.791255E1	-6.008685E-3
2.026667E1	1.799115E1	-1.638726E-2
2.030000E1	1.801429E1	-8.063517E-3
2.033333E1	1.801820E1	2.428019E-2
2.036667E1	1.798066E1	3.839660E-2
2.040000E1	1.799754E1	8.373893E-2
2.043333E1	1.799276E1	9.475631E-2
2.046667E1	1.798036E1	7.570355E-2
2.050000E1	1.794183E1	4.214710E-2
2.053333E1	1.795854E1	1.650908E-2
2.056667E1	1.798235E1	1.033348E-2
2.060000E1	1.805236E1	4.826595E-3
2.063333E1	1.808128E1	-1.622426E-3
2.066667E1	1.816076E1	2.698220E-3
2.070000E1	1.822303E1	8.037731E-3
2.073333E1	1.826167E1	-1.000102E-2
2.076667E1	1.835077E1	-1.692901E-2
2.080000E1	1.836774E1	-8.787187E-3
2.083333E1	1.836580E1	2.353318E-2
2.086667E1	1.833863E1	4.869140E-2
2.090000E1	1.835577E1	7.844833E-2
2.093333E1	1.835077E1	8.918161E-2
2.096667E1	1.834057E1	8.039300E-2
2.100000E1	1.828627E1	3.648144E-2
2.103333E1	1.830484E1	1.748119E-2
2.106667E1	1.832832E1	5.677591E-3
2.110000E1	1.836765E1	4.359260E-3
2.113333E1	1.838437E1	1.291806E-3
2.116667E1	1.845700E1	8.209077E-3
2.120000E1	1.851856E1	2.215726E-4
2.123333E1	1.854683E1	-1.161413E-2
2.126667E1	1.860820E1	-1.946165E-2
2.130000E1	1.862137E1	-9.877775E-3
2.133333E1	1.863500E1	2.028355E-2
2.136667E1	1.860339E1	3.417263E-2
2.140000E1	1.860295E1	3.993605E-2
2.143333E1	1.858415E1	7.347767E-2
2.146667E1	1.857287E1	6.880702E-2
2.150000E1	1.852427E1	2.710958E-2
2.153333E1	1.853713E1	-1.297967E-2
2.156667E1	1.855645E1	-4.108997E-3
2.160000E1	1.862038E1	-3.882590E-3
2.163333E1	1.863387E1	-2.567421E-4
2.166667E1	1.871962E1	4.979301E-3
2.170000E1	1.879553E1	3.762818E-3
2.173333E1	1.883300E1	-1.454333E-2
2.176667E1	1.889197E1	-2.179019E-2
2.180000E1	1.890584E1	-9.214291E-3
2.183333E1	1.889284E1	2.250983E-2
2.186667E1	1.886593E1	4.032105E-2
2.190000E1	1.887489E1	8.025462E-2
2.193333E1	1.886440E1	9.147355E-2
2.196667E1	1.885217E1	8.272773E-2
2.200000E1	1.880995E1	4.425046E-2
2.203333E1	1.881370E1	2.632737E-2
2.206667E1	1.882973E1	8.920515E-3
2.210000E1	1.887098E1	5.441443E-3
2.213333E1	1.889481E1	1.673869E-4
2.216667E1	1.895785E1	7.537197E-3
2.220000E1	1.901544E1	4.925673E-3
2.223333E1	1.906656E1	-1.172824E-2
2.226667E1	1.912749E1	-1.654662E-2
2.230000E1	1.915874E1	-5.523889E-3
2.233333E1	1.914659E1	3.010880E-2
2.236667E1	1.912321E1	4.151734E-2
2.240000E1	1.910607E1	7.628198E-2
2.243333E1	1.907809E1	8.479145E-2
2.246667E1	1.905990E1	7.558205E-2
2.250000E1	1.905631E1	3.220389E-2
2.253333E1	1.908946E1	1.049513E-2
2.256667E1	1.910492E1	7.425454E-3
2.260000E1	1.915183E1	1.114628E-2
2.263333E1	1.917579E1	1.002174E-2
2.266667E1	1.927402E1	1.659534E-2
2.270000E1	1.933157E1	-6.453970E-3
2.273333E1	1.936428E1	-7.204268E-3
2.276667E1	1.941424E1	-4.923668E-3
2.280000E1	1.940876E1	7.875772E-3
2.283333E1	1.936886E1	3.440879E-2
2.286667E1	1.937455E1	7.058981E-2
2.290000E1	1.937628E1	8.220634E-2
2.293333E1	1.936088E1	8.470335E-2
2.296667E1	1.934168E1	7.246409E-2
2.300000E1	1.930584E1	3.490534E-2
2.303333E1	1.933368E1	1.053525E-2
2.306667E1	1.935636E1	1.353343E-2
2.310000E1	1.940779E1	8.309424E-3
2.313333E1	1.941524E1	5.202739E-3
2.316667E1	1.951355E1	1.663275E-2
2.320000E1	1.956100E1	-3.364711E-3
2.323333E1	1.962509E1	-6.807114E-3
2.326667E1	1.967398E1	-1.492822E-3
2.330000E1	1.968559E1	1.365236E-2
2.333333E1	1.966546E1	5.069840E-2
2.336667E1	1.966813E1	9.615211E-2
2.340000E1	1.967175E1	9.988773E-2
2.343333E1	1.965808E1	1.070399E-1
2.346667E1	1.963913E1	9.506176E-2
2.350000E1	1.964080E1	4.822170E-2
2.353333E1	1.967465E1	5.037502E-2
2.356667E1	1.968840E1	6.007010E-2
2.360000E1	1.973069E1	6.675605E-2
2.363333E1	1.975645E1	6.657468E-2
2.366667E1	1.985094E1	7.453693E-2
2.370000E1	1.990947E1	4.502119E-2
2.373333E1	1.995064E1	4.642750E-2
2.376667E1	2.001434E1	5.868635E-2
2.380000E1	2.003109E1	7.158401E-2
2.383333E1	2.001265E1	1.052166E-1
2.386667E1	2.002294E1	1.268336E-1
2.390000E1	2.003121E1	1.372499E-1
2.393333E1	2.001881E1	1.442677E-1
2.396667E1	1.999725E1	1.438908E-1
2.400000E1	1.998768E1	9.750463E-2
2.403333E1	2.000510E1	7.986577E-2
2.406667E1	2.003959E1	7.398241E-2
2.410000E1	2.009020E1	7.656238E-2
2.413333E1	2.011274E1	7.370435E-2
2.416667E1	2.021107E1	7.382751E-2
2.420000E1	2.025475E1	5.392103E-2
2.423333E1	2.029538E1	5.253746E-2
2.426667E1	2.037501E1	6.588684E-2
2.430000E1	2.039322E1	7.564962E-2
2.433333E1	2.038180E1	1.012514E-1
2.436667E1	2.039492E1	1.249552E-1
2.440000E1	2.039930E1	1.368351E-1
2.443333E1	2.038949E1	1.542468E-1
2.446667E1	2.037310E1	1.517356E-1
2.450000E1	2.037348E1	1.114185E-1
2.453333E1	2.040242E1	1.121942E-1
2.456667E1	2.042041E1	1.215159E-1
2.460000E1	2.047691E1	1.269324E-1
2.463333E1	2.049765E1	1.257459E-1
2.466667E1	2.058858E1	1.279766E-1
2.470000E1	2.065555E1	1.112746E-1
2.473333E1	2.071039E1	1.085538E-1
2.476667E1	2.077634E1	1.185913E-1
2.480000E1	2.078989E1	1.279595E-1
2.483333E1	2.077691E1	1.550274E-1
2.486667E1	2.078316E1	1.722518E-1
2.490000E1	2.078857E1	1.580586E-1
2.493333E1	2.078281E1	1.573112E-1
2.496667E1	2.075963E1	1.525031E-1
2.500000E1	2.076112E1	1.174534E-1
2.503333E1	2.080456E1	1.212209E-1
2.506667E1	2.084542E1	1.250890E-1
2.510000E1	2.089731E1	1.278508E-1
2.513333E1	2.092352E1	1.264695E-1
2.516667E1	2.101373E1	1.298175E-1
2.520000E1	2.109710E1	1.098712E-1
2.523333E1	2.114536E1	1.026707E-1
2.526667E1	2.121460E1	7.815695E-2
2.530000E1	2.123519E1	8.941644E-2
2.533333E1	2.125326E1	1.037124E-1
2.536667E1	2.127490E1	1.192401E-1
2.540000E1	2.128478E1	1.318058E-1
2.543333E1	2.127746E1	1.459666E-1
2.546667E1	2.126399E1	1.452888E-1
2.550000E1	2.126605E1	1.160980E-1
2.553333E1	2.128799E1	1.067605E-1
2.556667E1	2.131152E1	9.119086E-2
2.560000E1	2.138575E1	7.779744E-2
2.563333E1	2.141184E1	6.649986E-2
2.566667E1	2.151418E1	7.807476E-2
2.570000E1	2.157248E1	5.089917E-2
2.573333E1	2.161979E1	4.692363E-2
2.576667E1	2.170646E1	5.189073E-2
2.580000E1	2.172278E1	6.324330E-2
2.583333E1	2.171281E1	8.443173E-2
2.586667E1	2.171858E1	1.056874E-1
2.590000E1	2.172231E1	9.779213E-2
2.593333E1	2.172762E1	1.103900E-1
2.596667E1	2.170716E1	1.261290E-1
2.600000E1	2.169559E1	8.864418E-2
2.603333E1	2.172923E1	6.254280E-2
2.606667E1	2.174893E1	7.100158E-2
2.610000E1	2.181631E1	7.064617E-2
2.613333E1	2.184806E1	6.366464E-2
2.616667E1	2.194745E1	7.008124E-2
2.620000E1	2.199604E1	5.293956E-2
2.623333E1	2.204527E1	4.767051E-2
2.626667E1	2.211944E1	4.607597E-2
2.630000E1	2.213574E1	5.483948E-2
2.633333E1	2.214050E1	8.684266E-2
2.636667E1	2.215038E1	1.181104E-1
2.640000E1	2.215321E1	1.337315E-1
2.643333E1	2.214479E1	1.501526E-1
2.646667E1	2.212724E1	1.494894E-1
2.650000E1	2.211951E1	1.179499E-1
2.653333E1	2.214661E1	1.124323E-1
2.656667E1	2.215868E1	1.210895E-1
2.660000E1	2.220100E1	1.240674E-1
2.663333E1	2.222852E1	1.259678E-1
2.666667E1	2.230714E1	1.327635E-1
2.670000E1	2.235020E1	1.195750E-1
2.673333E1	2.239655E1	1.115220E-1
2.676667E1	2.246700E1	1.243700E-1
2.680000E1	2.249686E1	1.323456E-1
2.683333E1	2.248516E1	1.515277E-1
2.686667E1	2.249476E1	1.653945E-1
2.690000E1	2.250765E1	1.579441E-1
2.693333E1	2.249221E1	1.658140E-1
2.696667E1	2.247579E1	1.599818E-1
2.700000E1	2.246763E1	1.302630E-1
2.703333E1	2.250455E1	1.193772E-1
2.706667E1	2.253049E1	1.341649E-1
2.710000E1	2.258812E1	1.299669E-1
2.713333E1	2.259825E1	1.286035E-1
2.716667E1	2.267882E1	1.223678E-1
2.720000E1	2.272609E1	1.080069E-1
2.723333E1	2.277119E1	7.359403E-2
2.726667E1	2.285558E1	7.205518E-2
2.730000E1	2.287142E1	7.942067E-2
2.733333E1	2.286202E1	1.107985E-1
2.736667E1	2.286918E1	1.494240E-1
2.740000E1	2.287460E1	1.503335E-1
2.743333E1	2.287230E1	1.542816E-1
2.746667E1	2.285775E1	1.472689E-1
2.750000E1	2.285326E1	1.214030E-1
2.753333E1	2.288203E1	1.170718E-1
2.756667E1	2.290756E1	1.244686E-1
2.760000E1	2.297984E1	1.249943E-1
2.763333E1	2.300240E1	1.221909E-1
2.766667E1	2.310828E1	1.299922E-1
2.770000E1	2.316633E1	1.102573E-1
2.773333E1	2.320214E1	1.085777E-1
2.776667E1	2.328959E1	1.180668E-1
2.780000E1	2.331849E1	1.220639E-1
2.783333E1	2.332176E1	1.378273E-1
2.786667E1	2.331837E1	1.585446E-1
2.790000E1	2.332815E1	1.589951E-1
2.793333E1	2.335637E1	1.619103E-1
2.796667E1	2.334672E1	1.533761E-1
2.800000E1	2.334533E1	1.363976E-1
2.803333E1	2.340247E1	1.133742E-1
2.806667E1	2.343228E1	1.181777E-1
2.810000E1	2.348090E1	1.258072E-1
2.813333E1	2.352012E1	1.173180E-1
2.816667E1	2.357945E1	1.173248E-1
2.820000E1	2.367087E1	9.493405E-2
2.823333E1	2.369968E1	6.232449E-2
2.826667E1	2.379315E1	6.064237E-2
2.830000E1	2.383409E1	7.349530E-2
2.833333E1	2.386082E1	8.564262E-2
2.836667E1	2.387860E1	1.112880E-1
2.840000E1	2.388731E1	1.283657E-1
2.843333E1	2.389232E1	1.377657E-1
2.846667E1	2.387685E1	1.368497E-1
2.850000E1	2.386882E1	1.221116E-1
2.853333E1	2.390623E1	8.723895E-2
2.856667E1	2.394137E1	7.338582E-2
2.860000E1	2.398434E1	6.761919E-2
2.863333E1	2.400973E1	6.188750E-2
2.866667E1	2.408323E1	5.146582E-2
2.870000E1	2.417384E1	4.057118E-2
2.873333E1	2.420610E1	3.857112E-2
2.876667E1	2.430114E1	4.750559E-2
2.880000E1	2.432902E1	5.460008E-2
2.883333E1	2.434062E1	7.409092E-2
2.886667E1	2.436049E1	8.818202E-2
2.890000E1	2.438501E1	8.819930E-2
2.893333E1	2.438838E1	9.613023E-2
2.896667E1	2.437112E1	8.734728E-2
2.900000E1	2.436289E1	6.453873E-2
2.903333E1	2.439306E1	2.817207E-2
2.906667E1	2.440162E1	9.888936E-3
2.910000E1	2.444464E1	2.839603E-3
2.913333E1	2.447048E1	-7.948262E-3
2.916667E1	2.452070E1	-6.282132E-3
2.920000E1	2.461458E1	-1.046617E-2
2.923333E1	2.464701E1	-1.068437E-2
2.926667E1	2.473663E1	-1.030603E-2
2.930000E1	2.477253E1	-1.230233E-3
2.933333E1	2.480484E1	1.221849E-2
2.936667E1	2.481220E1	3.190903E-2
2.940000E1	2.482731E1	3.011021E-2
2.943333E1	2.482577E1	2.882757E-2
2.946667E1	2.480865E1	1.940083E-2
2.950000E1	2.479960E1	1.511769E-3
2.953333E1	2.485539E1	-2.073320E-2
2.956667E1	2.488338E1	-1.285322E-2
2.960000E1	2.492586E1	-1.056904E-2
2.963333E1	2.496405E1	-1.426841E-2
2.966667E1	2.502292E1	-6.638064E-3
2.970000E1	2.512460E1	-1.268964E-2
2.973333E1	2.515758E1	-1.241630E-2
2.976667E1	2.524463E1	-1.188196E-2
2.980000E1	2.528274E1	1.774605E-3
2.983333E1	2.531603E1	1.104583E-2
2.986667E1	2.532982E1	2.882817E-2
2.990000E1	2.534049E1	2.842479E-2
2.993333E1	2.533939E1	2.384151E-2
2.996667E1	2.531688E1	1.633705E-2
3.000000E1	2.531853E1	-2.067738E-3
3.003333E1	2.537412E1	-1.851189E-2
3.006667E1	2.539727E1	-1.017269E-2
3.010000E1	2.544337E1	-8.523927E-3
3.013333E1	2.547360E1	-1.502524E-2
3.016667E1	2.553724E1	-7.171173E-3
3.020000E1	2.562625E1	-1.332369E-2
3.023333E1	2.565548E1	-1.604778E-2
3.026667E1	2.575181E1	-1.400282E-2
3.030000E1	2.578699E1	5.184967E-4
3.033333E1	2.583172E1	1.494905E-2
3.036667E1	2.584467E1	3.232235E-2
3.040000E1	2.587166E1	4.327328E-2
3.043333E1	2.588403E1	6.748204E-2
3.046667E1	2.587565E1	6.713773E-2
3.050000E1	2.587800E1	5.430297E-2
3.053333E1	2.590633E1	2.043635E-2
3.056667E1	2.591117E1	9.697997E-3
3.060000E1	2.594407E1	3.688449E-3
3.063333E1	2.597989E1	-2.517073E-3
3.066667E1	2.603330E1	1.549452E-3
3.070000E1	2.612440E1	-5.842237E-3
3.073333E1	2.616063E1	-8.714916E-3
3.076667E1	2.624182E1	-1.005128E-2
3.080000E1	2.628724E1	-3.271800E-3
3.083333E1	2.629614E1	1.145882E-2
3.086667E1	2.631544E1	3.614475E-2
3.090000E1	2.632579E1	3.396694E-2
3.093333E1	2.632626E1	3.536189E-2
3.096667E1	2.631721E1	3.173580E-2
3.100000E1	2.631316E1	1.810113E-2
3.103333E1	2.633527E1	-1.432767E-2
3.106667E1	2.633798E1	-6.138581E-3
3.110000E1	2.635571E1	-5.180392E-3
3.113333E1	2.635871E1	-6.872649E-3
3.116667E1	2.641178E1	2.509264E-3
3.120000E1	2.648003E1	-1.782131E-3
3.123333E1	2.650838E1	-5.369320E-3
3.126667E1	2.659691E1	2.209805E-4
3.130000E1	2.662856E1	7.956641E-3
3.133333E1	2.663322E1	2.101016E-2
3.136667E1	2.664350E1	4.231315E-2
3.140000E1	2.664654E1	7.063662E-2
3.143333E1	2.663289E1	8.786844E-2
3.146667E1	2.661378E1	8.273058E-2
3.150000E1	2.660239E1	6.767687E-2
3.153333E1	2.663390E1	4.421045E-2
3.156667E1	2.663808E1	5.212308E-2
3.160000E1	2.667399E1	5.630769E-2
3.163333E1	2.671052E1	5.400140E-2
3.166667E1	2.675637E1	6.519511E-2
3.170000E1	2.684141E1	5.299281E-2
3.173333E1	2.687389E1	5.147081E-2
3.176667E1	2.696950E1	5.919448E-2
3.180000E1	2.701401E1	7.241928E-2
3.183333E1	2.704555E1	8.658635E-2
3.186667E1	2.705918E1	1.107535E-1
3.190000E1	2.706901E1	1.306059E-1
3.193333E1	2.706324E1	1.449932E-1
3.196667E1	2.704555E1	1.416763E-1
3.200000E1	2.703446E1	1.282536E-1
3.203333E1	2.706011E1	1.023742E-1
3.206667E1	2.706397E1	8.370753E-2
3.210000E1	2.708662E1	7.601601E-2
3.213333E1	2.712699E1	6.846252E-2
3.216667E1	2.717024E1	7.985154E-2
3.220000E1	2.725468E1	6.895143E-2
3.223333E1	2.728852E1	5.309261E-2
3.226667E1	2.734699E1	5.854565E-2
3.230000E1	2.737334E1	7.306851E-2
3.233333E1	2.740120E1	8.991789E-2
3.236667E1	2.741219E1	1.165359E-1
3.240000E1	2.742458E1	1.374166E-1
3.243333E1	2.740622E1	1.506008E-1
3.246667E1	2.738528E1	1.449958E-1
3.250000E1	2.735774E1	1.306212E-1
3.253333E1	2.736256E1	1.098155E-1
3.256667E1	2.736110E1	1.207330E-1
3.260000E1	2.737574E1	1.277480E-1
3.263333E1	2.740566E1	1.298527E-1
3.266667E1	2.745915E1	1.385116E-1
3.270000E1	2.753116E1	1.303400E-1
3.273333E1	2.755982E1	1.201022E-1
3.276667E1	2.761858E1	1.306050E-1
3.280000E1	2.763765E1	1.407668E-1
3.283333E1	2.763470E1	1.502018E-1
3.286667E1	2.763185E1	1.805219E-1
3.290000E1	2.763887E1	1.759341E-1
3.293333E1	2.761899E1	1.717305E-1
3.296667E1	2.759834E1	1.587838E-1
3.300000E1	2.758714E1	1.387979E-1
3.303333E1	2.759438E1	1.235736E-1
3.306667E1	2.761325E1	1.354062E-1
3.310000E1	2.763338E1	1.366107E-1
3.313333E1	2.764287E1	1.302585E-1
3.316667E1	2.768489E1	1.448232E-1
3.320000E1	2.776811E1	1.285643E-1
3.323333E1	2.778834E1	1.220539E-1
3.326667E1	2.785536E1	1.275481E-1
3.330000E1	2.789279E1	1.467563E-1
3.333333E1	2.791453E1	1.566983E-1
3.336667E1	2.792592E1	1.932990E-1
3.340000E1	2.793613E1	2.114763E-1
3.343333E1	2.792516E1	2.164252E-1
3.346667E1	2.790908E1	2.101395E-1
3.350000E1	2.789286E1	1.944641E-1
3.353333E1	2.791759E1	1.662793E-1
3.356667E1	2.792469E1	1.531073E-1
3.360000E1	2.795030E1	1.430562E-1
3.363333E1	2.797060E1	1.379092E-1
3.366667E1	2.803397E1	1.449438E-1
3.370000E1	2.811595E1	1.294418E-1
3.373333E1	2.815309E1	1.233774E-1
3.376667E1	2.823140E1	1.237443E-1
3.380000E1	2.826092E1	1.420246E-1
3.383333E1	2.828724E1	1.511429E-1
3.386667E1	2.831632E1	1.875083E-1
3.390000E1	2.834786E1	2.128931E-1
3.393333E1	2.834128E1	2.076638E-1
3.396667E1	2.833043E1	2.007567E-1
3.400000E1	2.832418E1	1.863217E-1
3.403333E1	2.834826E1	1.593679E-1
3.406667E1	2.835424E1	1.483721E-1
3.410000E1	2.837397E1	1.409977E-1
3.413333E1	2.838130E1	1.348189E-1
3.416667E1	2.842863E1	1.437118E-1
3.420000E1	2.851368E1	1.242560E-1
3.423333E1	2.853890E1	1.223817E-1
3.426667E1	2.864106E1	1.258546E-1
3.430000E1	2.867241E1	1.339822E-1
3.433333E1	2.868659E1	1.470202E-1
3.436667E1	2.872768E1	1.793265E-1
3.440000E1	2.874389E1	1.685213E-1
3.443333E1	2.873931E1	1.674651E-1
3.446667E1	2.871643E1	1.523123E-1
3.450000E1	2.869768E1	1.361433E-1
3.453333E1	2.873054E1	1.073500E-1
3.456667E1	2.873642E1	8.810549E-2
3.460000E1	2.876913E1	7.818007E-2
3.463333E1	2.880014E1	6.870342E-2
3.466667E1	2.885053E1	8.612846E-2
3.470000E1	2.894534E1	6.974798E-2
3.473333E1	2.897921E1	5.998035E-2
3.476667E1	2.907539E1	6.673623E-2
3.480000E1	2.911323E1	8.321359E-2
3.483333E1	2.916280E1	9.771865E-2
3.486667E1	2.919492E1	1.328633E-1
3.490000E1	2.922272E1	1.469764E-1
3.493333E1	2.923010E1	1.518818E-1
3.496667E1	2.921802E1	1.462241E-1
3.500000E1	2.920336E1	1.287717E-1
3.503333E1	2.923405E1	9.452930E-2
3.506667E1	2.924070E1	8.215198E-2
3.510000E1	2.927363E1	7.334374E-2
3.513333E1	2.930703E1	6.672144E-2
3.516667E1	2.935441E1	7.682004E-2
3.520000E1	2.945293E1	6.473276E-2
3.523333E1	2.949036E1	5.180208E-2
3.526667E1	2.959394E1	6.210395E-2
3.530000E1	2.963254E1	7.782520E-2
3.533333E1	2.967476E1	9.018296E-2
3.536667E1	2.971359E1	1.245488E-1
3.540000E1	2.974152E1	1.402189E-1
3.543333E1	2.975787E1	1.550060E-1
3.546667E1	2.973753E1	1.480539E-1
3.550000E1	2.972174E1	1.300219E-1
3.553333E1	2.975541E1	9.285730E-2
3.556667E1	2.975800E1	8.149980E-2
3.560000E1	2.978427E1	7.643642E-2
3.563333E1	2.981525E1	6.926113E-2
3.566667E1	2.986720E1	7.534433E-2
3.570000E1	2.996581E1	6.181647E-2
3.573333E1	2.999663E1	5.563858E-2
3.576667E1	3.009552E1	6.393886E-2
3.580000E1	3.013703E1	7.482049E-2
3.583333E1	3.018759E1	8.538121E-2
3.586667E1	3.022590E1	1.237327E-1
3.590000E1	3.025160E1	1.418414E-1
3.593333E1	3.026486E1	1.549035E-1
3.596667E1	3.024554E1	1.482859E-1
3.600000E1	3.022889E1	1.324922E-1
3.603333E1	3.025579E1	9.904772E-2
3.606667E1	3.026003E1	8.118941E-2
3.610000E1	3.027625E1	7.771761E-2
3.613333E1	3.031163E1	7.031789E-2
3.616667E1	3.037868E1	6.962205E-2
3.620000E1	3.044200E1	7.978232E-2
3.623333E1	3.049904E1	5.342700E-2
3.626667E1	3.060369E1	4.981690E-2
3.630000E1	3.062803E1	6.110456E-2
3.633333E1	3.069952E1	1.060613E-1
3.636667E1	3.073477E1	1.126721E-1
3.640000E1	3.076741E1	1.378935E-1
3.643333E1	3.079180E1	1.697002E-1
3.646667E1	3.079423E1	1.564494E-1
3.650000E1	3.076478E1	1.331194E-1
3.653333E1	3.077038E1	1.094658E-1
3.656667E1	3.077198E1	1.203789E-1
3.660000E1	3.081086E1	1.244428E-1
3.663333E1	3.081767E1	1.269034E-1
3.666667E1	3.087792E1	1.284467E-1
3.670000E1	3.093739E1	1.386563E-1
3.673333E1	3.098048E1	1.190696E-1
3.676667E1	3.106930E1	1.134986E-1
3.680000E1	3.109812E1	1.183855E-1
3.683333E1	3.115137E1	1.513862E-1
3.686667E1	3.116896E1	1.599978E-1
3.690000E1	3.119197E1	1.644474E-1
3.693333E1	3.122341E1	1.893277E-1
3.696667E1	3.122242E1	2.007368E-1
3.700000E1	3.117973E1	1.429982E-1
3.703333E1	3.119833E1	1.314090E-1
3.706667E1	3.120483E1	1.323479E-1
3.710000E1	3.122255E1	1.315193E-1
3.713333E1	3.124308E1	1.272435E-1
3.716667E1	3.131048E1	1.373949E-1
3.720000E1	3.136605E1	1.270228E-1
3.723333E1	3.141186E1	1.164707E-1
3.726667E1	3.149638E1	1.228864E-1
3.730000E1	3.152693E1	1.320777E-1
3.733333E1	3.154509E1	1.595164E-1
3.736667E1	3.156228E1	1.737414E-1
3.740000E1	3.158585E1	1.834794E-1
3.743333E1	3.159372E1	2.103221E-1
3.746667E1	3.157357E1	2.094208E-1
3.750000E1	3.154493E1	1.559847E-1
3.753333E1	3.154912E1	1.374655E-1
3.756667E1	3.155338E1	1.369333E-1
3.760000E1	3.156451E1	1.331202E-1
3.763333E1	3.156288E1	1.334119E-1
3.766667E1	3.163027E1	1.472298E-1
3.770000E1	3.166494E1	1.361412E-1
3.773333E1	3.170599E1	1.267432E-1
3.776667E1	3.177311E1	1.280244E-1
3.780000E1	3.179043E1	1.401565E-1
3.783333E1	3.182034E1	1.689489E-1
3.786667E1	3.184800E1	1.891051E-1
3.790000E1	3.185899E1	2.197934E-1
3.793333E1	3.186479E1	2.259788E-1
3.796667E1	3.185684E1	2.165324E-1
3.800000E1	3.182818E1	1.757763E-1
3.803333E1	3.184146E1	1.483115E-1
3.806667E1	3.183791E1	1.459878E-1
3.810000E1	3.184797E1	1.414449E-1
3.813333E1	3.185560E1	1.382768E-1
3.816667E1	3.193243E1	1.504728E-1
3.820000E1	3.198013E1	1.301018E-1
3.823333E1	3.201968E1	1.316306E-1
3.826667E1	3.210875E1	1.331362E-1
3.830000E1	3.213061E1	1.500348E-1
3.833333E1	3.215210E1	1.752561E-1
3.836667E1	3.220398E1	2.095300E-1
3.840000E1	3.222672E1	2.294030E-1
3.843333E1	3.223837E1	2.337459E-1
3.846667E1	3.222827E1	2.231165E-1
3.850000E1	3.221899E1	1.731079E-1
3.853333E1	3.224625E1	1.521402E-1
3.856667E1	3.226049E1	1.474519E-1
3.860000E1	3.227814E1	1.449686E-1
3.863333E1	3.227766E1	1.430751E-1
3.866667E1	3.235439E1	1.491595E-1
3.870000E1	3.240152E1	1.312979E-1
3.873333E1	3.243961E1	1.311731E-1
3.876667E1	3.253696E1	1.313061E-1
3.880000E1	3.256160E1	1.484676E-1
3.883333E1	3.258868E1	1.767998E-1
3.886667E1	3.264255E1	2.089271E-1
3.890000E1	3.266603E1	2.303899E-1
3.893333E1	3.268431E1	2.325560E-1
3.896667E1	3.267009E1	2.234030E-1
3.900000E1	3.265939E1	1.823868E-1
3.903333E1	3.268648E1	1.840608E-1
3.906667E1	3.269871E1	1.874049E-1
3.910000E1	3.270775E1	1.931580E-1
3.913333E1	3.270120E1	1.973829E-1
3.916667E1	3.279295E1	2.029779E-1
3.920000E1	3.282520E1	1.785718E-1
3.923333E1	3.286525E1	1.524391E-1
3.926667E1	3.295195E1	1.459022E-1
3.930000E1	3.298281E1	1.567971E-1
3.933333E1	3.302522E1	1.866164E-1
3.936667E1	3.306922E1	2.355012E-1
3.940000E1	3.309691E1	2.458565E-1
3.943333E1	3.311330E1	2.548262E-1
3.946667E1	3.309730E1	2.617891E-1
3.950000E1	3.308123E1	2.217754E-1
3.953333E1	3.308661E1	2.102999E-1
3.956667E1	3.310649E1	2.105328E-1
3.960000E1	3.312396E1	2.038951E-1
3.963333E1	3.312731E1	2.031891E-1
3.966667E1	3.318236E1	2.141168E-1
3.970000E1	3.323779E1	1.976378E-1
3.973333E1	3.328103E1	1.867022E-1
3.976667E1	3.335815E1	1.867745E-1
3.980000E1	3.337619E1	2.028768E-1
3.983333E1	3.341370E1	2.391783E-1
3.986667E1	3.343883E1	2.654060E-1
3.990000E1	3.344970E1	2.871301E-1
3.993333E1	3.346431E1	2.972524E-1
3.996667E1	3.344584E1	2.923801E-1
4.000000E1	3.340482E1	2.512171E-1
4.003333E1	3.341572E1	2.226699E-1
4.006667E1	3.341841E1	2.165851E-1
4.010000E1	3.342413E1	2.064307E-1
4.013333E1	3.342426E1	2.044626E-1
4.016667E1	3.349073E1	2.187073E-1
4.020000E1	3.353138E1	1.969094E-1
4.023333E1	3.357203E1	1.824002E-1
4.026667E1	3.363693E1	1.912571E-1
4.030000E1	3.366648E1	2.112460E-1
4.033333E1	3.369353E1	2.397787E-1
4.036667E1	3.371603E1	2.686432E-1
4.040000E1	3.372861E1	2.857377E-1
4.043333E1	3.371998E1	2.985152E-1
4.046667E1	3.369283E1	2.919853E-1
4.050000E1	3.365999E1	2.479841E-1
4.053333E1	3.365759E1	2.185527E-1
4.056667E1	3.365230E1	2.179499E-1
4.060000E1	3.365978E1	2.090333E-1
4.063333E1	3.365734E1	2.073572E-1
4.066667E1	3.370651E1	2.248829E-1
4.070000E1	3.375115E1	2.003435E-1
4.073333E1	3.379996E1	1.884025E-1
4.076667E1	3.385419E1	2.004234E-1
4.080000E1	3.387742E1	2.133996E-1
4.083333E1	3.388087E1	2.467250E-1
4.086667E1	3.389768E1	2.799528E-1
4.090000E1	3.392843E1	2.933273E-1
4.093333E1	3.391957E1	3.019568E-1
4.096667E1	3.389325E1	2.955495E-1
4.100000E1	3.385022E1	2.561490E-1
4.103333E1	3.385606E1	2.551889E-1
4.106667E1	3.385632E1	2.666798E-1
4.110000E1	3.385822E1	2.679372E-1
4.113333E1	3.386074E1	2.684871E-1
4.116667E1	3.390546E1	2.742163E-1
4.120000E1	3.394642E1	2.575276E-1
4.123333E1	3.396908E1	2.467811E-1
4.126667E1	3.402475E1	2.340822E-1
4.130000E1	3.403094E1	2.479461E-1
4.133333E1	3.405653E1	2.675553E-1
4.136667E1	3.407701E1	3.075599E-1
4.140000E1	3.408234E1	3.106494E-1
4.143333E1	3.406448E1	3.070476E-1
4.146667E1	3.403530E1	2.989145E-1
4.150000E1	3.398784E1	2.668986E-1
4.153333E1	3.399214E1	2.640500E-1
4.156667E1	3.399310E1	2.729606E-1
4.160000E1	3.399774E1	2.742310E-1
4.163333E1	3.400120E1	2.734095E-1
4.166667E1	3.404017E1	2.788908E-1
4.170000E1	3.408543E1	2.616764E-1
4.173333E1	3.411383E1	2.544698E-1
4.176667E1	3.417169E1	2.677371E-1
4.180000E1	3.420454E1	2.798325E-1
4.183333E1	3.420999E1	3.086299E-1
4.186667E1	3.422766E1	3.292576E-1
4.190000E1	3.423336E1	3.541414E-1
4.193333E1	3.420985E1	3.586173E-1
4.196667E1	3.417996E1	3.514813E-1
4.200000E1	3.413633E1	3.032058E-1
4.203333E1	3.413645E1	2.839686E-1
4.206667E1	3.413935E1	2.836170E-1
4.210000E1	3.414609E1	2.793317E-1
4.213333E1	3.414663E1	2.769408E-1
4.216667E1	3.419793E1	2.794228E-1
4.220000E1	3.423637E1	2.557474E-1
4.223333E1	3.426234E1	2.421463E-1
4.226667E1	3.432598E1	2.345562E-1
4.230000E1	3.435535E1	2.430546E-1
4.233333E1	3.436667E1	2.706644E-1
4.236667E1	3.438342E1	3.081845E-1
4.240000E1	3.439002E1	3.149259E-1
4.243333E1	3.440047E1	3.111197E-1
4.246667E1	3.437941E1	3.022198E-1
4.250000E1	3.432050E1	2.652191E-1
4.253333E1	3.434282E1	2.656273E-1
4.256667E1	3.434881E1	2.712723E-1
4.260000E1	3.436081E1	2.734486E-1
4.263333E1	3.436491E1	2.746704E-1
4.266667E1	3.442373E1	2.779282E-1
4.270000E1	3.446232E1	2.652659E-1
4.273333E1	3.450696E1	2.533549E-1
4.276667E1	3.456506E1	2.598391E-1
4.280000E1	3.458414E1	2.747606E-1
4.283333E1	3.459870E1	2.967999E-1
4.286667E1	3.461312E1	3.245476E-1
4.290000E1	3.464411E1	3.186020E-1
4.293333E1	3.463793E1	3.148867E-1
4.296667E1	3.461450E1	3.000785E-1
4.300000E1	3.457150E1	2.658665E-1
4.303333E1	3.457615E1	2.602923E-1
4.306667E1	3.457702E1	2.677207E-1
4.310000E1	3.458732E1	2.719411E-1
4.313333E1	3.459196E1	2.704640E-1
4.316667E1	3.464648E1	2.754443E-1
4.320000E1	3.469339E1	2.575323E-1
4.323333E1	3.472777E1	2.457560E-1
4.326667E1	3.478383E1	2.272622E-1
4.330000E1	3.481041E1	2.328443E-1
4.333333E1	3.482237E1	2.618176E-1
4.336667E1	3.486059E1	3.004539E-1
4.340000E1	3.487211E1	3.057276E-1
4.343333E1	3.486632E1	3.092461E-1
4.346667E1	3.484258E1	2.980804E-1
4.350000E1	3.480549E1	2.581755E-1
4.353333E1	3.480602E1	2.478509E-1
4.356667E1	3.480541E1	2.349016E-1
4.360000E1	3.481435E1	2.246212E-1
4.363333E1	3.481506E1	2.164711E-1
4.366667E1	3.486895E1	2.212687E-1
4.370000E1	3.491009E1	2.056775E-1
4.373333E1	3.495821E1	1.914031E-1
4.376667E1	3.501967E1	2.034909E-1
4.380000E1	3.504356E1	2.173206E-1
4.383333E1	3.507926E1	2.502222E-1
4.386667E1	3.511229E1	2.810663E-1
4.390000E1	3.514633E1	2.953336E-1
4.393333E1	3.514772E1	3.031303E-1
4.396667E1	3.512867E1	2.968672E-1
4.400000E1	3.508867E1	2.473509E-1
4.403333E1	3.510164E1	2.171357E-1
4.406667E1	3.509690E1	2.164246E-1
4.410000E1	3.510618E1	2.157583E-1
4.413333E1	3.510636E1	2.133782E-1
4.416667E1	3.516545E1	2.154261E-1
4.420000E1	3.521100E1	1.960223E-1
4.423333E1	3.525610E1	1.881219E-1
4.426667E1	3.534152E1	2.022664E-1
4.430000E1	3.537683E1	2.158472E-1
4.433333E1	3.540215E1	2.434968E-1
4.436667E1	3.544630E1	2.744160E-1
4.440000E1	3.546080E1	2.905455E-1
4.443333E1	3.545930E1	2.952251E-1
4.446667E1	3.543779E1	2.919074E-1
4.450000E1	3.541641E1	2.744041E-1
4.453333E1	3.543584E1	2.383427E-1
4.456667E1	3.544098E1	2.274244E-1
4.460000E1	3.545302E1	2.111447E-1
4.463333E1	3.545803E1	2.033019E-1
4.466667E1	3.548884E1	2.153562E-1
4.470000E1	3.557338E1	1.911775E-1
4.473333E1	3.559844E1	1.827629E-1
4.476667E1	3.567398E1	1.947577E-1
4.480000E1	3.571142E1	2.076020E-1
4.483333E1	3.574259E1	2.240115E-1
4.486667E1	3.578547E1	2.645955E-1
4.490000E1	3.581636E1	2.804453E-1
4.493333E1	3.581484E1	2.891702E-1
4.496667E1	3.579098E1	2.869341E-1
4.500000E1	3.576578E1	2.614763E-1
4.503333E1	3.578992E1	2.158866E-1
4.506667E1	3.579658E1	2.131407E-1
4.510000E1	3.581089E1	2.066307E-1
4.513333E1	3.581157E1	2.036588E-1
4.516667E1	3.584843E1	2.091058E-1
4.520000E1	3.592052E1	1.940845E-1
4.523333E1	3.595309E1	1.850467E-1
4.526667E1	3.602066E1	1.913595E-1
4.530000E1	3.605974E1	2.049719E-1
4.533333E1	3.610009E1	2.280866E-1
4.536667E1	3.613130E1	2.605214E-1
4.540000E1	3.616520E1	2.826738E-1
4.543333E1	3.616420E1	2.906124E-1
4.546667E1	3.614636E1	2.824979E-1
4.550000E1	3.611280E1	2.617000E-1
4.553333E1	3.610586E1	2.228749E-1
4.556667E1	3.610418E1	2.092184E-1
4.560000E1	3.610860E1	2.037401E-1
4.563333E1	3.611019E1	2.007378E-1
4.566667E1	3.614326E1	2.074921E-1
4.570000E1	3.621619E1	1.949856E-1
4.573333E1	3.624790E1	1.895021E-1
4.576667E1	3.631074E1	1.888348E-1
4.580000E1	3.634314E1	2.055564E-1
4.583333E1	3.638293E1	2.241592E-1
4.586667E1	3.641620E1	2.609018E-1
4.590000E1	3.645126E1	2.791736E-1
4.593333E1	3.644712E1	2.862235E-1
4.596667E1	3.642832E1	2.836988E-1
4.600000E1	3.640164E1	2.593946E-1
4.603333E1	3.639842E1	2.142226E-1
4.606667E1	3.639653E1	2.115837E-1
4.610000E1	3.639906E1	2.042351E-1
4.613333E1	3.639838E1	2.007075E-1
4.616667E1	3.642557E1	2.049992E-1
4.620000E1	3.649454E1	1.930222E-1
4.623333E1	3.653121E1	1.855625E-1
4.626667E1	3.659836E1	1.824234E-1
4.630000E1	3.663637E1	2.009282E-1
4.633333E1	3.668004E1	2.197379E-1
4.636667E1	3.671037E1	2.572292E-1
4.640000E1	3.674056E1	2.773143E-1
4.643333E1	3.674116E1	2.890396E-1
4.646667E1	3.672440E1	2.844681E-1
4.650000E1	3.668610E1	2.589873E-1
4.653333E1	3.668269E1	2.151802E-1
4.656667E1	3.668121E1	2.107018E-1
4.660000E1	3.668954E1	2.082757E-1
4.663333E1	3.669258E1	2.062586E-1
4.666667E1	3.672574E1	2.071912E-1
4.670000E1	3.679058E1	1.945446E-1
4.673333E1	3.682301E1	1.881618E-1
4.676667E1	3.689422E1	1.858626E-1
4.680000E1	3.692977E1	2.021702E-1
4.683333E1	3.696532E1	2.236198E-1
4.686667E1	3.699782E1	2.561842E-1
4.690000E1	3.703231E1	2.804686E-1
4.693333E1	3.702997E1	2.879077E-1
4.696667E1	3.701246E1	2.846201E-1
4.700000E1	3.697083E1	2.655638E-1
4.703333E1	3.697598E1	2.176353E-1
4.706667E1	3.696918E1	2.140214E-1
4.710000E1	3.697510E1	2.114747E-1
4.713333E1	3.697936E1	2.091470E-1
4.716667E1	3.700959E1	2.097452E-1
4.720000E1	3.707662E1	1.959706E-1
4.723333E1	3.709564E1	1.912954E-1
4.726667E1	3.716144E1	1.960480E-1
4.730000E1	3.722207E1	2.103907E-1
4.733333E1	3.726188E1	2.305421E-1
4.736667E1	3.728724E1	2.713138E-1
4.740000E1	3.731809E1	2.866573E-1
4.743333E1	3.731908E1	2.973232E-1
4.746667E1	3.729920E1	2.903003E-1
4.750000E1	3.725985E1	2.648573E-1
4.753333E1	3.726036E1	2.347552E-1
4.756667E1	3.725569E1	2.238829E-1
4.760000E1	3.726188E1	2.190117E-1
4.763333E1	3.726486E1	2.163151E-1
4.766667E1	3.728716E1	2.171948E-1
4.770000E1	3.735508E1	2.030570E-1
4.773333E1	3.739048E1	1.888076E-1
4.776667E1	3.746000E1	1.991039E-1
4.780000E1	3.749576E1	2.125807E-1
4.783333E1	3.751290E1	2.304353E-1
4.786667E1	3.755042E1	2.751253E-1
4.790000E1	3.756939E1	2.882985E-1
4.793333E1	3.756234E1	3.004251E-1
4.796667E1	3.753469E1	2.965831E-1
4.800000E1	3.749963E1	2.778441E-1
4.803333E1	3.751489E1	2.383541E-1
4.806667E1	3.752813E1	2.296564E-1
4.810000E1	3.753992E1	2.249731E-1
4.813333E1	3.754256E1	2.201338E-1
4.816667E1	3.757139E1	2.143110E-1
4.820000E1	3.764061E1	1.983818E-1
4.823333E1	3.765404E1	1.900158E-1
4.826667E1	3.774389E1	1.995321E-1
4.830000E1	3.777956E1	2.118808E-1
4.833333E1	3.780382E1	2.403914E-1
4.836667E1	3.784312E1	2.791071E-1
4.840000E1	3.786189E1	2.954929E-1
4.843333E1	3.788382E1	3.074560E-1
4.846667E1	3.787272E1	2.967472E-1
4.850000E1	3.783224E1	2.791735E-1
4.853333E1	3.783761E1	2.432139E-1
4.856667E1	3.783293E1	2.328101E-1
4.860000E1	3.783782E1	2.227571E-1
4.863333E1	3.784179E1	2.173506E-1
4.866667E1	3.787107E1	2.214192E-1
4.870000E1	3.793270E1	2.015968E-1
4.873333E1	3.797135E1	1.927016E-1
4.876667E1	3.803984E1	1.997455E-1
4.880000E1	3.807267E1	2.134413E-1
4.883333E1	3.809438E1	2.404002E-1
4.886667E1	3.813032E1	2.756107E-1
4.890000E1	3.814807E1	2.934690E-1
4.893333E1	3.814734E1	3.076615E-1
4.896667E1	3.811440E1	3.000376E-1
4.900000E1	3.807998E1	2.782474E-1
4.903333E1	3.809132E1	2.524550E-1
4.906667E1	3.809738E1	2.341530E-1
4.910000E1	3.810574E1	2.243344E-1
4.913333E1	3.810948E1	2.203382E-1
4.916667E1	3.813445E1	2.209452E-1
4.920000E1	3.818226E1	2.094568E-1
4.923333E1	3.820824E1	1.937908E-1
4.926667E1	3.826656E1	2.049357E-1
4.930000E1	3.830153E1	2.189287E-1
4.933333E1	3.833702E1	2.434723E-1
4.936667E1	3.835369E1	2.823185E-1
4.940000E1	3.836081E1	2.981948E-1
4.943333E1	3.835159E1	3.087489E-1
4.946667E1	3.832638E1	2.994077E-1
4.950000E1	3.829292E1	2.767083E-1
4.953333E1	3.827741E1	2.544855E-1
4.956667E1	3.827106E1	2.671236E-1
4.960000E1	3.827497E1	2.733528E-1
4.963333E1	3.827563E1	2.718810E-1
4.966667E1	3.829292E1	2.730065E-1
4.970000E1	3.832640E1	2.655872E-1
4.973333E1	3.835732E1	2.556056E-1
4.976667E1	3.842410E1	2.669558E-1
4.980000E1	3.845538E1	2.786862E-1
4.983333E1	3.848729E1	2.974273E-1
4.986667E1	3.849657E1	3.256690E-1
4.990000E1	3.851380E1	3.563962E-1
4.993333E1	3.853553E1	3.661089E-1
4.996667E1	3.852091E1	3.556598E-1
5.000000E1	3.848144E1	3.434069E-1
5.003333E1	3.847909E1	2.955784E-1
5.006667E1	3.847536E1	2.907584E-1
5.010000E1	3.848078E1	2.871900E-1
5.013333E1	3.848350E1	2.815449E-1
5.016667E1	3.850603E1	2.784490E-1
5.020000E1	3.855403E1	2.666936E-1
5.023333E1	3.859153E1	2.592063E-1
5.026667E1	3.866548E1	2.716991E-1
5.030000E1	3.871583E1	2.776966E-1
5.033333E1	3.874417E1	2.968121E-1
5.036667E1	3.877998E1	3.296450E-1
5.040000E1	3.879526E1	3.550954E-1
5.043333E1	3.879182E1	3.618574E-1
5.046667E1	3.877189E1	3.559371E-1
5.050000E1	3.874707E1	3.372532E-1
5.053333E1	3.876549E1	2.992837E-1
5.056667E1	3.876888E1	2.900570E-1
5.060000E1	3.877558E1	2.842361E-1
5.063333E1	3.877796E1	2.800110E-1
5.066667E1	3.880757E1	2.814144E-1
5.070000E1	3.889340E1	2.688228E-1
5.073333E1	3.892453E1	2.615917E-1
5.076667E1	3.901899E1	2.731709E-1
5.080000E1	3.906225E1	2.784529E-1
5.083333E1	3.909686E1	2.990236E-1
5.086667E1	3.915193E1	3.239785E-1
5.090000E1	3.916967E1	3.204271E-1
5.093333E1	3.919428E1	3.233405E-1
5.096667E1	3.918539E1	3.113590E-1
5.100000E1	3.916629E1	2.875059E-1
5.103333E1	3.918655E1	2.581212E-1
5.106667E1	3.919258E1	2.675620E-1
5.110000E1	3.920336E1	2.715250E-1
5.113333E1	3.920652E1	2.725606E-1
5.116667E1	3.922575E1	2.703284E-1
5.120000E1	3.929231E1	2.672376E-1
5.123333E1	3.932306E1	2.560995E-1
5.126667E1	3.940600E1	2.677688E-1
5.130000E1	3.945002E1	2.769236E-1
5.133333E1	3.947712E1	2.937174E-1
5.136667E1	3.951124E1	3.208497E-1
5.140000E1	3.952583E1	3.189156E-1
5.143333E1	3.956000E1	3.252188E-1
5.146667E1	3.954755E1	3.071119E-1
5.150000E1	3.951205E1	2.859801E-1
5.153333E1	3.950829E1	2.477424E-1
5.156667E1	3.950217E1	2.354368E-1
5.160000E1	3.950574E1	2.234032E-1
5.163333E1	3.950591E1	2.173544E-1
5.166667E1	3.953289E1	2.245084E-1
5.170000E1	3.961610E1	1.981672E-1
5.173333E1	3.964353E1	1.964202E-1
5.176667E1	3.971367E1	2.181452E-1
5.180000E1	3.975175E1	2.376197E-1
5.183333E1	3.976870E1	2.488147E-1
5.186667E1	3.981925E1	2.932754E-1
5.190000E1	3.984465E1	2.972628E-1
5.193333E1	3.982053E1	2.996846E-1
5.196667E1	3.978735E1	2.951491E-1
5.200000E1	3.976282E1	2.626278E-1
5.203333E1	3.976883E1	2.564739E-1
5.206667E1	3.977237E1	2.678345E-1
5.210000E1	3.977614E1	2.694171E-1
5.213333E1	3.978027E1	2.688142E-1
5.216667E1	3.979862E1	2.745473E-1
5.220000E1	3.985826E1	2.439190E-1
5.223333E1	3.988684E1	2.235759E-1
5.226667E1	3.995264E1	2.316223E-1
5.230000E1	3.998733E1	2.571275E-1
5.233333E1	3.999156E1	2.860187E-1
5.236667E1	4.004749E1	3.314738E-1
5.240000E1	4.006473E1	3.419315E-1
5.243333E1	4.004838E1	3.448015E-1
5.246667E1	4.001796E1	3.479751E-1
5.250000E1	3.997417E1	3.022522E-1
5.253333E1	3.999077E1	2.809563E-1
5.256667E1	3.999360E1	2.853582E-1
5.260000E1	4.000250E1	2.824199E-1
5.263333E1	4.000833E1	2.781651E-1
5.266667E1	4.004462E1	2.815880E-1
5.270000E1	4.011242E1	2.507652E-1
5.273333E1	4.014529E1	2.256607E-1
5.276667E1	4.019967E1	2.306543E-1
5.280000E1	4.022453E1	2.412155E-1
5.283333E1	4.025939E1	2.646693E-1
5.286667E1	4.030375E1	2.998710E-1
5.290000E1	4.031994E1	3.077717E-1
5.293333E1	4.034455E1	3.107670E-1
5.296667E1	4.033370E1	3.005214E-1
5.300000E1	4.028799E1	2.651910E-1
5.303333E1	4.029106E1	2.566973E-1
5.306667E1	4.029359E1	2.697655E-1
5.310000E1	4.030111E1	2.725399E-1
5.313333E1	4.029884E1	2.735282E-1
5.316667E1	4.035570E1	2.734822E-1
5.320000E1	4.039461E1	2.657087E-1
5.323333E1	4.045370E1	2.510532E-1
5.326667E1	4.051701E1	2.298682E-1
5.330000E1	4.054005E1	2.416422E-1
5.333333E1	4.060481E1	2.637624E-1
5.336667E1	4.062621E1	3.004530E-1
5.340000E1	4.066169E1	3.049542E-1
5.343333E1	4.067005E1	3.094489E-1
5.346667E1	4.064598E1	3.001747E-1
5.350000E1	4.062331E1	2.646663E-1
5.353333E1	4.064308E1	2.570637E-1
5.356667E1	4.064745E1	2.679247E-1
5.360000E1	4.065252E1	2.708762E-1
5.363333E1	4.065437E1	2.699460E-1
5.366667E1	4.070644E1	2.729691E-1
5.370000E1	4.076509E1	2.628139E-1
5.373333E1	4.080544E1	2.479922E-1
5.376667E1	4.088917E1	2.218198E-1
5.380000E1	4.091202E1	2.355738E-1
5.383333E1	4.095851E1	2.454489E-1
5.386667E1	4.099353E1	2.701488E-1
5.390000E1	4.103919E1	2.859636E-1
5.393333E1	4.104148E1	2.993807E-1
5.396667E1	4.101098E1	2.926306E-1
5.400000E1	4.097816E1	2.596322E-1
5.403333E1	4.099978E1	2.496169E-1
5.406667E1	4.100603E1	2.333185E-1
5.410000E1	4.101804E1	2.182261E-1
5.413333E1	4.102153E1	2.116195E-1
5.416667E1	4.106164E1	2.104668E-1
5.420000E1	4.112261E1	2.036486E-1
5.423333E1	4.117301E1	1.902159E-1
5.426667E1	4.125059E1	1.876156E-1
5.430000E1	4.126606E1	2.074314E-1
5.433333E1	4.133430E1	2.327964E-1
5.436667E1	4.137975E1	2.554328E-1
5.440000E1	4.140944E1	2.819935E-1
5.443333E1	4.143652E1	2.948375E-1
5.446667E1	4.142118E1	2.891802E-1
5.450000E1	4.139034E1	2.493831E-1
5.453333E1	4.139006E1	2.094071E-1
5.456667E1	4.138682E1	2.113806E-1
5.460000E1	4.139094E1	2.055343E-1
5.463333E1	4.138766E1	2.031923E-1
5.466667E1	4.144218E1	2.124438E-1
5.470000E1	4.149776E1	1.992928E-1
5.473333E1	4.153341E1	1.902914E-1
5.476667E1	4.162635E1	1.833502E-1
5.480000E1	4.165714E1	2.018932E-1
5.483333E1	4.170007E1	2.283241E-1
5.486667E1	4.175717E1	2.569822E-1
5.490000E1	4.178380E1	2.816337E-1
5.493333E1	4.180318E1	2.910857E-1
5.496667E1	4.179004E1	2.860684E-1
5.500000E1	4.175924E1	2.378960E-1
5.503333E1	4.175879E1	2.015325E-1
5.506667E1	4.175185E1	2.061187E-1
5.510000E1	4.175424E1	2.045013E-1
5.513333E1	4.175470E1	2.039295E-1
5.516667E1	4.179830E1	2.111352E-1
5.520000E1	4.184992E1	2.032081E-1
5.523333E1	4.189800E1	1.919517E-1
5.526667E1	4.197079E1	1.901509E-1
5.530000E1	4.199283E1	2.089799E-1
5.533333E1	4.205793E1	2.369006E-1
5.536667E1	4.210209E1	2.590294E-1
5.540000E1	4.213559E1	2.837986E-1
5.543333E1	4.215864E1	2.968713E-1
5.546667E1	4.214262E1	2.907010E-1
5.550000E1	4.210557E1	2.444777E-1
5.553333E1	4.210957E1	2.110654E-1
5.556667E1	4.210200E1	2.131700E-1
5.560000E1	4.210240E1	2.123845E-1
5.563333E1	4.210043E1	2.094370E-1
5.566667E1	4.215175E1	2.191136E-1
5.570000E1	4.220829E1	2.097917E-1
5.573333E1	4.224918E1	1.947590E-1
5.576667E1	4.232824E1	1.939061E-1
5.580000E1	4.235395E1	2.067609E-1
5.583333E1	4.239378E1	2.403268E-1
5.586667E1	4.242457E1	2.684438E-1
5.590000E1	4.247177E1	2.853684E-1
5.593333E1	4.247035E1	2.967557E-1
5.596667E1	4.244506E1	2.924383E-1
5.600000E1	4.241635E1	2.608813E-1
5.603333E1	4.244234E1	2.568939E-1
5.606667E1	4.244605E1	2.642448E-1
5.610000E1	4.244981E1	2.677497E-1
5.613333E1	4.244803E1	2.707860E-1
5.616667E1	4.249615E1	2.727248E-1
5.620000E1	4.254596E1	2.616176E-1
5.623333E1	4.257405E1	2.552767E-1
5.626667E1	4.266034E1	2.671045E-1
5.630000E1	4.268108E1	2.735937E-1
5.633333E1	4.272516E1	3.002197E-1
5.636667E1	4.276721E1	3.178481E-1
5.640000E1	4.278899E1	3.165149E-1
5.643333E1	4.281207E1	3.193203E-1
5.646667E1	4.279797E1	3.047853E-1
5.650000E1	4.275729E1	2.693979E-1
5.653333E1	4.275913E1	2.615726E-1
5.656667E1	4.275661E1	2.723466E-1
5.660000E1	4.276198E1	2.736352E-1
5.663333E1	4.275625E1	2.746490E-1
5.666667E1	4.279987E1	2.796129E-1
5.670000E1	4.285678E1	2.719269E-1
5.673333E1	4.291072E1	2.569049E-1
5.676667E1	4.297975E1	2.647005E-1
5.680000E1	4.299611E1	2.749326E-1
5.683333E1	4.307118E1	3.005446E-1
5.686667E1	4.311985E1	3.165511E-1
5.690000E1	4.313970E1	3.188436E-1
5.693333E1	4.317871E1	3.266731E-1
5.696667E1	4.315683E1	3.335675E-1
5.700000E1	4.312902E1	3.017385E-1
5.703333E1	4.312815E1	2.787006E-1
5.706667E1	4.312257E1	2.841096E-1
5.710000E1	4.312242E1	2.801484E-1
5.713333E1	4.311776E1	2.777066E-1
5.716667E1	4.316481E1	2.817795E-1
5.720000E1	4.322311E1	2.717208E-1
5.723333E1	4.326811E1	2.630315E-1
5.726667E1	4.334507E1	2.693917E-1
5.730000E1	4.337086E1	2.818587E-1
5.733333E1	4.343308E1	3.063648E-1
5.736667E1	4.349218E1	3.220305E-1
5.740000E1	4.351404E1	3.222837E-1
5.743333E1	4.353882E1	3.277762E-1
5.746667E1	4.352693E1	3.347558E-1
5.750000E1	4.350241E1	3.033334E-1
5.753333E1	4.352074E1	2.783769E-1
5.756667E1	4.352653E1	2.835342E-1
5.760000E1	4.353149E1	2.807119E-1
5.763333E1	4.353299E1	2.781030E-1
5.766667E1	4.356608E1	2.762967E-1
5.770000E1	4.360229E1	2.708825E-1
5.773333E1	4.365458E1	2.632987E-1
5.776667E1	4.373768E1	2.707373E-1
5.780000E1	4.376626E1	2.788105E-1
5.783333E1	4.381303E1	3.044823E-1
5.786667E1	4.384724E1	3.232931E-1
5.790000E1	4.386353E1	3.224733E-1
5.793333E1	4.389396E1	3.265775E-1
5.796667E1	4.387632E1	3.382215E-1
5.800000E1	4.384610E1	3.001236E-1
5.803333E1	4.384214E1	2.836973E-1
5.806667E1	4.383673E1	2.860125E-1
5.810000E1	4.383578E1	2.787315E-1
5.813333E1	4.383166E1	2.754645E-1
5.816667E1	4.387222E1	2.818354E-1
5.820000E1	4.393247E1	2.711903E-1
5.823333E1	4.396080E1	2.663428E-1
5.826667E1	4.404214E1	2.704298E-1
5.830000E1	4.407438E1	2.795586E-1
5.833333E1	4.411867E1	3.037213E-1
5.836667E1	4.415345E1	3.268294E-1
5.840000E1	4.420143E1	3.535801E-1
5.843333E1	4.421523E1	3.646202E-1
5.846667E1	4.418345E1	3.547144E-1
5.850000E1	4.415258E1	3.111482E-1
5.853333E1	4.417727E1	2.858900E-1
5.856667E1	4.417885E1	2.853086E-1
5.860000E1	4.418084E1	2.807109E-1
5.863333E1	4.418149E1	2.788229E-1
5.866667E1	4.422517E1	2.819483E-1
5.870000E1	4.427247E1	2.754245E-1
5.873333E1	4.429970E1	2.650632E-1
5.876667E1	4.439156E1	2.701026E-1
5.880000E1	4.441668E1	2.778247E-1
5.883333E1	4.445797E1	3.032841E-1
5.886667E1	4.451522E1	3.234768E-1
5.890000E1	4.455172E1	3.231076E-1
5.893333E1	4.455644E1	3.317705E-1
5.896667E1	4.453754E1	3.378776E-1
5.900000E1	4.450076E1	2.993617E-1
5.903333E1	4.449358E1	2.781290E-1
5.906667E1	4.448848E1	2.822229E-1
5.910000E1	4.448494E1	2.818378E-1
5.913333E1	4.448069E1	2.804857E-1
5.916667E1	4.452434E1	2.851451E-1
5.920000E1	4.456485E1	2.710415E-1
5.923333E1	4.460032E1	2.634564E-1
5.926667E1	4.468558E1	2.691586E-1
5.930000E1	4.470866E1	2.841369E-1
5.933333E1	4.475808E1	3.082705E-1
5.936667E1	4.480059E1	3.309096E-1
5.940000E1	4.482295E1	3.575597E-1
5.943333E1	4.483911E1	3.614994E-1
5.946667E1	4.482110E1	3.514126E-1
5.950000E1	4.477940E1	3.120445E-1
5.953333E1	4.478150E1	2.872744E-1
5.956667E1	4.477425E1	2.846993E-1
5.960000E1	4.477116E1	2.830899E-1
5.963333E1	4.476817E1	2.838183E-1
5.966667E1	4.480555E1	2.834384E-1
5.970000E1	4.485502E1	2.735639E-1
5.973333E1	4.488371E1	2.623849E-1
5.976667E1	4.497026E1	2.695184E-1
5.980000E1	4.499549E1	2.828450E-1
5.983333E1	4.504131E1	3.043231E-1
5.986667E1	4.508855E1	3.290839E-1
5.990000E1	4.511065E1	3.570447E-1
5.993333E1	4.512655E1	3.636579E-1
5.996667E1	4.510891E1	3.561944E-1
6.000000E1	4.506077E1	3.081234E-1
6.003333E1	4.506904E1	2.793900E-1
6.006667E1	4.506044E1	2.833972E-1
6.010000E1	4.505594E1	2.827355E-1
6.013333E1	4.505434E1	2.805391E-1
6.016667E1	4.509816E1	2.771309E-1
6.020000E1	4.514444E1	2.761363E-1
6.023333E1	4.517648E1	2.630936E-1
6.026667E1	4.526330E1	2.698834E-1
6.030000E1	4.528807E1	2.815787E-1
6.033333E1	4.533377E1	3.077860E-1
6.036667E1	4.538783E1	3.254927E-1
6.040000E1	4.542453E1	3.516705E-1
6.043333E1	4.543618E1	3.585804E-1
6.046667E1	4.541131E1	3.541707E-1
6.050000E1	4.537022E1	3.117711E-1
6.053333E1	4.536391E1	2.868788E-1
6.056667E1	4.535640E1	2.886147E-1
6.060000E1	4.535099E1	2.851612E-1
6.063333E1	4.535090E1	2.799788E-1
6.066667E1	4.539203E1	2.848670E-1
6.070000E1	4.543719E1	2.754010E-1
6.073333E1	4.546742E1	2.601800E-1
6.076667E1	4.555248E1	2.693705E-1
6.080000E1	4.557708E1	2.852236E-1
6.083333E1	4.561890E1	3.062506E-1
6.086667E1	4.567235E1	3.273080E-1
6.090000E1	4.571357E1	3.594571E-1
6.093333E1	4.571782E1	3.686019E-1
6.096667E1	4.569730E1	3.596475E-1
6.100000E1	4.564967E1	3.060004E-1
6.103333E1	4.564026E1	2.863108E-1
6.106667E1	4.563698E1	2.866216E-1
6.110000E1	4.563340E1	2.865522E-1
6.113333E1	4.563106E1	2.854332E-1
6.116667E1	4.564748E1	2.879664E-1
6.120000E1	4.569677E1	2.775520E-1
6.123333E1	4.572231E1	2.646849E-1
6.126667E1	4.579165E1	2.729223E-1
6.130000E1	4.583516E1	2.835785E-1
6.133333E1	4.588095E1	3.032216E-1
6.136667E1	4.591932E1	3.376360E-1
6.140000E1	4.595024E1	3.652373E-1
6.143333E1	4.594956E1	3.728558E-1
6.146667E1	4.591933E1	3.609598E-1
6.150000E1	4.588153E1	3.383083E-1
6.153333E1	4.586001E1	3.008942E-1
6.156667E1	4.585663E1	2.945927E-1
6.160000E1	4.584967E1	2.915805E-1
6.163333E1	4.584979E1	2.888991E-1
6.166667E1	4.586160E1	2.910358E-1
6.170000E1	4.590436E1	2.813134E-1
6.173333E1	4.594689E1	2.703387E-1
6.176667E1	4.600416E1	2.748008E-1
6.180000E1	4.603343E1	2.884852E-1
6.183333E1	4.610029E1	3.071745E-1
6.186667E1	4.613657E1	3.446894E-1
6.190000E1	4.616222E1	3.686730E-1
6.193333E1	4.616373E1	3.773208E-1
6.196667E1	4.614325E1	3.677806E-1
6.200000E1	4.609971E1	3.530621E-1
6.203333E1	4.607318E1	3.132333E-1
6.206667E1	4.607122E1	3.030865E-1
6.210000E1	4.606577E1	2.982967E-1
6.213333E1	4.606410E1	2.967423E-1
6.216667E1	4.607791E1	2.940609E-1
6.220000E1	4.612186E1	2.853150E-1
6.223333E1	4.615527E1	2.783508E-1
6.226667E1	4.622607E1	2.774874E-1
6.230000E1	4.626714E1	2.929483E-1
6.233333E1	4.631174E1	3.162725E-1
6.236667E1	4.636125E1	3.567825E-1
6.240000E1	4.639650E1	3.815554E-1
6.243333E1	4.641947E1	3.871320E-1
6.246667E1	4.641260E1	3.733110E-1
6.250000E1	4.637548E1	3.559922E-1
6.253333E1	4.635821E1	3.229619E-1
6.256667E1	4.635854E1	3.092126E-1
6.260000E1	4.635339E1	3.011231E-1
6.263333E1	4.634955E1	2.944018E-1
6.266667E1	4.636941E1	2.976435E-1
6.270000E1	4.641557E1	2.876417E-1
6.273333E1	4.644707E1	2.802041E-1
6.276667E1	4.652009E1	2.782715E-1
6.280000E1	4.656223E1	2.949408E-1
6.283333E1	4.662255E1	3.112307E-1
6.286667E1	4.669904E1	3.533695E-1
6.290000E1	4.673420E1	3.760746E-1
6.293333E1	4.674783E1	3.825889E-1
6.296667E1	4.672871E1	3.753334E-1
6.300000E1	4.669570E1	3.568577E-1
6.303333E1	4.670380E1	3.254149E-1
6.306667E1	4.670975E1	3.138691E-1
6.310000E1	4.671300E1	3.028101E-1
6.313333E1	4.671361E1	2.984130E-1
6.316667E1	4.673224E1	2.945849E-1
6.320000E1	4.678915E1	2.886123E-1
6.323333E1	4.682647E1	2.811254E-1
6.326667E1	4.689347E1	2.752159E-1
6.330000E1	4.693313E1	2.870592E-1
6.333333E1	4.699885E1	3.060821E-1
6.336667E1	4.706639E1	3.421214E-1
6.340000E1	4.710744E1	3.677126E-1
6.343333E1	4.713533E1	3.775097E-1
6.346667E1	4.713709E1	3.721977E-1
6.350000E1	4.711198E1	3.536856E-1
6.353333E1	4.710330E1	3.194774E-1
6.356667E1	4.709390E1	3.050525E-1
6.360000E1	4.708840E1	2.954665E-1
6.363333E1	4.708599E1	2.909966E-1
6.366667E1	4.710500E1	2.874798E-1
6.370000E1	4.715538E1	2.828852E-1
6.373333E1	4.717885E1	2.740397E-1
6.376667E1	4.726335E1	2.739821E-1
6.380000E1	4.731551E1	2.885696E-1
6.383333E1	4.737284E1	3.120084E-1
6.386667E1	4.744601E1	3.388790E-1
6.390000E1	4.747373E1	3.666612E-1
6.393333E1	4.748891E1	3.800089E-1
6.396667E1	4.749948E1	3.724758E-1
6.400000E1	4.746806E1	3.568421E-1
6.403333E1	4.745363E1	3.171062E-1
6.406667E1	4.745041E1	3.017660E-1
6.410000E1	4.744398E1	2.944525E-1
6.413333E1	4.744131E1	2.911639E-1
6.416667E1	4.745508E1	2.878794E-1
6.420000E1	4.750189E1	2.781884E-1
6.423333E1	4.754709E1	2.715069E-1
6.426667E1	4.761589E1	2.721354E-1
6.430000E1	4.765746E1	2.825168E-1
6.433333E1	4.772619E1	3.010879E-1
6.436667E1	4.780278E1	3.287507E-1
6.440000E1	4.781773E1	3.577530E-1
6.443333E1	4.784508E1	3.734572E-1
6.446667E1	4.786741E1	3.725759E-1
6.450000E1	4.783340E1	3.458007E-1
6.453333E1	4.781078E1	3.088908E-1
6.456667E1	4.780761E1	2.980283E-1
6.460000E1	4.779600E1	2.935169E-1
6.463333E1	4.779451E1	2.900812E-1
6.466667E1	4.780973E1	2.872842E-1
6.470000E1	4.785227E1	2.823784E-1
6.473333E1	4.788083E1	2.699804E-1
6.476667E1	4.795744E1	2.721265E-1
6.480000E1	4.800600E1	2.864521E-1
6.483333E1	4.805776E1	3.033842E-1
6.486667E1	4.810932E1	3.329567E-1
6.490000E1	4.813930E1	3.693863E-1
6.493333E1	4.816648E1	3.719626E-1
6.496667E1	4.815878E1	3.648995E-1
6.500000E1	4.811335E1	3.466204E-1
6.503333E1	4.808572E1	3.026115E-1
6.506667E1	4.808128E1	2.956085E-1
6.510000E1	4.807200E1	2.955440E-1
6.513333E1	4.807180E1	2.905256E-1
6.516667E1	4.808985E1	2.931645E-1
6.520000E1	4.813020E1	2.867649E-1
6.523333E1	4.816373E1	2.768570E-1
6.526667E1	4.822726E1	2.765533E-1
6.530000E1	4.828010E1	2.884592E-1
6.533333E1	4.833247E1	3.070821E-1
6.536667E1	4.839628E1	3.353383E-1
6.540000E1	4.842710E1	3.649488E-1
6.543333E1	4.844638E1	3.714450E-1
6.546667E1	4.843561E1	3.612450E-1
6.550000E1	4.838748E1	3.449365E-1
6.553333E1	4.837497E1	3.074589E-1
6.556667E1	4.837025E1	3.002594E-1
6.560000E1	4.836138E1	2.953884E-1
6.563333E1	4.835821E1	2.909477E-1
6.566667E1	4.837064E1	2.931416E-1
6.570000E1	4.840169E1	2.823041E-1
6.573333E1	4.841906E1	2.771329E-1
6.576667E1	4.848085E1	2.748235E-1
6.580000E1	4.851753E1	2.889533E-1
6.583333E1	4.858184E1	3.042265E-1
6.586667E1	4.864826E1	3.399694E-1
6.590000E1	4.868785E1	3.726880E-1
6.593333E1	4.870228E1	3.810871E-1
6.596667E1	4.868071E1	3.648735E-1
6.600000E1	4.863319E1	3.520541E-1
6.603333E1	4.860768E1	3.076907E-1
6.606667E1	4.860129E1	3.006563E-1
6.610000E1	4.859012E1	2.947312E-1
6.613333E1	4.858891E1	2.943826E-1
6.616667E1	4.860768E1	2.944711E-1
6.620000E1	4.864684E1	2.643287E-1
6.623333E1	4.869151E1	2.669073E-1
6.626667E1	4.875987E1	2.853855E-1
6.630000E1	4.880343E1	3.035567E-1
6.633333E1	4.883423E1	3.090037E-1
6.636667E1	4.892834E1	3.663009E-1
6.640000E1	4.896064E1	3.702881E-1
6.643333E1	4.893775E1	3.692692E-1
6.646667E1	4.890997E1	3.616644E-1
6.650000E1	4.886347E1	3.245198E-1
6.653333E1	4.885975E1	2.939119E-1
6.656667E1	4.886586E1	2.936635E-1
6.660000E1	4.884924E1	2.958412E-1
6.663333E1	4.881786E1	2.942053E-1
6.666667E1	4.882924E1	2.999466E-1
6.670000E1	4.886171E1	2.737380E-1
6.673333E1	4.889198E1	2.739009E-1
6.676667E1	4.895879E1	2.885988E-1
6.680000E1	4.900433E1	3.110856E-1
6.683333E1	4.902797E1	3.168609E-1
6.686667E1	4.910621E1	3.763153E-1
6.690000E1	4.911892E1	3.813839E-1
6.693333E1	4.907655E1	3.775153E-1
6.696667E1	4.904094E1	3.662737E-1
6.700000E1	4.899037E1	3.321819E-1
6.703333E1	4.894866E1	3.229894E-1
6.706667E1	4.894036E1	3.087948E-1
6.710000E1	4.891966E1	3.062908E-1
6.713333E1	4.889371E1	3.030459E-1
6.716667E1	4.889154E1	3.069824E-1
6.720000E1	4.890674E1	2.763760E-1
6.723333E1	4.891676E1	2.775337E-1
6.726667E1	4.897032E1	2.873244E-1
6.730000E1	4.900493E1	3.112467E-1
6.733333E1	4.902445E1	3.229120E-1
6.736667E1	4.908113E1	3.903053E-1
6.740000E1	4.910344E1	3.856723E-1
6.743333E1	4.905690E1	3.800531E-1
6.746667E1	4.900319E1	3.743216E-1
6.750000E1	4.894513E1	3.408778E-1
6.753333E1	4.890381E1	3.308091E-1
6.756667E1	4.888323E1	3.510551E-1
6.760000E1	4.885820E1	3.572168E-1
6.763333E1	4.885327E1	3.560235E-1
6.766667E1	4.882850E1	3.599043E-1
6.770000E1	4.883323E1	3.272137E-1
6.773333E1	4.883963E1	3.320502E-1
6.776667E1	4.888446E1	3.589092E-1
6.780000E1	4.891657E1	3.838451E-1
6.783333E1	4.890685E1	3.914220E-1
6.786667E1	4.896322E1	4.399753E-1
6.790000E1	4.896698E1	4.395666E-1
6.793333E1	4.890952E1	4.317602E-1
6.796667E1	4.885698E1	4.231732E-1
6.800000E1	4.879072E1	3.980287E-1
6.803333E1	4.875235E1	3.936009E-1
6.806667E1	4.873629E1	3.834364E-1
6.810000E1	4.871815E1	3.788953E-1
6.813333E1	4.871720E1	3.714668E-1
6.816667E1	4.872027E1	3.692241E-1
6.820000E1	4.873276E1	3.280448E-1
6.823333E1	4.874289E1	3.325511E-1
6.826667E1	4.877582E1	3.584224E-1
6.830000E1	4.879764E1	3.844416E-1
6.833333E1	4.880977E1	4.030786E-1
6.836667E1	4.887646E1	4.633709E-1
6.840000E1	4.888294E1	4.520369E-1
6.843333E1	4.883376E1	4.372507E-1
6.846667E1	4.876507E1	4.300404E-1
6.850000E1	4.870715E1	4.118898E-1
6.853333E1	4.864223E1	4.014862E-1
6.856667E1	4.864165E1	4.147353E-1
6.860000E1	4.862805E1	4.213993E-1
6.863333E1	4.860852E1	4.218463E-1
6.866667E1	4.860002E1	4.181752E-1
6.870000E1	4.861554E1	3.702601E-1
6.873333E1	4.862240E1	3.453213E-1
6.876667E1	4.867677E1	3.666521E-1
6.880000E1	4.871745E1	3.950785E-1
6.883333E1	4.873838E1	4.080516E-1
6.886667E1	4.879963E1	4.600543E-1
6.890000E1	4.881888E1	4.495171E-1
6.893333E1	4.877936E1	4.368144E-1
6.896667E1	4.872728E1	4.268547E-1
6.900000E1	4.867741E1	4.098612E-1
6.903333E1	4.864016E1	3.922114E-1
6.906667E1	4.863539E1	3.814382E-1
6.910000E1	4.860448E1	3.701334E-1
6.913333E1	4.859887E1	3.662263E-1
6.916667E1	4.859995E1	3.642931E-1
6.920000E1	4.861995E1	3.156679E-1
6.923333E1	4.862780E1	2.967475E-1
6.926667E1	4.868650E1	3.051937E-1
6.930000E1	4.873755E1	3.338244E-1
6.933333E1	4.875601E1	3.687292E-1
6.936667E1	4.882566E1	4.164750E-1
6.940000E1	4.883677E1	4.260066E-1
6.943333E1	4.881535E1	4.238826E-1
6.946667E1	4.878895E1	4.200429E-1
6.950000E1	4.871546E1	3.818648E-1
6.953333E1	4.871523E1	3.453962E-1
6.956667E1	4.870622E1	3.532410E-1
6.960000E1	4.866481E1	3.514178E-1
6.963333E1	4.866312E1	3.518072E-1
6.966667E1	4.866338E1	3.548534E-1
6.970000E1	4.867322E1	3.424390E-1
6.973333E1	4.869749E1	3.287144E-1
6.976667E1	4.874433E1	3.240817E-1
6.980000E1	4.877044E1	3.323539E-1
6.983333E1	4.880962E1	3.710858E-1
6.986667E1	4.885412E1	3.996396E-1
6.990000E1	4.889108E1	4.243423E-1
6.993333E1	4.889061E1	4.258650E-1
6.996667E1	4.886940E1	4.184956E-1
7.000000E1	4.877724E1	3.836640E-1
7.003333E1	4.874502E1	3.414819E-1
7.006667E1	4.873200E1	3.421801E-1
7.010000E1	4.871512E1	3.415344E-1
7.013333E1	4.872376E1	3.453066E-1
7.016667E1	4.871778E1	3.507037E-1
7.020000E1	4.873574E1	3.400134E-1
7.023333E1	4.875422E1	3.190596E-1
7.026667E1	4.878812E1	2.996568E-1
7.030000E1	4.882497E1	3.130312E-1
7.033333E1	4.887355E1	3.428477E-1
7.036667E1	4.890553E1	3.772456E-1
7.040000E1	4.892172E1	3.859354E-1
7.043333E1	4.890389E1	3.830130E-1
7.046667E1	4.887699E1	3.672063E-1
7.050000E1	4.877637E1	3.293434E-1
7.053333E1	4.874669E1	3.113592E-1
7.056667E1	4.872751E1	2.994165E-1
7.060000E1	4.870605E1	2.960600E-1
7.063333E1	4.868658E1	2.936337E-1
7.066667E1	4.866658E1	2.963446E-1
7.070000E1	4.868435E1	2.884113E-1
7.073333E1	4.869954E1	2.735581E-1
7.076667E1	4.873966E1	2.754285E-1
7.080000E1	4.875988E1	2.969413E-1
7.083333E1	4.880192E1	3.236178E-1
7.086667E1	4.884504E1	3.483438E-1
7.090000E1	4.886281E1	3.682485E-1
7.093333E1	4.886934E1	3.823817E-1
7.096667E1	4.885490E1	3.683257E-1
7.100000E1	4.875689E1	3.318425E-1
7.103333E1	4.873480E1	3.078575E-1
7.106667E1	4.871785E1	3.008099E-1
7.110000E1	4.868473E1	2.997227E-1
7.113333E1	4.867225E1	2.968492E-1
7.116667E1	4.865185E1	3.050787E-1
7.120000E1	4.867040E1	2.911315E-1
7.123333E1	4.868694E1	2.777983E-1
7.126667E1	4.872066E1	2.814406E-1
7.130000E1	4.874983E1	2.968514E-1
7.133333E1	4.877731E1	3.220122E-1
7.136667E1	4.880538E1	3.507246E-1
7.140000E1	4.883424E1	3.736631E-1
7.143333E1	4.882423E1	3.829924E-1
7.146667E1	4.879158E1	3.697147E-1
7.150000E1	4.869969E1	3.278629E-1
7.153333E1	4.865989E1	3.212417E-1
7.156667E1	4.864310E1	3.085820E-1
7.160000E1	4.860803E1	3.050958E-1
7.163333E1	4.859435E1	3.029092E-1
7.166667E1	4.858952E1	3.031368E-1
7.170000E1	4.859648E1	2.924384E-1
7.173333E1	4.861071E1	2.830011E-1
7.176667E1	4.864823E1	2.783723E-1
7.180000E1	4.868604E1	3.015035E-1
7.183333E1	4.871970E1	3.437163E-1
7.186667E1	4.876281E1	3.859438E-1
7.190000E1	4.877816E1	3.926799E-1
7.193333E1	4.875870E1	3.914231E-1
7.196667E1	4.873266E1	3.772259E-1
7.200000E1	4.863751E1	3.318772E-1
7.203333E1	4.862112E1	3.292572E-1
7.206667E1	4.859627E1	3.388503E-1
7.210000E1	4.857447E1	3.461542E-1
7.213333E1	4.858110E1	3.518579E-1
7.216667E1	4.857401E1	3.513673E-1
7.220000E1	4.858978E1	3.422400E-1
7.223333E1	4.860425E1	3.305467E-1
7.226667E1	4.864849E1	3.295342E-1
7.230000E1	4.869066E1	3.518317E-1
7.233333E1	4.873012E1	3.896676E-1
7.236667E1	4.876450E1	4.098310E-1
7.240000E1	4.878566E1	4.262989E-1
7.243333E1	4.879723E1	4.304972E-1
7.246667E1	4.877455E1	4.250486E-1
7.250000E1	4.867990E1	3.877770E-1
7.253333E1	4.865620E1	3.493731E-1
7.256667E1	4.863622E1	3.537544E-1
7.260000E1	4.859938E1	3.540136E-1
7.263333E1	4.859798E1	3.541634E-1
7.266667E1	4.858785E1	3.574649E-1
7.270000E1	4.859926E1	3.444633E-1
7.273333E1	4.861548E1	3.268579E-1
7.276667E1	4.867471E1	3.201278E-1
7.280000E1	4.870974E1	3.329564E-1
7.283333E1	4.876705E1	3.752980E-1
7.286667E1	4.880312E1	3.990619E-1
7.290000E1	4.884185E1	4.213232E-1
7.293333E1	4.884002E1	4.275862E-1
7.296667E1	4.880891E1	4.222875E-1
7.300000E1	4.873348E1	3.926808E-1
7.303333E1	4.871673E1	3.513840E-1
7.306667E1	4.870380E1	3.490025E-1
7.310000E1	4.866119E1	3.458715E-1
7.313333E1	4.865644E1	3.492287E-1
7.316667E1	4.866099E1	3.541475E-1
7.320000E1	4.867594E1	3.426875E-1
7.323333E1	4.869179E1	3.262650E-1
7.326667E1	4.874245E1	3.232313E-1
7.330000E1	4.876981E1	3.261458E-1
7.333333E1	4.882893E1	3.671580E-1
7.336667E1	4.886644E1	3.847504E-1
7.340000E1	4.890474E1	3.879082E-1
7.343333E1	4.890342E1	3.939604E-1
7.346667E1	4.887916E1	3.742719E-1
7.350000E1	4.878859E1	3.326489E-1
7.353333E1	4.877587E1	3.148640E-1
7.356667E1	4.874628E1	3.034599E-1
7.360000E1	4.872257E1	3.007971E-1
7.363333E1	4.872324E1	2.966150E-1
7.366667E1	4.872354E1	2.967800E-1
7.370000E1	4.874337E1	2.881203E-1
7.373333E1	4.875648E1	2.786884E-1
7.376667E1	4.879651E1	2.801375E-1
7.380000E1	4.883200E1	2.964299E-1
7.383333E1	4.887608E1	3.217659E-1
7.386667E1	4.891482E1	3.440877E-1
7.390000E1	4.893424E1	3.641636E-1
7.393333E1	4.894208E1	3.640703E-1
7.396667E1	4.891523E1	3.576505E-1
7.400000E1	4.881282E1	3.182267E-1
7.403333E1	4.879293E1	2.851845E-1
7.406667E1	4.877001E1	2.905000E-1
7.410000E1	4.872673E1	2.926163E-1
7.413333E1	4.872311E1	2.920030E-1
7.416667E1	4.872000E1	2.899339E-1
7.420000E1	4.873205E1	2.847070E-1
7.423333E1	4.874887E1	2.727800E-1
7.426667E1	4.878032E1	2.738037E-1
7.430000E1	4.879184E1	2.945676E-1
7.433333E1	4.885407E1	3.192831E-1
7.436667E1	4.889511E1	3.370701E-1
7.440000E1	4.891583E1	3.615951E-1
7.443333E1	4.889874E1	3.653984E-1
7.446667E1	4.887252E1	3.555406E-1
7.450000E1	4.877033E1	3.125176E-1
7.453333E1	4.873676E1	2.886193E-1
7.456667E1	4.872204E1	2.897177E-1
7.460000E1	4.868714E1	2.904068E-1
7.463333E1	4.866431E1	2.911723E-1
7.466667E1	4.864876E1	2.913859E-1
7.470000E1	4.865708E1	2.824751E-1
7.473333E1	4.867967E1	2.713920E-1
7.476667E1	4.872592E1	2.784338E-1
7.480000E1	4.875016E1	2.947580E-1
7.483333E1	4.878813E1	3.184239E-1
7.486667E1	4.883268E1	3.468387E-1
7.490000E1	4.885265E1	3.687928E-1
7.493333E1	4.883558E1	3.703867E-1
7.496667E1	4.879986E1	3.569579E-1
7.500000E1	4.870663E1	3.173805E-1
7.503333E1	4.866647E1	2.864146E-1
7.506667E1	4.864684E1	2.876608E-1
7.510000E1	4.861283E1	2.901290E-1
7.513333E1	4.859946E1	2.906805E-1
7.516667E1	4.858257E1	2.995499E-1
7.520000E1	4.858943E1	2.845889E-1
7.523333E1	4.860652E1	2.761308E-1
7.526667E1	4.864347E1	2.735969E-1
7.530000E1	4.867928E1	2.895116E-1
7.533333E1	4.872114E1	3.167696E-1
7.536667E1	4.876454E1	3.364096E-1
7.540000E1	4.877958E1	3.625877E-1
7.543333E1	4.876532E1	3.667848E-1
7.546667E1	4.873431E1	3.570068E-1
7.550000E1	4.862936E1	3.167607E-1
7.553333E1	4.859954E1	2.909886E-1
7.556667E1	4.858320E1	2.891639E-1
7.560000E1	4.854839E1	2.919640E-1
7.563333E1	4.852561E1	2.904518E-1
7.566667E1	4.851318E1	2.943700E-1
7.570000E1	4.852983E1	2.865679E-1
7.573333E1	4.854212E1	2.749232E-1
7.576667E1	4.858154E1	2.693025E-1
7.580000E1	4.860942E1	2.907734E-1
7.583333E1	4.865062E1	3.172923E-1
7.586667E1	4.870262E1	3.307863E-1
7.590000E1	4.872032E1	3.670971E-1
7.593333E1	4.872677E1	3.731470E-1
7.596667E1	4.870895E1	3.616171E-1
7.600000E1	4.861139E1	3.208253E-1
7.603333E1	4.858868E1	2.901049E-1
7.606667E1	4.857448E1	2.903867E-1
7.610000E1	4.854065E1	2.980114E-1
7.613333E1	4.852316E1	2.948553E-1
7.616667E1	4.850885E1	2.968570E-1
7.620000E1	4.852468E1	2.867807E-1
7.623333E1	4.854186E1	2.783889E-1
7.626667E1	4.858669E1	2.750807E-1
7.630000E1	4.861252E1	2.941450E-1
7.633333E1	4.866327E1	3.255334E-1
7.636667E1	4.871012E1	3.672033E-1
7.640000E1	4.874582E1	3.816594E-1
7.643333E1	4.874333E1	3.810076E-1
7.646667E1	4.872325E1	3.647357E-1
7.650000E1	4.862893E1	3.228479E-1
7.653333E1	4.859892E1	2.935161E-1
7.656667E1	4.858248E1	2.917607E-1
7.660000E1	4.855622E1	2.949172E-1
7.663333E1	4.853490E1	2.939393E-1
7.666667E1	4.852352E1	2.967944E-1
7.670000E1	4.853694E1	2.904159E-1
7.673333E1	4.855566E1	2.784711E-1
7.676667E1	4.859691E1	2.739025E-1
7.680000E1	4.862243E1	2.973878E-1
7.683333E1	4.867595E1	3.202304E-1
7.686667E1	4.872802E1	3.455251E-1
7.690000E1	4.876365E1	3.682760E-1
7.693333E1	4.876279E1	3.757914E-1
7.696667E1	4.873666E1	3.637519E-1
7.700000E1	4.865292E1	3.201545E-1
7.703333E1	4.864239E1	2.905016E-1
7.706667E1	4.862767E1	2.923812E-1
7.710000E1	4.859174E1	2.923319E-1
7.713333E1	4.859158E1	2.928507E-1
7.716667E1	4.858374E1	3.006065E-1
7.720000E1	4.860518E1	2.873535E-1
7.723333E1	4.862021E1	2.764792E-1
7.726667E1	4.867587E1	2.775612E-1
7.730000E1	4.871318E1	2.955893E-1
7.733333E1	4.876912E1	3.168160E-1
7.736667E1	4.881579E1	3.328330E-1
7.740000E1	4.885388E1	3.685352E-1
7.743333E1	4.887403E1	3.746625E-1
7.746667E1	4.886233E1	3.628140E-1
7.750000E1	4.876986E1	3.271022E-1
7.753333E1	4.874429E1	3.145646E-1
7.756667E1	4.872857E1	3.022584E-1
7.760000E1	4.869887E1	2.990956E-1
7.763333E1	4.867209E1	2.956092E-1
7.766667E1	4.866391E1	2.959578E-1
7.770000E1	4.867639E1	2.867634E-1
7.773333E1	4.870250E1	2.799502E-1
7.776667E1	4.874662E1	2.749556E-1
7.780000E1	4.876673E1	2.897839E-1
7.783333E1	4.881453E1	3.160038E-1
7.786667E1	4.887489E1	3.457260E-1
7.790000E1	4.890425E1	3.705358E-1
7.793333E1	4.890184E1	3.773913E-1
7.796667E1	4.888013E1	3.642771E-1
7.800000E1	4.880865E1	3.499728E-1
7.803333E1	4.876741E1	3.093273E-1
7.806667E1	4.874595E1	2.963753E-1
7.810000E1	4.871791E1	2.942851E-1
7.813333E1	4.871232E1	2.938797E-1
7.816667E1	4.871239E1	2.973394E-1
7.820000E1	4.872936E1	2.910597E-1
7.823333E1	4.874378E1	2.826820E-1
7.826667E1	4.878185E1	2.842894E-1
7.830000E1	4.882844E1	2.988870E-1
7.833333E1	4.887599E1	3.201888E-1
7.836667E1	4.891569E1	3.449540E-1
7.840000E1	4.893459E1	3.756670E-1
7.843333E1	4.894801E1	3.856861E-1
7.846667E1	4.893013E1	3.683185E-1
7.850000E1	4.886729E1	3.553073E-1
7.853333E1	4.882242E1	3.037638E-1
7.856667E1	4.880033E1	2.977085E-1
7.860000E1	4.876255E1	3.015045E-1
7.863333E1	4.873719E1	3.029996E-1
7.866667E1	4.872506E1	3.015681E-1
7.870000E1	4.874125E1	2.939795E-1
7.873333E1	4.874656E1	2.829183E-1
7.876667E1	4.877008E1	2.748150E-1
7.880000E1	4.877478E1	2.831110E-1
7.883333E1	4.886280E1	3.353101E-1
7.886667E1	4.889912E1	3.873990E-1
7.890000E1	4.892047E1	3.901573E-1
7.893333E1	4.891515E1	3.941622E-1
7.896667E1	4.888829E1	3.764118E-1
7.900000E1	4.881639E1	3.617268E-1
7.903333E1	4.876655E1	3.146937E-1
7.906667E1	4.874377E1	3.071382E-1
7.910000E1	4.871723E1	3.073426E-1
7.913333E1	4.870794E1	3.068292E-1
7.916667E1	4.867447E1	3.032846E-1
7.920000E1	4.868766E1	2.963612E-1
7.923333E1	4.870066E1	2.847798E-1
7.926667E1	4.874109E1	2.849431E-1
7.930000E1	4.877399E1	2.992070E-1
7.933333E1	4.881291E1	3.252047E-1
7.936667E1	4.886369E1	3.675869E-1
7.940000E1	4.889691E1	3.833384E-1
7.943333E1	4.890159E1	3.983648E-1
7.946667E1	4.888014E1	4.026447E-1
7.950000E1	4.881730E1	3.998010E-1
7.953333E1	4.876470E1	3.602921E-1
7.956667E1	4.874661E1	3.602442E-1
7.960000E1	4.871983E1	3.658368E-1
7.963333E1	4.871488E1	3.677797E-1
7.966667E1	4.871685E1	3.603967E-1
7.970000E1	4.873704E1	3.493720E-1
7.973333E1	4.874733E1	3.310139E-1
7.976667E1	4.877994E1	3.355255E-1
7.980000E1	4.880725E1	3.649705E-1
7.983333E1	4.886690E1	3.894574E-1
7.986667E1	4.890762E1	4.105026E-1
7.990000E1	4.892844E1	4.309624E-1
7.993333E1	4.894943E1	4.430297E-1
7.996667E1	4.892987E1	4.297847E-1
8.000000E1	4.886691E1	4.149085E-1
8.003333E1	4.882874E1	3.796650E-1
8.006667E1	4.880669E1	3.707919E-1
8.010000E1	4.876681E1	3.688764E-1
8.013333E1	4.874104E1	3.683265E-1
8.016667E1	4.873256E1	3.690247E-1
8.020000E1	4.874195E1	3.485202E-1
8.023333E1	4.875378E1	3.354770E-1
8.026667E1	4.879919E1	3.391437E-1
8.030000E1	4.884435E1	3.599262E-1
8.033333E1	4.888528E1	3.872369E-1
8.036667E1	4.892563E1	4.124475E-1
8.040000E1	4.894197E1	4.305532E-1
8.043333E1	4.895670E1	4.409453E-1
8.046667E1	4.893453E1	4.264275E-1
8.050000E1	4.887626E1	4.143591E-1
8.053333E1	4.883607E1	3.851326E-1
8.056667E1	4.881036E1	3.749298E-1
8.060000E1	4.877561E1	3.741037E-1
8.063333E1	4.874735E1	3.688750E-1
8.066667E1	4.874229E1	3.642309E-1
8.070000E1	4.876062E1	3.315241E-1
8.073333E1	4.876797E1	3.231935E-1
8.076667E1	4.882823E1	3.156605E-1
8.080000E1	4.887258E1	3.410104E-1
8.083333E1	4.890430E1	3.678551E-1
8.086667E1	4.898389E1	4.191001E-1
8.090000E1	4.899697E1	4.269800E-1
8.093333E1	4.896265E1	4.187341E-1
8.096667E1	4.891592E1	4.167062E-1
8.100000E1	4.885780E1	3.907707E-1
8.103333E1	4.883263E1	3.488299E-1
8.106667E1	4.880850E1	3.540745E-1
8.110000E1	4.879032E1	3.596783E-1
8.113333E1	4.879176E1	3.599137E-1
8.116667E1	4.879335E1	3.627285E-1
8.120000E1	4.881930E1	3.306636E-1
8.123333E1	4.883379E1	3.319862E-1
8.126667E1	4.888967E1	3.518013E-1
8.130000E1	4.892897E1	3.752984E-1
8.133333E1	4.896095E1	3.825559E-1
8.136667E1	4.903453E1	4.283362E-1
8.140000E1	4.904657E1	4.308179E-1
8.143333E1	4.901217E1	4.293727E-1
8.146667E1	4.896766E1	4.223638E-1
8.150000E1	4.890253E1	3.995487E-1
8.153333E1	4.886516E1	3.653385E-1
8.156667E1	4.885951E1	3.643359E-1
8.160000E1	4.882993E1	3.683895E-1
8.163333E1	4.880481E1	3.629167E-1
8.166667E1	4.880063E1	3.606195E-1
8.170000E1	4.882065E1	3.313346E-1
8.173333E1	4.883061E1	3.266679E-1
8.176667E1	4.888082E1	3.427970E-1
8.180000E1	4.892037E1	3.687314E-1
8.183333E1	4.892171E1	3.811477E-1
8.186667E1	4.898254E1	4.216209E-1
8.190000E1	4.899153E1	4.291414E-1
8.193333E1	4.894613E1	4.277953E-1
8.196667E1	4.890063E1	4.204206E-1
8.200000E1	4.884389E1	3.963720E-1
8.203333E1	4.879292E1	3.460890E-1
8.206667E1	4.878718E1	3.576942E-1
8.210000E1	4.878252E1	3.644611E-1
8.213333E1	4.879240E1	3.650796E-1
8.216667E1	4.881242E1	3.681799E-1
8.220000E1	4.883385E1	3.322484E-1
8.223333E1	4.883704E1	3.370981E-1
8.226667E1	4.886627E1	3.570942E-1
8.230000E1	4.890133E1	3.727014E-1
8.233333E1	4.890272E1	3.941653E-1
8.236667E1	4.894200E1	4.372037E-1
8.240000E1	4.895345E1	4.343101E-1
8.243333E1	4.895982E1	4.132605E-1
8.246667E1	4.896538E1	3.870832E-1
8.250000E1	4.895131E1	3.540722E-1
8.253333E1	4.895585E1	3.427211E-1
8.256667E1	4.896593E1	3.473756E-1
8.260000E1	4.899501E1	3.591874E-1
8.263333E1	4.900431E1	3.648118E-1
8.266667E1	4.903473E1	3.507551E-1
