	masse A		
t	x	y	
0.000000E0	3.640105E1	-5.012942E-2
1.828775E-2	3.639547E1	-7.103541E-2
3.657550E-2	3.639491E1	-8.879395E-2
5.486325E-2	3.639653E1	-1.169362E-1
7.315100E-2	3.639388E1	-1.408831E-1
9.143875E-2	3.639473E1	-1.637929E-1
1.097265E-1	3.639345E1	-1.903182E-1
1.280142E-1	3.639408E1	-2.062983E-1
1.463020E-1	3.639423E1	-2.457511E-1
1.645897E-1	3.638743E1	-3.420785E-1
1.828775E-1	3.635505E1	-4.897595E-1
2.011652E-1	3.631260E1	-7.116651E-1
2.194530E-1	3.626009E1	-9.980070E-1
2.377407E-1	3.617842E1	-1.376050E0
2.560285E-1	3.607853E1	-1.789325E0
2.743162E-1	3.598515E1	-2.156524E0
2.926040E-1	3.588709E1	-2.468842E0
3.108917E-1	3.581472E1	-2.721504E0
3.291795E-1	3.575988E1	-2.880509E0
3.474672E-1	3.572334E1	-2.965972E0
3.657550E-1	3.569113E1	-2.983701E0
3.840427E-1	3.571183E1	-2.893560E0
4.023305E-1	3.577513E1	-2.705522E0
4.206182E-1	3.588741E1	-2.434034E0
4.389060E-1	3.601126E1	-2.043470E0
4.571937E-1	3.612334E1	-1.546787E0
4.754815E-1	3.617582E1	-1.011208E0
4.937692E-1	3.617630E1	-4.521910E-1
5.120570E-1	3.614031E1	9.281080E-2
5.303447E-1	3.607454E1	6.019564E-1
5.486325E-1	3.600890E1	1.056273E0
5.669202E-1	3.594406E1	1.413624E0
5.852080E-1	3.588204E1	1.642674E0
6.034957E-1	3.579733E1	1.819258E0
6.217835E-1	3.570209E1	1.935097E0
6.400712E-1	3.558609E1	2.045808E0
6.583590E-1	3.549285E1	2.053674E0
6.766467E-1	3.541564E1	2.004027E0
6.949345E-1	3.540207E1	1.555229E0
7.132222E-1	3.546004E1	1.152942E0
7.315100E-1	3.551052E1	6.888649E-1
7.497977E-1	3.556824E1	-4.557661E-1
7.680855E-1	3.556565E1	-1.069591E0
7.863732E-1	3.554218E1	-1.636172E0
8.046610E-1	3.550085E1	-2.215647E0
8.229487E-1	3.531343E1	-3.293404E0
8.412365E-1	3.518210E1	-3.704998E0
8.595242E-1	3.504989E1	-3.978807E0
8.778120E-1	3.489379E1	-4.173652E0
8.960997E-1	3.475613E1	-4.260475E0
9.143875E-1	3.470225E1	-4.175541E0
9.326752E-1	3.465915E1	-4.044158E0
9.509630E-1	3.467137E1	-3.767256E0
9.692507E-1	3.474548E1	-3.347233E0
9.875385E-1	3.485094E1	-2.309114E0
1.005826E0	3.487837E1	-1.864582E0
1.024114E0	3.489682E1	-1.406467E0
1.042402E0	3.491225E1	-9.593041E-1
1.060689E0	3.492651E1	-4.793510E-1
1.078977E0	3.491578E1	-1.735993E-3
1.097265E0	3.486652E1	4.125967E-1
1.115553E0	3.481470E1	6.817312E-1
1.133840E0	3.473150E1	8.397108E-1
1.152128E0	3.460903E1	1.006551E0
1.170416E0	3.451636E1	1.071139E0
1.188704E0	3.443220E1	1.054937E0
1.206991E0	3.435121E1	9.553148E-1
1.225279E0	3.423735E1	4.308969E-1
1.243567E0	3.419346E1	-5.092267E-3
1.261855E0	3.414849E1	-4.990360E-1
1.280142E0	3.410536E1	-9.972429E-1
1.298430E0	3.406803E1	-1.447818E0
1.316718E0	3.397464E1	-2.333409E0
1.335006E0	3.388833E1	-2.806224E0
1.353293E0	3.379107E1	-3.201120E0
1.371581E0	3.366167E1	-3.487249E0
1.389869E0	3.352447E1	-3.716034E0
1.408157E0	3.342047E1	-3.811770E0
1.426444E0	3.335872E1	-3.748626E0
1.444732E0	3.333709E1	-3.556415E0
1.463020E0	3.332819E1	-3.240940E0
1.481308E0	3.333351E1	-2.414349E0
1.499595E0	3.332018E1	-2.018499E0
1.517883E0	3.331308E1	-1.655485E0
1.536171E0	3.330570E1	-1.300531E0
1.554459E0	3.330450E1	-9.286756E-1
1.572746E0	3.330442E1	-5.083109E-1
1.591034E0	3.327163E1	-1.206831E-1
1.609322E0	3.314834E1	2.583244E-1
1.627610E0	3.305993E1	4.280950E-1
1.645897E0	3.297058E1	4.991772E-1
1.664185E0	3.289582E1	4.511247E-1
1.682473E0	3.283515E1	3.598431E-1
1.700761E0	3.278649E1	1.395197E-1
1.719048E0	3.273666E1	-1.511962E-1
1.737336E0	3.265296E1	-5.498230E-1
1.755624E0	3.257072E1	-9.663538E-1
1.773912E0	3.251038E1	-1.409719E0
1.792199E0	3.246857E1	-1.811792E0
1.810487E0	3.242454E1	-2.219690E0
1.828775E0	3.234974E1	-2.630178E0
1.847063E0	3.215322E1	-3.401739E0
1.865350E0	3.205765E1	-3.593259E0
1.883638E0	3.193700E1	-3.757009E0
1.901926E0	3.186514E1	-3.782869E0
1.920214E0	3.182359E1	-3.725046E0
1.938501E0	3.181878E1	-3.527410E0
1.956789E0	3.184316E1	-3.225400E0
1.975077E0	3.186529E1	-2.819848E0
1.993365E0	3.186237E1	-2.424418E0
2.011652E0	3.185460E1	-2.060142E0
2.029940E0	3.186165E1	-1.741651E0
2.048228E0	3.186252E1	-1.411418E0
2.066516E0	3.186644E1	-1.026832E0
2.084803E0	3.186197E1	-6.212344E-1
2.103091E0	3.181046E1	-6.820837E-2
2.121379E0	3.174937E1	6.004458E-2
2.139667E0	3.167505E1	1.939499E-1
2.157954E0	3.161581E1	2.416907E-1
2.176242E0	3.155871E1	1.895953E-1
2.194530E0	3.148869E1	8.563171E-2
2.212818E0	3.143904E1	-1.305751E-1
2.231105E0	3.139137E1	-4.322042E-1
2.249393E0	3.134220E1	-7.956088E-1
2.267681E0	3.129110E1	-1.238598E0
2.285969E0	3.125001E1	-1.698786E0
2.304256E0	3.118722E1	-2.521012E0
2.322544E0	3.112435E1	-2.949181E0
2.340832E0	3.103839E1	-3.359947E0
2.359120E0	3.094195E1	-3.670823E0
2.377407E0	3.085328E1	-3.848715E0
2.395695E0	3.075974E1	-3.993473E0
2.413983E0	3.071125E1	-4.025552E0
2.432271E0	3.067609E1	-3.982723E0
2.450558E0	3.067351E1	-3.823050E0
2.468846E0	3.070811E1	-3.554966E0
2.487134E0	3.075281E1	-3.168325E0
2.505422E0	3.076449E1	-2.775371E0
2.523709E0	3.079576E1	-2.409506E0
2.541997E0	3.080912E1	-2.085615E0
2.560285E0	3.084229E1	-1.747275E0
2.578573E0	3.088265E1	-9.508209E-1
2.596860E0	3.088610E1	-6.196517E-1
2.615148E0	3.088357E1	-3.907353E-1
2.633436E0	3.084886E1	-2.556946E-1
2.651724E0	3.080086E1	-1.138469E-1
2.670011E0	3.075076E1	-5.720270E-2
2.688299E0	3.071428E1	-9.286968E-2
2.706587E0	3.066820E1	-1.845665E-1
2.724875E0	3.063548E1	-4.186027E-1
2.743162E0	3.061772E1	-7.374549E-1
2.761450E0	3.057456E1	-1.091101E0
2.779738E0	3.053754E1	-1.532080E0
2.798026E0	3.049763E1	-1.947063E0
2.816313E0	3.045009E1	-2.675787E0
2.834601E0	3.040066E1	-3.078918E0
2.852889E0	3.034631E1	-3.516539E0
2.871177E0	3.026787E1	-3.839834E0
2.889464E0	3.022580E1	-4.078890E0
2.907752E0	3.013101E1	-4.213193E0
2.926040E0	3.012705E1	-4.133838E0
2.944328E0	3.015134E1	-3.937191E0
2.962615E0	3.018961E1	-3.664594E0
2.980903E0	3.022752E1	-3.311817E0
2.999191E0	3.026990E1	-2.599113E0
3.017479E0	3.030832E1	-2.268676E0
3.035766E0	3.035199E1	-1.918161E0
3.054054E0	3.037601E1	-1.514317E0
3.072342E0	3.042046E1	-1.063868E0
3.090630E0	3.043499E1	-7.333484E-1
3.108917E0	3.044099E1	-5.493214E-1
3.127205E0	3.042787E1	-4.461797E-1
3.145493E0	3.039532E1	-3.320401E-1
3.163781E0	3.035426E1	-3.231043E-1
3.182068E0	3.032586E1	-6.361746E-1
3.200356E0	3.031577E1	-9.263165E-1
3.218644E0	3.028616E1	-1.267439E0
3.236932E0	3.026051E1	-1.674647E0
3.255219E0	3.026508E1	-2.036262E0
3.273507E0	3.026828E1	-2.443638E0
3.291795E0	3.026093E1	-2.895492E0
3.310083E0	3.022461E1	-3.317430E0
3.328370E0	3.012441E1	-3.749389E0
3.346658E0	3.007805E1	-4.022003E0
3.364946E0	2.999894E1	-4.334117E0
3.383234E0	2.999374E1	-4.335563E0
3.401521E0	3.001910E1	-4.247696E0
3.419809E0	3.007030E1	-4.034787E0
3.438097E0	3.012773E1	-3.738082E0
3.456385E0	3.019432E1	-3.363907E0
3.474672E0	3.024400E1	-2.975264E0
3.492960E0	3.028532E1	-2.606884E0
3.511248E0	3.032940E1	-2.253571E0
3.529536E0	3.039270E1	-1.876951E0
3.547823E0	3.043930E1	-1.455290E0
3.566111E0	3.048192E1	-1.009911E0
