	masse A		
t	x	y	
0.000000E0	3.546139E1	1.120992E0
1.726245E-2	3.545782E1	1.083219E0
3.452490E-2	3.545695E1	9.347221E-1
5.178735E-2	3.545892E1	7.104088E-1
6.904980E-2	3.543248E1	3.925681E-1
8.631225E-2	3.538863E1	-6.573563E-2
1.035747E-1	3.531789E1	-5.073779E-1
1.208372E-1	3.523357E1	-9.528057E-1
1.380996E-1	3.515633E1	-1.316552E0
1.553621E-1	3.510141E1	-1.593059E0
1.726245E-1	3.505783E1	-1.744408E0
1.898870E-1	3.502378E1	-1.824124E0
2.071494E-1	3.500406E1	-1.875218E0
2.244119E-1	3.497293E1	-1.878530E0
2.416743E-1	3.494841E1	-1.832440E0
2.589368E-1	3.497003E1	-1.686518E0
2.761992E-1	3.501744E1	-1.461898E0
2.934617E-1	3.509772E1	-1.144857E0
3.107241E-1	3.518220E1	-6.817902E-1
3.279866E-1	3.524463E1	-1.889886E-1
3.452490E-1	3.524387E1	4.234561E-1
3.625115E-1	3.518875E1	1.137177E0
3.797739E-1	3.506030E1	1.794572E0
3.970364E-1	3.487932E1	2.362578E0
4.142988E-1	3.468026E1	2.906902E0
4.315613E-1	3.449240E1	3.359385E0
4.488237E-1	3.436070E1	3.715591E0
4.660862E-1	3.425126E1	3.928506E0
4.833486E-1	3.417205E1	4.004530E0
5.006111E-1	3.403164E1	4.085034E0
5.178735E-1	3.389846E1	4.133212E0
5.351360E-1	3.380034E1	4.104812E0
5.523984E-1	3.373055E1	4.003081E0
5.696609E-1	3.374898E1	3.788262E0
5.869233E-1	3.385209E1	3.464907E0
6.041858E-1	3.399414E1	3.025447E0
6.214482E-1	3.412843E1	2.561770E0
6.387107E-1	3.426213E1	1.945711E0
6.559731E-1	3.437768E1	1.318384E0
6.732356E-1	3.447552E1	7.674703E-1
6.904980E-1	3.456612E1	1.990501E-1
7.077605E-1	3.464690E1	-3.708391E-1
7.250229E-1	3.469754E1	-8.785450E-1
7.422854E-1	3.470641E1	-1.296536E0
7.595478E-1	3.467588E1	-1.594314E0
7.768103E-1	3.458133E1	-1.836542E0
7.940727E-1	3.445521E1	-2.049572E0
8.113352E-1	3.436282E1	-2.013794E0
8.285976E-1	3.428378E1	-1.880449E0
8.458601E-1	3.422445E1	-1.668085E0
8.631225E-1	3.417986E1	-1.292986E0
8.803850E-1	3.413271E1	-8.070233E-1
8.976474E-1	3.404546E1	-3.284953E-1
9.149099E-1	3.392480E1	1.781737E-1
9.321723E-1	3.383365E1	6.160717E-1
9.494348E-1	3.374450E1	1.114536E0
9.666972E-1	3.367261E1	1.564913E0
9.839597E-1	3.352679E1	2.321668E0
1.001222E0	3.344760E1	2.554392E0
1.018485E0	3.335117E1	2.697514E0
1.035747E0	3.319942E1	2.877080E0
1.053009E0	3.307401E1	2.983617E0
1.070272E0	3.297552E1	2.965177E0
1.087534E0	3.292946E1	2.825852E0
1.104797E0	3.291582E1	2.592347E0
1.122059E0	3.292952E1	2.248709E0
1.139322E0	3.295343E1	1.871415E0
1.156584E0	3.298452E1	1.398797E0
1.173847E0	3.300308E1	8.950530E-1
1.191109E0	3.305056E1	4.383114E-1
1.208372E0	3.310030E1	1.338212E-2
1.225634E0	3.315026E1	-4.291016E-1
1.242896E0	3.318386E1	-7.671289E-1
1.260159E0	3.318110E1	-1.080311E0
1.277421E0	3.313311E1	-1.303831E0
1.294684E0	3.301599E1	-1.584863E0
1.311946E0	3.293057E1	-1.703992E0
1.329209E0	3.286953E1	-1.651727E0
1.346471E0	3.281695E1	-1.460607E0
1.363734E0	3.276147E1	-1.150289E0
1.380996E0	3.266860E1	-7.061846E-1
1.398258E0	3.256503E1	-3.200650E-1
1.415521E0	3.243620E1	1.137656E-1
1.432783E0	3.223203E1	9.339266E-1
1.450046E0	3.216972E1	1.295672E0
1.467308E0	3.209887E1	1.693986E0
1.484571E0	3.202122E1	1.987017E0
1.501833E0	3.195062E1	2.178016E0
1.519096E0	3.185400E1	2.311296E0
1.536358E0	3.172114E1	2.480624E0
1.553621E0	3.162877E1	2.550285E0
1.570883E0	3.156714E1	2.508730E0
1.588145E0	3.154618E1	2.151375E0
1.605408E0	3.155636E1	1.834022E0
1.622670E0	3.158153E1	1.387541E0
1.639933E0	3.159117E1	9.173596E-1
1.657195E0	3.161373E1	4.291378E-1
1.674458E0	3.165391E1	-5.018633E-2
1.691720E0	3.170536E1	-4.556915E-1
1.708983E0	3.176074E1	-8.746007E-1
1.726245E0	3.179505E1	-1.199020E0
1.743507E0	3.178421E1	-1.441876E0
1.760770E0	3.173757E1	-1.618602E0
1.778032E0	3.166119E1	-1.790714E0
1.795295E0	3.160231E1	-1.814919E0
1.812557E0	3.154605E1	-1.767183E0
1.829820E0	3.151079E1	-1.580244E0
1.847082E0	3.145661E1	-1.278650E0
1.864345E0	3.137852E1	-9.106634E-1
1.881607E0	3.127513E1	-5.065018E-1
1.898870E0	3.115079E1	-9.328021E-2
1.916132E0	3.105378E1	3.136007E-1
1.933394E0	3.096942E1	7.589437E-1
1.950657E0	3.089440E1	1.148584E0
1.967919E0	3.083972E1	1.529551E0
1.985182E0	3.078463E1	1.797752E0
2.002444E0	3.073461E1	1.935422E0
2.019707E0	3.065484E1	2.049439E0
2.036969E0	3.056033E1	2.176830E0
2.054232E0	3.047625E1	2.217335E0
2.071494E0	3.042951E1	2.166941E0
2.088756E0	3.040904E1	2.063458E0
2.106019E0	3.042599E1	1.840240E0
2.123281E0	3.046697E1	1.521330E0
2.140544E0	3.051094E1	1.116128E0
2.157806E0	3.059883E1	1.431838E-1
2.175069E0	3.065599E1	-3.149063E-1
2.192331E0	3.073998E1	-7.566606E-1
2.209594E0	3.079447E1	-1.161667E0
2.226856E0	3.083054E1	-1.510539E0
2.244119E0	3.082749E1	-1.750805E0
2.261381E0	3.080813E1	-1.922849E0
2.278643E0	3.074514E1	-2.080919E0
2.295906E0	3.069768E1	-2.110265E0
2.313168E0	3.066162E1	-2.039157E0
2.330431E0	3.064507E1	-1.860490E0
2.347693E0	3.061231E1	-1.552176E0
2.364956E0	3.054656E1	-1.257092E0
2.382218E0	3.034924E1	-4.537174E-1
2.399481E0	3.026067E1	-4.869152E-2
2.416743E0	3.017521E1	3.592735E-1
2.434005E0	3.012092E1	7.488445E-1
2.451268E0	3.007038E1	1.147762E0
2.468530E0	3.003131E1	1.426822E0
2.485793E0	2.999234E1	1.562693E0
2.503055E0	2.994483E1	1.646714E0
2.520318E0	2.986619E1	1.741521E0
2.537580E0	2.980645E1	1.778235E0
2.554843E0	2.978696E1	1.726422E0
2.572105E0	2.978734E1	1.602510E0
2.589368E0	2.982341E1	1.375403E0
2.606630E0	2.986662E1	1.067434E0
2.623892E0	2.990319E1	7.089242E-1
2.641155E0	2.994144E1	2.566715E-1
2.658417E0	2.999850E1	-2.345704E-1
2.675680E0	3.007842E1	-6.854711E-1
2.692942E0	3.016263E1	-1.138952E0
2.710205E0	3.022085E1	-1.571936E0
2.727467E0	3.026359E1	-1.930424E0
2.744730E0	3.026486E1	-2.152881E0
2.761992E0	3.025009E1	-2.293621E0
2.779254E0	3.021054E1	-2.431867E0
2.796517E0	3.019293E1	-2.465609E0
2.813779E0	3.018186E1	-2.415600E0
2.831042E0	3.018261E1	-2.239842E0
2.848304E0	3.020830E1	-1.989994E0
2.865567E0	3.016219E1	-1.661825E0
2.882829E0	3.008068E1	-1.299498E0
2.900092E0	3.001851E1	-9.452145E-1
2.917354E0	2.995165E1	-5.742370E-1
2.934617E0	2.991183E1	-1.483725E-1
2.951879E0	2.985817E1	2.612558E-1
2.969141E0	2.980667E1	6.251351E-1
2.986404E0	2.976406E1	9.300904E-1
3.003666E0	2.973074E1	1.080875E0
3.020929E0	2.970252E1	1.202116E0
3.038191E0	2.964292E1	1.308782E0
3.055454E0	2.959557E1	1.363642E0
3.072716E0	2.958540E1	1.316113E0
3.089979E0	2.959896E1	1.200303E0
3.107241E0	2.964475E1	9.642991E-1
3.124503E0	2.971851E1	6.465205E-1
3.141766E0	2.976464E1	2.836514E-1
3.159028E0	2.981150E1	-1.405288E-1
3.176291E0	2.988463E1	-5.593830E-1
3.193553E0	2.997948E1	-9.732809E-1
3.210816E0	3.007230E1	-1.396677E0
3.228078E0	3.015215E1	-1.835384E0
3.245341E0	3.016405E1	-2.175824E0
3.262603E0	3.017275E1	-2.540061E0
3.279866E0	3.015710E1	-2.693051E0
3.297128E0	3.015924E1	-2.724442E0
3.314390E0	3.016075E1	-2.672910E0
3.331653E0	3.015745E1	-2.498923E0
3.348915E0	3.015825E1	-2.196316E0
3.366178E0	3.001098E1	-1.440317E0
