	masse A		
t	x	y	
0.000000E0	3.602663E1	1.109592E0
1.692063E-2	3.602723E1	1.122649E0
3.384125E-2	3.602711E1	1.147270E0
5.076188E-2	3.602946E1	1.174033E0
6.768251E-2	3.602608E1	1.196305E0
8.460313E-2	3.602284E1	1.218405E0
1.015238E-1	3.602166E1	1.203672E0
1.184444E-1	3.602275E1	1.072699E0
1.353650E-1	3.602543E1	8.484908E-1
1.522856E-1	3.602499E1	5.239036E-1
1.692063E-1	3.598273E1	9.911371E-2
1.861269E-1	3.592481E1	-3.377403E-1
2.030475E-1	3.583695E1	-7.817360E-1
2.199681E-1	3.574446E1	-1.193476E0
2.368888E-1	3.564434E1	-1.616910E0
2.538094E-1	3.554743E1	-1.936238E0
2.707300E-1	3.547978E1	-2.109490E0
2.876507E-1	3.544051E1	-2.177160E0
3.045713E-1	3.540689E1	-2.208398E0
3.214919E-1	3.538967E1	-2.183263E0
3.384125E-1	3.537099E1	-2.130125E0
3.553332E-1	3.540607E1	-1.987225E0
3.722538E-1	3.547242E1	-1.757677E0
3.891744E-1	3.556290E1	-1.450306E0
4.060950E-1	3.565864E1	-1.062287E0
4.230157E-1	3.575529E1	-5.836436E-1
4.399363E-1	3.584264E1	-3.397795E-2
4.568569E-1	3.588806E1	5.884396E-1
4.737775E-1	3.585352E1	1.320622E0
4.906982E-1	3.572754E1	2.039274E0
5.076188E-1	3.555596E1	2.635458E0
5.245394E-1	3.536465E1	3.176877E0
5.414601E-1	3.516345E1	3.628518E0
5.583807E-1	3.502976E1	3.941499E0
5.753013E-1	3.495316E1	4.030606E0
5.922219E-1	3.485563E1	4.115407E0
6.091426E-1	3.470133E1	4.212652E0
6.260632E-1	3.456472E1	4.209048E0
6.429838E-1	3.445973E1	4.140572E0
6.599044E-1	3.443252E1	3.974694E0
6.768251E-1	3.450518E1	3.664793E0
6.937457E-1	3.461653E1	3.263663E0
7.106663E-1	3.474695E1	2.753491E0
7.275870E-1	3.485652E1	2.205612E0
7.445076E-1	3.494568E1	1.584860E0
7.614282E-1	3.502344E1	9.836498E-1
7.783488E-1	3.511967E1	3.843319E-1
7.952695E-1	3.520761E1	-1.595645E-1
8.121901E-1	3.529398E1	-7.041582E-1
8.291107E-1	3.531315E1	-1.119634E0
8.460313E-1	3.530584E1	-1.478394E0
8.629520E-1	3.524737E1	-1.731079E0
8.798726E-1	3.511733E1	-2.021281E0
8.967932E-1	3.500255E1	-2.119795E0
9.137138E-1	3.492078E1	-2.058469E0
9.306345E-1	3.485155E1	-1.892352E0
9.475551E-1	3.480121E1	-1.645628E0
9.644757E-1	3.475781E1	-1.176279E0
9.813964E-1	3.467273E1	-6.773817E-1
9.983170E-1	3.456984E1	-1.907369E-1
1.015238E0	3.444564E1	3.342541E-1
1.032158E0	3.435550E1	7.849425E-1
1.049079E0	3.429356E1	1.237842E0
1.065999E0	3.425176E1	1.649317E0
1.082920E0	3.421069E1	1.936413E0
1.099841E0	3.413291E1	2.161549E0
1.116761E0	3.403708E1	2.295636E0
1.133682E0	3.389429E1	2.461641E0
1.150603E0	3.376067E1	2.609009E0
1.167523E0	3.366888E1	2.599322E0
1.184444E0	3.361696E1	2.477400E0
1.201365E0	3.359690E1	2.247222E0
1.218285E0	3.359990E1	1.871305E0
1.235206E0	3.360076E1	1.436458E0
1.252126E0	3.360279E1	9.675604E-1
1.269047E0	3.360191E1	4.663094E-1
1.285968E0	3.362515E1	-4.739308E-2
1.302888E0	3.365064E1	-4.959242E-1
1.319809E0	3.371689E1	-9.458022E-1
1.336730E0	3.373842E1	-1.303724E0
1.353650E0	3.372189E1	-1.635337E0
1.370571E0	3.366273E1	-1.892698E0
1.387491E0	3.356596E1	-2.184560E0
1.404412E0	3.345765E1	-2.361057E0
1.421333E0	3.339010E1	-2.342521E0
1.438253E0	3.334784E1	-2.181157E0
1.455174E0	3.330523E1	-1.891082E0
1.472095E0	3.324538E1	-1.493649E0
1.489015E0	3.314826E1	-1.049263E0
1.505936E0	3.303548E1	-6.221455E-1
1.522856E0	3.291814E1	-1.653507E-1
1.539777E0	3.283211E1	2.878320E-1
1.556698E0	3.278807E1	6.550271E-1
1.573618E0	3.274441E1	1.028983E0
1.590539E0	3.269841E1	1.295726E0
1.607460E0	3.263949E1	1.466138E0
1.624380E0	3.254160E1	1.602985E0
1.641301E0	3.242624E1	1.747320E0
1.658221E0	3.227019E1	1.840226E0
1.675142E0	3.221839E1	1.794778E0
1.692063E0	3.215714E1	1.468240E0
1.708983E0	3.215971E1	6.979653E-1
1.725904E0	3.213659E1	2.267617E-1
1.742825E0	3.212933E1	-3.088294E-1
1.759745E0	3.213346E1	-7.911189E-1
1.776666E0	3.217274E1	-1.251079E0
1.793586E0	3.220280E1	-1.685899E0
1.810507E0	3.221610E1	-2.003395E0
1.827428E0	3.220522E1	-2.268474E0
1.844348E0	3.214579E1	-2.458501E0
1.861269E0	3.206029E1	-2.657719E0
1.878190E0	3.198120E1	-2.755357E0
1.895110E0	3.192638E1	-2.700388E0
1.912031E0	3.188773E1	-2.536541E0
1.928951E0	3.185637E1	-2.235143E0
1.945872E0	3.180881E1	-1.849977E0
1.962793E0	3.173555E1	-1.481345E0
1.979713E0	3.165061E1	-1.052474E0
1.996634E0	3.156389E1	-6.168651E-1
2.013555E0	3.148194E1	-1.517388E-1
2.030475E0	3.142684E1	2.413493E-1
2.047396E0	3.139296E1	6.203996E-1
2.064316E0	3.137384E1	8.625436E-1
2.081237E0	3.133498E1	1.018721E0
2.098158E0	3.128640E1	1.117828E0
2.115078E0	3.119465E1	1.240196E0
2.131999E0	3.111222E1	1.334913E0
2.148920E0	3.106388E1	1.297308E0
2.165840E0	3.103142E1	1.199435E0
2.182761E0	3.103905E1	1.010698E0
2.199681E0	3.105262E1	6.919272E-1
2.216602E0	3.105997E1	2.946825E-1
2.233523E0	3.106043E1	-1.536228E-1
2.250443E0	3.107468E1	-6.560833E-1
2.267364E0	3.110109E1	-1.165425E0
2.284285E0	3.114956E1	-1.671762E0
2.301205E0	3.119925E1	-2.084060E0
2.318126E0	3.123555E1	-2.430825E0
2.335046E0	3.124318E1	-2.698029E0
2.351967E0	3.121100E1	-2.893245E0
2.368888E0	3.114795E1	-3.096171E0
2.385808E0	3.110738E1	-3.184005E0
2.402729E0	3.107338E1	-3.138319E0
2.419650E0	3.106008E1	-2.968954E0
2.436570E0	3.105561E1	-2.663004E0
2.453491E0	3.102811E1	-2.305131E0
2.470412E0	3.097451E1	-1.914048E0
2.487332E0	3.090425E1	-1.532365E0
2.504253E0	3.082175E1	-1.081045E0
2.521173E0	3.077075E1	-6.264173E-1
2.538094E0	3.073743E1	-2.051764E-1
2.555015E0	3.072887E1	1.659084E-1
2.571935E0	3.072676E1	4.344589E-1
2.588856E0	3.070719E1	6.008785E-1
2.605777E0	3.066648E1	7.159359E-1
2.622697E0	3.052830E1	9.383623E-1
2.639618E0	3.050444E1	9.266167E-1
2.656538E0	3.049382E1	8.156247E-1
2.673459E0	3.051017E1	6.305558E-1
2.690380E0	3.055110E1	3.053508E-1
2.707300E0	3.056938E1	-9.899743E-2
2.724221E0	3.058459E1	-5.613889E-1
2.741142E0	3.060515E1	-1.039832E0
2.758062E0	3.063105E1	-1.542384E0
2.774983E0	3.067951E1	-2.026889E0
2.791903E0	3.073200E1	-2.479974E0
2.808824E0	3.077178E1	-2.814715E0
2.825745E0	3.077615E1	-3.057589E0
2.842665E0	3.076727E1	-3.223889E0
2.859586E0	3.073332E1	-3.386797E0
2.876507E0	3.071734E1	-3.443776E0
2.893427E0	3.070368E1	-3.372511E0
2.910348E0	3.070710E1	-3.205578E0
2.927268E0	3.070655E1	-2.906696E0
2.944189E0	3.069092E1	-2.572844E0
2.961110E0	3.064442E1	-2.219188E0
2.978030E0	3.059279E1	-1.844869E0
2.994951E0	3.054811E1	-1.460762E0
3.011872E0	3.047840E1	-9.538776E-1
3.028792E0	3.047141E1	-5.399128E-1
3.045713E0	3.047586E1	-1.416122E-1
3.062633E0	3.047550E1	1.333590E-1
3.079554E0	3.046902E1	2.998295E-1
3.096475E0	3.043512E1	3.906872E-1
3.113395E0	3.038763E1	5.170952E-1
3.130316E0	3.034175E1	5.989272E-1
3.147237E0	3.032872E1	5.636091E-1
3.164157E0	3.033737E1	4.635093E-1
3.181078E0	3.037554E1	2.662775E-1
3.197998E0	3.042222E1	-5.236677E-2
3.214919E0	3.045955E1	-4.130815E-1
3.231840E0	3.046455E1	-8.173889E-1
3.248760E0	3.048647E1	-1.217948E0
3.265681E0	3.052485E1	-1.684362E0
3.282602E0	3.058246E1	-2.126921E0
3.299522E0	3.065252E1	-2.575317E0
