	masse A		
t	x	y	
0.000000E0	-6.250896E-3	0.000000E0
3.333333E-2	-1.839205E-2	-2.229327E-3
6.666667E-2	-2.519885E-2	-6.569069E-3
1.000000E-1	-5.556445E-2	-6.246446E-3
1.333333E-1	-8.600916E-2	-4.271201E-3
1.666667E-1	-1.841702E-1	-5.342688E-3
2.000000E-1	-2.660449E-1	2.163961E-4
2.333333E-1	-3.171684E-1	-3.196180E-3
2.666667E-1	-3.634754E-1	8.045587E-4
3.000000E-1	-3.619042E-1	5.018364E-4
3.333333E-1	-3.021867E-1	-3.146070E-2
3.666667E-1	-2.198506E-1	-3.178672E-2
4.000000E-1	-1.711811E-1	-2.411462E-2
4.333333E-1	-4.884641E-2	-1.477094E-2
4.666667E-1	-1.810555E-2	-1.354748E-2
5.000000E-1	1.340191E-1	-4.568277E-3
5.333333E-1	1.814591E-1	1.974751E-3
5.666667E-1	1.962487E-1	1.344648E-3
6.000000E-1	2.099441E-1	4.832903E-3
6.333333E-1	2.090014E-1	5.616341E-3
6.666667E-1	2.097725E-1	1.566603E-2
7.000000E-1	1.870398E-1	2.450818E-2
7.333333E-1	1.468504E-1	4.467883E-2
7.666667E-1	7.321280E-2	7.600684E-2
8.000000E-1	3.622317E-2	6.859854E-2
8.333333E-1	3.395514E-3	1.522660E-2
8.666667E-1	4.251058E-2	-6.252675E-2
9.000000E-1	1.179254E-1	-1.285255E-1
9.333333E-1	2.198369E-1	-1.540648E-1
9.666667E-1	2.705365E-1	-1.774607E-1
1.000000E0	4.584415E-1	-1.960586E-1
1.033333E0	6.211589E-1	-1.818485E-1
1.066667E0	6.587459E-1	-1.846174E-1
1.100000E0	7.600112E-1	-1.941770E-1
1.133333E0	7.792608E-1	-2.061113E-1
1.166667E0	8.299413E-1	-2.117855E-1
1.200000E0	8.495903E-1	-2.019011E-1
1.233333E0	8.473500E-1	-1.580013E-1
1.266667E0	8.284032E-1	-7.429817E-2
1.300000E0	8.249241E-1	-4.424690E-2
1.333333E0	8.007117E-1	-4.597603E-2
1.366667E0	8.285034E-1	-1.102910E-1
1.400000E0	8.605529E-1	-1.493360E-1
1.433333E0	9.724568E-1	-2.186584E-1
1.466667E0	1.003089E0	-2.311920E-1
1.500000E0	1.138307E0	-2.375090E-1
1.533333E0	1.267678E0	-2.088634E-1
1.566667E0	1.308431E0	-2.009102E-1
1.600000E0	1.394128E0	-1.948432E-1
1.633333E0	1.410413E0	-1.958692E-1
1.666667E0	1.424123E0	-1.983307E-1
1.700000E0	1.415437E0	-1.993190E-1
1.733333E0	1.395315E0	-1.754464E-1
1.766667E0	1.365213E0	-1.156340E-1
1.800000E0	1.314268E0	-1.029274E-1
1.833333E0	1.291015E0	-5.866011E-2
1.866667E0	1.307754E0	-7.723012E-2
1.900000E0	1.353120E0	-8.758905E-2
1.933333E0	1.448586E0	-1.654963E-1
1.966667E0	1.490002E0	-1.606367E-1
2.000000E0	1.624576E0	-1.496921E-1
2.033333E0	1.739118E0	-1.298965E-1
2.066667E0	1.767254E0	-1.165919E-1
2.100000E0	1.808369E0	-1.141158E-1
2.133333E0	1.820910E0	-1.180024E-1
2.166667E0	1.832595E0	-1.038677E-1
2.200000E0	1.825166E0	-7.395511E-2
2.233333E0	1.798663E0	-5.425588E-2
2.266667E0	1.748847E0	-7.422908E-3
2.300000E0	1.726026E0	2.881161E-2
2.333333E0	1.684929E0	3.153976E-2
2.366667E0	1.701603E0	5.013824E-3
2.400000E0	1.720308E0	-9.668512E-3
2.433333E0	1.828608E0	-6.025190E-2
2.466667E0	1.853406E0	-7.245630E-2
2.500000E0	1.983127E0	-6.191120E-2
2.533333E0	2.088715E0	-4.865912E-2
2.566667E0	2.121034E0	-3.880834E-2
2.600000E0	2.167485E0	-3.681085E-2
2.633333E0	2.188041E0	-4.408640E-2
2.666667E0	2.207596E0	-4.105326E-2
2.700000E0	2.188766E0	-4.098945E-2
2.733333E0	2.163213E0	-3.417107E-2
2.766667E0	2.123904E0	3.749859E-2
2.800000E0	2.103795E0	6.912808E-2
2.833333E0	2.074145E0	8.671441E-2
2.866667E0	2.091296E0	5.982745E-2
2.900000E0	2.167858E0	7.347442E-3
2.933333E0	2.248781E0	-2.620836E-2
2.966667E0	2.296705E0	-5.210975E-2
3.000000E0	2.454879E0	-4.321719E-2
3.033333E0	2.546030E0	-1.433414E-2
3.066667E0	2.590313E0	-7.278639E-6
3.100000E0	2.649404E0	5.748641E-3
3.133333E0	2.671439E0	6.267857E-3
3.166667E0	2.707451E0	1.633237E-2
3.200000E0	2.694381E0	2.510680E-2
3.233333E0	2.689571E0	3.168719E-2
3.266667E0	2.652007E0	5.769270E-2
3.300000E0	2.650621E0	8.418707E-2
3.333333E0	2.622300E0	1.116006E-1
3.366667E0	2.668161E0	8.455314E-2
3.400000E0	2.701653E0	6.426730E-2
3.433333E0	2.807744E0	-1.325355E-2
3.466667E0	2.833402E0	-1.409220E-2
3.500000E0	2.967641E0	-6.014185E-5
3.533333E0	3.075424E0	1.154646E-2
3.566667E0	3.112747E0	2.424494E-2
3.600000E0	3.162395E0	1.832364E-2
3.633333E0	3.183211E0	1.725141E-2
3.666667E0	3.214786E0	6.082930E-3
3.700000E0	3.227029E0	1.028989E-2
3.733333E0	3.232802E0	1.507876E-2
3.766667E0	3.188151E0	7.156994E-2
3.800000E0	3.177613E0	8.552095E-2
3.833333E0	3.166301E0	9.007492E-2
3.866667E0	3.197539E0	8.197393E-2
3.900000E0	3.259026E0	3.300100E-2
3.933333E0	3.324480E0	-1.370366E-2
3.966667E0	3.378537E0	-5.569823E-2
4.000000E0	3.518613E0	-5.552611E-2
4.033333E0	3.601027E0	-2.855953E-2
4.066667E0	3.632778E0	-1.003483E-2
4.100000E0	3.673656E0	-4.173802E-3
4.133333E0	3.684689E0	-1.874351E-3
4.166667E0	3.722720E0	-2.317554E-3
4.200000E0	3.734076E0	9.897816E-3
4.233333E0	3.743614E0	1.911250E-2
4.266667E0	3.697548E0	8.172522E-2
4.300000E0	3.684661E0	9.528745E-2
4.333333E0	3.674109E0	1.039326E-1
4.366667E0	3.695076E0	7.908603E-2
4.400000E0	3.768138E0	3.104112E-2
4.433333E0	3.826970E0	-2.118491E-2
4.466667E0	3.881598E0	-5.455077E-2
4.500000E0	4.017500E0	-5.376533E-2
4.533333E0	4.108007E0	-3.083842E-2
4.566667E0	4.148159E0	-1.802345E-2
4.600000E0	4.206626E0	-1.901340E-2
4.633333E0	4.233837E0	-1.097754E-2
4.666667E0	4.271823E0	-8.582438E-3
4.700000E0	4.272054E0	-9.284158E-3
4.733333E0	4.292826E0	7.360134E-3
4.766667E0	4.259374E0	6.650054E-2
4.800000E0	4.250696E0	8.749149E-2
4.833333E0	4.245830E0	9.516590E-2
4.866667E0	4.273997E0	6.000538E-2
4.900000E0	4.357999E0	7.733711E-3
4.933333E0	4.460817E0	-4.959433E-2
4.966667E0	4.481809E0	-6.641350E-2
5.000000E0	4.608890E0	-6.313496E-2
5.033333E0	4.716971E0	-5.947235E-2
5.066667E0	4.763907E0	-6.222299E-2
5.100000E0	4.803047E0	-6.725127E-2
5.133333E0	4.813713E0	-7.114287E-2
5.166667E0	4.843006E0	-7.917961E-2
5.200000E0	4.874333E0	-6.797172E-2
5.233333E0	4.877408E0	-5.533057E-2
5.266667E0	4.869415E0	-2.111039E-2
5.300000E0	4.867511E0	1.961257E-2
5.333333E0	4.864662E0	2.255479E-2
5.366667E0	4.891810E0	-2.049128E-3
5.400000E0	4.937699E0	-5.296980E-2
5.433333E0	5.030845E0	-1.124904E-1
5.466667E0	5.062207E0	-1.644340E-1
5.500000E0	5.155949E0	-1.549125E-1
5.533333E0	5.292109E0	-1.314601E-1
5.566667E0	5.314938E0	-1.316558E-1
5.600000E0	5.362253E0	-1.396071E-1
5.633333E0	5.383669E0	-1.396322E-1
5.666667E0	5.401336E0	-1.439657E-1
5.700000E0	5.399336E0	-1.282450E-1
5.733333E0	5.388700E0	-1.208314E-1
5.766667E0	5.355406E0	-8.361098E-2
5.800000E0	5.353911E0	-4.755018E-2
5.833333E0	5.348471E0	-4.840027E-2
5.866667E0	5.377248E0	-6.628702E-2
5.900000E0	5.384897E0	-8.235835E-2
5.933333E0	5.496767E0	-1.908439E-1
5.966667E0	5.520588E0	-2.014055E-1
6.000000E0	5.589070E0	-2.054647E-1
6.033333E0	5.728169E0	-1.798505E-1
6.066667E0	5.754043E0	-1.824304E-1
6.100000E0	5.781516E0	-2.019549E-1
6.133333E0	5.796883E0	-2.038091E-1
6.166667E0	5.807963E0	-1.985203E-1
6.200000E0	5.808892E0	-1.867621E-1
6.233333E0	5.805070E0	-1.800075E-1
6.266667E0	5.757801E0	-1.672467E-1
6.300000E0	5.736865E0	-9.080183E-2
6.333333E0	5.706588E0	-7.289259E-2
6.366667E0	5.728098E0	-8.428929E-2
6.400000E0	5.770045E0	-1.327517E-1
6.433333E0	5.868743E0	-1.936082E-1
6.466667E0	5.884657E0	-2.082903E-1
6.500000E0	5.952233E0	-2.055814E-1
6.533333E0	6.085679E0	-1.872911E-1
6.566667E0	6.112436E0	-2.060006E-1
6.600000E0	6.157919E0	-1.982311E-1
6.633333E0	6.162741E0	-1.974782E-1
6.666667E0	6.179142E0	-1.999620E-1
6.700000E0	6.177818E0	-1.867363E-1
6.733333E0	6.164472E0	-1.836716E-1
6.766667E0	6.122895E0	-1.743500E-1
6.800000E0	6.124776E0	-1.307518E-1
6.833333E0	6.129758E0	-1.227107E-1
6.866667E0	6.155757E0	-1.367765E-1
6.900000E0	6.168061E0	-1.439478E-1
6.933333E0	6.294725E0	-2.582756E-1
6.966667E0	6.305902E0	-2.676801E-1
7.000000E0	6.388232E0	-2.670685E-1
7.033333E0	6.519794E0	-2.519047E-1
7.066667E0	6.558701E0	-2.760560E-1
7.100000E0	6.603122E0	-2.638375E-1
7.133333E0	6.612749E0	-2.863066E-1
7.166667E0	6.649880E0	-2.773501E-1
7.200000E0	6.671832E0	-2.573788E-1
7.233333E0	6.646979E0	-2.471581E-1
7.266667E0	6.646618E0	-2.032821E-1
7.300000E0	6.623285E0	-1.706941E-1
7.333333E0	6.632006E0	-1.502723E-1
7.366667E0	6.662165E0	-1.559327E-1
7.400000E0	6.719117E0	-1.971015E-1
7.433333E0	6.845193E0	-2.805401E-1
7.466667E0	6.861060E0	-2.875185E-1
7.500000E0	6.945842E0	-2.802075E-1
7.533333E0	7.101825E0	-2.796094E-1
7.566667E0	7.151801E0	-2.671854E-1
7.600000E0	7.202758E0	-2.775347E-1
7.633333E0	7.222466E0	-2.719531E-1
7.666667E0	7.263237E0	-2.878588E-1
7.700000E0	7.296490E0	-2.662786E-1
7.733333E0	7.297164E0	-2.587440E-1
7.766667E0	7.283900E0	-2.149222E-1
7.800000E0	7.281270E0	-1.989268E-1
7.833333E0	7.287779E0	-1.925133E-1
7.866667E0	7.335576E0	-2.223227E-1
7.900000E0	7.355713E0	-2.343726E-1
7.933333E0	7.488863E0	-2.963390E-1
7.966667E0	7.550992E0	-3.438214E-1
8.000000E0	7.644535E0	-3.416511E-1
8.033333E0	7.777462E0	-3.106099E-1
8.066667E0	7.818998E0	-3.006222E-1
8.100000E0	7.880019E0	-2.976761E-1
8.133333E0	7.915571E0	-2.877017E-1
8.166667E0	7.946297E0	-2.718715E-1
8.200000E0	7.991703E0	-2.678454E-1
8.233333E0	7.998204E0	-2.567883E-1
8.266667E0	7.989486E0	-2.076193E-1
8.300000E0	7.994960E0	-1.869971E-1
8.333333E0	7.999555E0	-1.858460E-1
8.366667E0	8.049418E0	-2.190998E-1
8.400000E0	8.070784E0	-2.296830E-1
8.433333E0	8.191950E0	-2.854495E-1
8.466667E0	8.257924E0	-3.420864E-1
8.500000E0	8.348562E0	-3.445120E-1
8.533333E0	8.497140E0	-3.268557E-1
8.566667E0	8.528779E0	-3.415140E-1
8.600000E0	8.600618E0	-3.459231E-1
8.633333E0	8.630867E0	-3.387055E-1
8.666667E0	8.672010E0	-3.539580E-1
8.700000E0	8.732824E0	-3.450870E-1
8.733333E0	8.763246E0	-3.338299E-1
8.766667E0	8.766545E0	-2.693798E-1
8.800000E0	8.774315E0	-2.491114E-1
8.833333E0	8.779796E0	-2.475120E-1
8.866667E0	8.835403E0	-2.853902E-1
8.900000E0	8.855951E0	-2.909687E-1
8.933333E0	8.983115E0	-3.461735E-1
8.966667E0	9.051139E0	-4.093597E-1
9.000000E0	9.137193E0	-4.115423E-1
9.033333E0	9.248097E0	-3.795008E-1
9.066667E0	9.284423E0	-3.412647E-1
9.100000E0	9.337778E0	-3.401861E-1
9.133333E0	9.363948E0	-3.580962E-1
9.166667E0	9.413428E0	-3.408461E-1
9.200000E0	9.474831E0	-3.464897E-1
9.233333E0	9.487944E0	-3.341253E-1
9.266667E0	9.484423E0	-2.877422E-1
9.300000E0	9.489081E0	-2.596136E-1
9.333333E0	9.477673E0	-2.467557E-1
9.366667E0	9.567801E0	-2.528561E-1
9.400000E0	9.607071E0	-3.060724E-1
9.433333E0	9.760965E0	-3.336473E-1
9.466667E0	9.781737E0	-3.417528E-1
9.500000E0	9.874108E0	-3.645499E-1
9.533333E0	9.984138E0	-2.804768E-1
9.566667E0	1.000504E1	-2.983596E-1
9.600000E0	1.007344E1	-2.920555E-1
9.633333E0	1.011255E1	-2.811220E-1
9.666667E0	1.015876E1	-2.879487E-1
9.700000E0	1.023107E1	-2.804405E-1
9.733333E0	1.025897E1	-2.651507E-1
9.766667E0	1.025933E1	-2.239486E-1
9.800000E0	1.027193E1	-1.888616E-1
9.833333E0	1.028148E1	-1.855013E-1
9.866667E0	1.039981E1	-2.487572E-1
9.900000E0	1.042333E1	-2.638383E-1
9.933333E0	1.053010E1	-2.999868E-1
9.966667E0	1.060619E1	-3.422677E-1
1.000000E1	1.068213E1	-3.282628E-1
1.003333E1	1.080829E1	-2.977119E-1
1.006667E1	1.084050E1	-2.696452E-1
1.010000E1	1.089799E1	-2.760499E-1
1.013333E1	1.092974E1	-2.942314E-1
1.016667E1	1.099350E1	-2.924364E-1
1.020000E1	1.108218E1	-2.721596E-1
1.023333E1	1.110707E1	-2.576209E-1
1.026667E1	1.112311E1	-1.991589E-1
1.030000E1	1.113106E1	-1.776598E-1
1.033333E1	1.114741E1	-2.125249E-1
1.036667E1	1.124675E1	-2.274614E-1
1.040000E1	1.131382E1	-2.670394E-1
1.043333E1	1.147741E1	-3.218010E-1
1.046667E1	1.148159E1	-3.372460E-1
1.050000E1	1.157027E1	-3.550209E-1
1.053333E1	1.173546E1	-3.281641E-1
1.056667E1	1.173552E1	-2.956411E-1
1.060000E1	1.180696E1	-2.806047E-1
1.063333E1	1.183671E1	-2.605511E-1
1.066667E1	1.187730E1	-2.785139E-1
1.070000E1	1.195304E1	-2.629729E-1
1.073333E1	1.194615E1	-2.469180E-1
1.076667E1	1.199603E1	-2.060193E-1
1.080000E1	1.203383E1	-1.841243E-1
1.083333E1	1.203148E1	-1.646738E-1
1.086667E1	1.215690E1	-2.133322E-1
1.090000E1	1.218989E1	-2.084882E-1
1.093333E1	1.235637E1	-2.969340E-1
1.096667E1	1.238231E1	-2.851259E-1
1.100000E1	1.246399E1	-2.598931E-1
1.103333E1	1.259532E1	-2.228300E-1
1.106667E1	1.262890E1	-2.273479E-1
1.110000E1	1.272013E1	-2.089554E-1
1.113333E1	1.275167E1	-1.926809E-1
1.116667E1	1.280218E1	-2.001134E-1
1.120000E1	1.287808E1	-1.794622E-1
1.123333E1	1.287251E1	-1.545163E-1
1.126667E1	1.292238E1	-1.402865E-1
1.130000E1	1.295090E1	-1.141576E-1
1.133333E1	1.298725E1	-1.379790E-1
1.136667E1	1.305758E1	-1.594911E-1
1.140000E1	1.318724E1	-2.197932E-1
1.143333E1	1.333897E1	-2.403745E-1
1.146667E1	1.338269E1	-2.601347E-1
1.150000E1	1.344615E1	-2.389603E-1
1.153333E1	1.362017E1	-2.258978E-1
1.156667E1	1.367086E1	-1.927458E-1
1.160000E1	1.375389E1	-2.053110E-1
1.163333E1	1.379991E1	-1.996960E-1
1.166667E1	1.386231E1	-2.042448E-1
1.170000E1	1.391914E1	-1.742375E-1
1.173333E1	1.394858E1	-1.175217E-1
1.176667E1	1.400583E1	-1.175748E-1
1.180000E1	1.401075E1	-8.505990E-2
1.183333E1	1.404878E1	-9.420886E-2
1.186667E1	1.419811E1	-1.357013E-1
1.190000E1	1.428798E1	-1.802964E-1
1.193333E1	1.442064E1	-2.134549E-1
1.196667E1	1.444418E1	-2.206563E-1
1.200000E1	1.452951E1	-2.327340E-1
1.203333E1	1.472539E1	-1.963580E-1
1.206667E1	1.476933E1	-2.026008E-1
1.210000E1	1.486077E1	-2.015322E-1
1.213333E1	1.489788E1	-2.090275E-1
1.216667E1	1.497202E1	-2.130353E-1
1.220000E1	1.504130E1	-1.766414E-1
1.223333E1	1.507682E1	-1.347920E-1
1.226667E1	1.514027E1	-1.193148E-1
1.230000E1	1.514843E1	-7.300208E-2
1.233333E1	1.519072E1	-7.990418E-2
1.236667E1	1.533370E1	-1.193832E-1
1.240000E1	1.539565E1	-1.556394E-1
1.243333E1	1.556478E1	-1.856558E-1
1.246667E1	1.559126E1	-2.268643E-1
1.250000E1	1.570352E1	-2.030900E-1
1.253333E1	1.589712E1	-2.037730E-1
1.256667E1	1.593320E1	-1.902404E-1
1.260000E1	1.602029E1	-2.038126E-1
1.263333E1	1.606863E1	-2.023443E-1
1.266667E1	1.613655E1	-1.970365E-1
1.270000E1	1.619205E1	-1.596360E-1
1.273333E1	1.619753E1	-9.667797E-2
1.276667E1	1.626863E1	-6.953830E-2
1.280000E1	1.631729E1	-6.620764E-2
1.283333E1	1.637966E1	-7.475079E-2
1.286667E1	1.653062E1	-9.722513E-2
1.290000E1	1.660717E1	-1.341136E-1
1.293333E1	1.673870E1	-1.710248E-1
1.296667E1	1.676845E1	-1.649962E-1
1.300000E1	1.687332E1	-1.601156E-1
1.303333E1	1.707040E1	-1.277418E-1
1.306667E1	1.711373E1	-1.398469E-1
1.310000E1	1.719727E1	-1.419731E-1
1.313333E1	1.722527E1	-1.449722E-1
1.316667E1	1.730642E1	-1.437561E-1
1.320000E1	1.738587E1	-1.098741E-1
1.323333E1	1.739355E1	-9.837686E-2
1.326667E1	1.745758E1	-6.162426E-2
1.330000E1	1.748657E1	-9.597095E-3
1.333333E1	1.753009E1	-3.477803E-3
1.336667E1	1.767542E1	-4.408242E-2
1.340000E1	1.770477E1	-6.027136E-2
1.343333E1	1.782105E1	-1.203387E-1
1.346667E1	1.783893E1	-1.369831E-1
1.350000E1	1.798398E1	-1.307737E-1
1.353333E1	1.810684E1	-1.312357E-1
1.356667E1	1.818163E1	-1.309673E-1
1.360000E1	1.824757E1	-1.361238E-1
1.363333E1	1.826343E1	-1.281143E-1
1.366667E1	1.835889E1	-1.362822E-1
1.370000E1	1.839901E1	-9.248753E-2
1.373333E1	1.843853E1	-6.691605E-2
1.376667E1	1.846075E1	-1.941420E-2
1.380000E1	1.847504E1	1.503240E-2
1.383333E1	1.853363E1	1.956082E-2
1.386667E1	1.859103E1	-1.539454E-3
1.390000E1	1.861046E1	4.684645E-3
1.393333E1	1.871835E1	-8.908711E-2
1.396667E1	1.874759E1	-7.338521E-2
1.400000E1	1.888895E1	-7.184679E-2
1.403333E1	1.896576E1	-6.060904E-2
1.406667E1	1.902243E1	-6.528874E-2
1.410000E1	1.908756E1	-6.551665E-2
1.413333E1	1.910486E1	-5.787796E-2
1.416667E1	1.918754E1	-4.362932E-2
1.420000E1	1.923470E1	-4.181560E-2
1.423333E1	1.924408E1	-3.546872E-3
1.426667E1	1.928834E1	2.647901E-2
1.430000E1	1.928487E1	4.574426E-2
1.433333E1	1.933170E1	9.181710E-2
1.436667E1	1.938442E1	6.918799E-2
1.440000E1	1.945974E1	2.921340E-2
1.443333E1	1.950954E1	-6.500536E-3
1.446667E1	1.952906E1	-5.978842E-3
1.450000E1	1.971834E1	-5.514204E-2
1.453333E1	1.979877E1	-2.825671E-2
1.456667E1	1.985136E1	-6.863857E-3
1.460000E1	1.993139E1	-3.252205E-3
1.463333E1	1.995213E1	4.573454E-3
1.466667E1	2.003247E1	1.210818E-2
1.470000E1	2.008449E1	2.403049E-2
1.473333E1	2.010716E1	4.608689E-2
1.476667E1	2.014233E1	9.417444E-2
1.480000E1	2.013660E1	1.130804E-1
1.483333E1	2.017887E1	1.583086E-1
1.486667E1	2.022755E1	1.381053E-1
1.490000E1	2.030988E1	8.812320E-2
1.493333E1	2.037077E1	6.147161E-2
1.496667E1	2.043595E1	1.493339E-2
1.500000E1	2.056494E1	-5.522909E-4
1.503333E1	2.066101E1	1.533754E-2
1.506667E1	2.070756E1	1.623369E-2
1.510000E1	2.077852E1	7.076855E-3
1.513333E1	2.079576E1	6.523378E-3
1.516667E1	2.087599E1	1.753869E-2
1.520000E1	2.092928E1	2.598126E-2
1.523333E1	2.095094E1	6.441226E-2
1.526667E1	2.098976E1	9.120820E-2
1.530000E1	2.098516E1	1.129576E-1
1.533333E1	2.102203E1	1.547121E-1
1.536667E1	2.106887E1	1.323780E-1
1.540000E1	2.114325E1	8.154677E-2
1.543333E1	2.120571E1	5.921333E-2
1.546667E1	2.127331E1	7.062193E-3
1.550000E1	2.138386E1	1.653119E-2
1.553333E1	2.146649E1	-1.437846E-3
1.556667E1	2.151710E1	2.140708E-2
1.560000E1	2.156959E1	1.052971E-2
1.563333E1	2.158443E1	1.327442E-2
1.566667E1	2.164787E1	1.168197E-2
1.570000E1	2.169470E1	1.376717E-2
1.573333E1	2.171123E1	5.461884E-2
1.576667E1	2.171851E1	1.172407E-1
1.580000E1	2.171992E1	1.471406E-1
1.583333E1	2.174790E1	1.424084E-1
1.586667E1	2.179518E1	1.468655E-1
1.590000E1	2.185705E1	8.835730E-2
1.593333E1	2.191377E1	5.412740E-2
1.596667E1	2.197549E1	4.315477E-3
1.600000E1	2.207476E1	9.909347E-3
1.603333E1	2.215627E1	2.007252E-2
1.606667E1	2.218090E1	6.661827E-3
1.610000E1	2.222161E1	1.478981E-2
1.613333E1	2.222298E1	1.348225E-2
1.616667E1	2.228620E1	1.490872E-2
1.620000E1	2.232736E1	2.104434E-2
1.623333E1	2.233677E1	6.299293E-2
1.626667E1	2.234036E1	1.080242E-1
1.630000E1	2.234504E1	1.447622E-1
1.633333E1	2.235762E1	1.611696E-1
1.636667E1	2.238899E1	1.242281E-1
1.640000E1	2.244917E1	6.579418E-2
1.643333E1	2.250561E1	6.593302E-2
1.646667E1	2.255803E1	1.000220E-2
1.650000E1	2.264140E1	1.198492E-2
1.653333E1	2.271556E1	2.290132E-2
1.656667E1	2.274591E1	4.091044E-3
1.660000E1	2.278053E1	1.391893E-2
1.663333E1	2.278402E1	1.580173E-2
1.666667E1	2.283285E1	3.413009E-3
1.670000E1	2.286538E1	3.453497E-2
1.673333E1	2.285259E1	6.483008E-2
1.676667E1	2.284031E1	1.111488E-1
1.680000E1	2.284510E1	1.468087E-1
1.683333E1	2.285604E1	1.699808E-1
1.686667E1	2.288618E1	1.324217E-1
1.690000E1	2.290346E1	1.132376E-1
1.693333E1	2.298451E1	5.028066E-2
1.696667E1	2.303954E1	1.266430E-2
1.700000E1	2.312215E1	1.184627E-2
1.703333E1	2.319373E1	1.382215E-2
1.706667E1	2.321214E1	2.972510E-2
1.710000E1	2.324211E1	2.148850E-3
1.713333E1	2.325647E1	2.874482E-3
1.716667E1	2.330556E1	-7.258447E-3
1.720000E1	2.334173E1	2.388753E-2
1.723333E1	2.333525E1	6.076660E-2
1.726667E1	2.332869E1	1.077755E-1
1.730000E1	2.333470E1	1.440816E-1
1.733333E1	2.333781E1	1.550905E-1
1.736667E1	2.336323E1	1.448174E-1
1.740000E1	2.340491E1	8.446488E-2
1.743333E1	2.347121E1	1.008663E-2
1.746667E1	2.348413E1	1.586305E-3
1.750000E1	2.356238E1	7.345873E-3
1.753333E1	2.362495E1	6.853569E-3
1.756667E1	2.363958E1	1.320893E-2
1.760000E1	2.365927E1	-9.079210E-3
1.763333E1	2.367661E1	-5.067335E-3
1.766667E1	2.371970E1	-1.491991E-2
1.770000E1	2.376342E1	1.846646E-2
1.773333E1	2.375927E1	5.644794E-2
1.776667E1	2.377100E1	1.027747E-1
1.780000E1	2.375220E1	1.158532E-1
1.783333E1	2.375588E1	1.347837E-1
1.786667E1	2.380982E1	8.870562E-2
1.790000E1	2.382262E1	5.409728E-2
1.793333E1	2.388607E1	-2.395420E-2
1.796667E1	2.390118E1	-2.152235E-2
1.800000E1	2.396815E1	-2.321694E-2
1.803333E1	2.403430E1	-1.072489E-2
1.806667E1	2.404146E1	-3.091699E-3
1.810000E1	2.405286E1	7.696412E-4
1.813333E1	2.404855E1	3.745988E-4
1.816667E1	2.407211E1	-1.448030E-2
1.820000E1	2.410314E1	5.377544E-3
1.823333E1	2.411246E1	2.355398E-2
1.826667E1	2.410454E1	7.892305E-2
1.830000E1	2.410570E1	9.064747E-2
1.833333E1	2.410359E1	9.770620E-2
1.836667E1	2.411802E1	8.209879E-2
1.840000E1	2.411362E1	5.630838E-2
1.843333E1	2.418310E1	-5.376486E-2
1.846667E1	2.419110E1	-6.531978E-2
1.850000E1	2.423762E1	-8.760685E-2
1.853333E1	2.425858E1	-6.806438E-2
1.856667E1	2.426481E1	-6.233417E-2
1.860000E1	2.426500E1	-6.308938E-2
1.863333E1	2.425937E1	-6.537616E-2
1.866667E1	2.426205E1	-6.400194E-2
1.870000E1	2.426354E1	-4.646650E-2
1.873333E1	2.424206E1	-2.468689E-2
1.876667E1	2.424117E1	2.142336E-2
1.880000E1	2.420270E1	7.609720E-2
1.883333E1	2.417751E1	8.237720E-2
1.886667E1	2.418126E1	6.610767E-2
1.890000E1	2.417599E1	3.582677E-2
1.893333E1	2.419141E1	-1.583601E-2
1.896667E1	2.422367E1	-6.705718E-2
1.900000E1	2.425522E1	-6.185227E-2
1.903333E1	2.427818E1	-3.924589E-2
1.906667E1	2.426000E1	-4.917120E-2
1.910000E1	2.424114E1	-6.216629E-2
1.913333E1	2.423247E1	-6.940755E-2
1.916667E1	2.423060E1	-7.376581E-2
1.920000E1	2.423825E1	-6.196626E-2
1.923333E1	2.423751E1	-6.259529E-2
1.926667E1	2.418525E1	1.563936E-2
1.930000E1	2.417939E1	1.667654E-2
1.933333E1	2.411236E1	6.795326E-2
1.936667E1	2.410589E1	6.133428E-2
1.940000E1	2.411401E1	2.588104E-2
1.943333E1	2.410811E1	-3.077266E-2
1.946667E1	2.412741E1	-4.496641E-2
1.950000E1	2.412279E1	-5.309295E-2
1.953333E1	2.411317E1	-2.914440E-2
1.956667E1	2.409530E1	-1.926393E-2
1.960000E1	2.406255E1	1.002854E-2
1.963333E1	2.403851E1	-4.933335E-3
1.966667E1	2.402041E1	-4.399619E-3
1.970000E1	2.401021E1	-9.389471E-4
1.973333E1	2.397635E1	5.925129E-2
1.976667E1	2.395261E1	7.434430E-2
1.980000E1	2.390637E1	1.382637E-1
1.983333E1	2.383593E1	1.910049E-1
1.986667E1	2.382998E1	1.915411E-1
1.990000E1	2.384468E1	1.680337E-1
1.993333E1	2.384901E1	1.004852E-1
1.996667E1	2.384316E1	7.378310E-2
2.000000E1	2.385414E1	8.225988E-2
2.003333E1	2.388007E1	7.405017E-2
2.006667E1	2.388049E1	6.907648E-2
2.010000E1	2.386390E1	5.859854E-2
2.013333E1	2.387136E1	5.612286E-2
2.016667E1	2.389636E1	6.953375E-2
2.020000E1	2.390919E1	9.186582E-2
2.023333E1	2.389591E1	1.139705E-1
2.026667E1	2.390314E1	1.617884E-1
2.030000E1	2.390195E1	1.718501E-1
2.033333E1	2.389460E1	1.558663E-1
2.036667E1	2.391275E1	1.446234E-1
2.040000E1	2.396112E1	7.143753E-2
2.043333E1	2.402651E1	-9.561790E-4
2.046667E1	2.403993E1	-1.607945E-3
2.050000E1	2.411702E1	3.532055E-3
2.053333E1	2.417990E1	2.591519E-3
2.056667E1	2.419183E1	5.357412E-3
2.060000E1	2.420557E1	5.402289E-3
2.063333E1	2.420417E1	1.664819E-3
2.066667E1	2.426283E1	-2.093190E-3
2.070000E1	2.431158E1	3.753750E-3
2.073333E1	2.433095E1	5.285695E-2
2.076667E1	2.438650E1	8.784907E-2
2.080000E1	2.440275E1	9.876641E-2
2.083333E1	2.443462E1	6.904798E-2
2.086667E1	2.447694E1	7.312732E-2
2.090000E1	2.454074E1	7.144166E-3
2.093333E1	2.461346E1	-6.220868E-2
2.096667E1	2.463257E1	-6.289869E-2
2.100000E1	2.473013E1	-8.785292E-2
2.103333E1	2.482227E1	-6.783373E-2
2.106667E1	2.485113E1	-8.751549E-2
2.110000E1	2.490775E1	-6.950051E-2
2.113333E1	2.491146E1	-6.610192E-2
2.116667E1	2.498860E1	-7.011697E-2
2.120000E1	2.504128E1	-5.870524E-2
2.123333E1	2.508847E1	-9.505456E-3
2.126667E1	2.514308E1	8.621497E-3
2.130000E1	2.517740E1	3.271874E-2
2.133333E1	2.524654E1	2.347957E-2
2.136667E1	2.529669E1	-1.542630E-2
2.140000E1	2.538233E1	-7.346023E-2
2.143333E1	2.548457E1	-1.117169E-1
2.146667E1	2.550158E1	-1.619953E-1
2.150000E1	2.562608E1	-1.416711E-1
2.153333E1	2.572312E1	-1.455559E-1
2.156667E1	2.576312E1	-1.372878E-1
2.160000E1	2.581249E1	-1.450889E-1
2.163333E1	2.581914E1	-1.423746E-1
2.166667E1	2.595721E1	-1.357781E-1
2.170000E1	2.603553E1	-1.190055E-1
2.173333E1	2.610298E1	-7.560193E-2
2.176667E1	2.617304E1	-4.554423E-2
2.180000E1	2.616864E1	-2.000246E-2
2.183333E1	2.621717E1	-5.719163E-3
2.186667E1	2.636631E1	-4.481683E-2
2.190000E1	2.639804E1	-5.847884E-2
2.193333E1	2.657491E1	-1.977542E-1
2.196667E1	2.660358E1	-1.966537E-1
2.200000E1	2.667794E1	-2.081879E-1
2.203333E1	2.683546E1	-2.089322E-1
2.206667E1	2.688418E1	-2.036484E-1
2.210000E1	2.695186E1	-2.082489E-1
2.213333E1	2.699389E1	-2.135100E-1
2.216667E1	2.707902E1	-2.099649E-1
2.220000E1	2.721876E1	-1.901008E-1
2.223333E1	2.726598E1	-1.856201E-1
2.226667E1	2.734499E1	-9.075267E-2
2.230000E1	2.738040E1	-7.958777E-2
2.233333E1	2.744224E1	-6.611321E-2
2.236667E1	2.756741E1	-8.703014E-2
2.240000E1	2.761717E1	-1.053443E-1
2.243333E1	2.783993E1	-2.075703E-1
2.246667E1	2.786864E1	-2.056858E-1
2.250000E1	2.795441E1	-2.121467E-1
2.253333E1	2.812256E1	-2.039488E-1
2.256667E1	2.817932E1	-2.090989E-1
2.260000E1	2.827990E1	-2.068637E-1
2.263333E1	2.831861E1	-2.114397E-1
2.266667E1	2.843423E1	-2.008581E-1
2.270000E1	2.856241E1	-1.663272E-1
2.273333E1	2.863429E1	-1.322476E-1
2.276667E1	2.874542E1	-1.056267E-1
2.280000E1	2.879446E1	-6.042627E-2
2.283333E1	2.886706E1	-5.114478E-2
2.286667E1	2.901399E1	-7.123689E-2
2.290000E1	2.907103E1	-8.562189E-2
2.293333E1	2.930213E1	-1.840089E-1
2.296667E1	2.931243E1	-2.003313E-1
2.300000E1	2.943342E1	-2.072622E-1
2.303333E1	2.960361E1	-2.053372E-1
2.306667E1	2.966468E1	-2.060250E-1
2.310000E1	2.978704E1	-2.017168E-1
2.313333E1	2.983372E1	-1.971462E-1
2.316667E1	2.993547E1	-1.881042E-1
2.320000E1	3.006092E1	-1.582757E-1
2.323333E1	3.013776E1	-1.256536E-1
2.326667E1	3.027031E1	-9.913169E-2
2.330000E1	3.029249E1	-5.736666E-2
2.333333E1	3.038163E1	-6.108611E-2
2.336667E1	3.055253E1	-6.386871E-2
2.340000E1	3.061148E1	-7.705913E-2
2.343333E1	3.084222E1	-1.807747E-1
2.346667E1	3.083892E1	-1.621982E-1
2.350000E1	3.095003E1	-1.718164E-1
2.353333E1	3.112351E1	-1.280796E-1
2.356667E1	3.117381E1	-1.238974E-1
2.360000E1	3.129243E1	-1.288987E-1
2.363333E1	3.134934E1	-1.142818E-1
2.366667E1	3.133726E1	-1.245868E-1
2.370000E1	3.161626E1	-1.105191E-1
2.373333E1	3.166135E1	-1.030950E-1
2.376667E1	3.181706E1	-4.426265E-2
2.380000E1	3.183396E1	-1.365564E-2
2.383333E1	3.193747E1	-8.211477E-4
2.386667E1	3.211136E1	7.237772E-3
2.390000E1	3.217306E1	-1.125078E-2
2.393333E1	3.243347E1	-7.579386E-2
2.396667E1	3.246663E1	-7.671846E-2
2.400000E1	3.256225E1	-8.248783E-2
2.403333E1	3.275162E1	-4.933207E-2
2.406667E1	3.279465E1	-6.401394E-2
2.410000E1	3.293257E1	-5.694419E-2
2.413333E1	3.295519E1	-3.285200E-2
2.416667E1	3.306958E1	-1.790029E-2
2.420000E1	3.324765E1	2.451355E-2
2.423333E1	3.329706E1	4.568062E-2
2.426667E1	3.345188E1	8.227626E-2
2.430000E1	3.350041E1	9.964825E-2
2.433333E1	3.358092E1	1.080463E-1
2.436667E1	3.378491E1	9.462021E-2
2.440000E1	3.384429E1	6.700065E-2
2.443333E1	3.400534E1	5.590719E-2
2.446667E1	3.408972E1	1.644860E-2
2.450000E1	3.417618E1	1.813697E-2
2.453333E1	3.430676E1	4.764995E-2
2.456667E1	3.434950E1	6.186004E-2
2.460000E1	3.443374E1	7.683122E-2
2.463333E1	3.445871E1	9.328188E-2
2.466667E1	3.461770E1	8.727685E-2
2.470000E1	3.477093E1	1.141750E-1
2.473333E1	3.482974E1	1.281627E-1
2.476667E1	3.499190E1	1.526724E-1
2.480000E1	3.501888E1	1.998211E-1
2.483333E1	3.511135E1	2.016100E-1
2.486667E1	3.528866E1	2.088841E-1
2.490000E1	3.534813E1	1.879215E-1
2.493333E1	3.548219E1	1.856424E-1
2.496667E1	3.556470E1	1.451936E-1
2.500000E1	3.564984E1	1.488602E-1
2.503333E1	3.578458E1	1.633331E-1
2.506667E1	3.580129E1	1.718992E-1
2.510000E1	3.590440E1	1.808928E-1
2.513333E1	3.593793E1	2.126681E-1
2.516667E1	3.604654E1	2.084237E-1
2.520000E1	3.620524E1	2.387032E-1
2.523333E1	3.621840E1	2.735363E-1
2.526667E1	3.635141E1	2.976351E-1
2.530000E1	3.641802E1	3.259690E-1
2.533333E1	3.650136E1	3.478485E-1
2.536667E1	3.663532E1	3.438580E-1
2.540000E1	3.667524E1	3.184616E-1
2.543333E1	3.687891E1	2.285033E-1
2.546667E1	3.691173E1	2.317334E-1
2.550000E1	3.699324E1	2.268615E-1
2.553333E1	3.711833E1	2.358334E-1
2.556667E1	3.714610E1	2.470461E-1
2.560000E1	3.722311E1	2.426259E-1
2.563333E1	3.726989E1	2.412578E-1
2.566667E1	3.734796E1	2.584288E-1
2.570000E1	3.749022E1	2.950729E-1
2.573333E1	3.755127E1	3.056603E-1
2.576667E1	3.766733E1	3.115724E-1
2.580000E1	3.769946E1	3.506959E-1
2.583333E1	3.777374E1	3.639606E-1
2.586667E1	3.789993E1	3.396442E-1
2.590000E1	3.796933E1	3.089175E-1
2.593333E1	3.805608E1	2.804067E-1
2.596667E1	3.812752E1	2.296702E-1
2.600000E1	3.818693E1	2.256570E-1
2.603333E1	3.826709E1	2.640174E-1
2.606667E1	3.828486E1	2.880947E-1
2.610000E1	3.833935E1	2.898139E-1
2.613333E1	3.838577E1	2.889320E-1
2.616667E1	3.847106E1	2.960525E-1
2.620000E1	3.860616E1	3.159749E-1
2.623333E1	3.865266E1	3.015076E-1
2.626667E1	3.873345E1	4.047619E-1
2.630000E1	3.876950E1	4.174863E-1
2.633333E1	3.883373E1	4.213148E-1
2.636667E1	3.893105E1	3.915310E-1
2.640000E1	3.897218E1	4.053857E-1
2.643333E1	3.910592E1	3.161464E-1
2.646667E1	3.912449E1	3.041664E-1
2.650000E1	3.917287E1	2.890675E-1
2.653333E1	3.925531E1	3.043656E-1
2.656667E1	3.926280E1	3.056795E-1
2.660000E1	3.931381E1	2.996632E-1
2.663333E1	3.932315E1	3.261332E-1
2.666667E1	3.938726E1	3.451193E-1
2.670000E1	3.951468E1	3.667567E-1
2.673333E1	3.953925E1	4.053213E-1
2.676667E1	3.963916E1	4.406176E-1
2.680000E1	3.966851E1	4.644760E-1
2.683333E1	3.972366E1	4.831849E-1
2.686667E1	3.982480E1	4.790873E-1
2.690000E1	3.987283E1	4.393071E-1
2.693333E1	3.992364E1	3.938761E-1
2.696667E1	3.999862E1	3.543774E-1
2.700000E1	4.004626E1	3.738292E-1
2.703333E1	4.010756E1	3.794147E-1
2.706667E1	4.010797E1	3.774088E-1
2.710000E1	4.014243E1	3.594221E-1
2.713333E1	4.017407E1	3.689310E-1
2.716667E1	4.024142E1	3.643032E-1
2.720000E1	4.036892E1	3.843666E-1
2.723333E1	4.039830E1	4.149245E-1
2.726667E1	4.048449E1	4.495293E-1
2.730000E1	4.051662E1	4.833336E-1
2.733333E1	4.057879E1	4.862830E-1
2.736667E1	4.067035E1	4.695170E-1
2.740000E1	4.070851E1	4.316758E-1
2.743333E1	4.079950E1	3.496784E-1
2.746667E1	4.081882E1	3.565397E-1
2.750000E1	4.085137E1	3.426985E-1
2.753333E1	4.092117E1	3.521342E-1
2.756667E1	4.093523E1	3.548112E-1
2.760000E1	4.097077E1	3.664237E-1
2.763333E1	4.098832E1	3.479178E-1
2.766667E1	4.106622E1	3.514337E-1
2.770000E1	4.116795E1	4.094162E-1
2.773333E1	4.120868E1	4.265160E-1
2.776667E1	4.130675E1	4.561595E-1
2.780000E1	4.133046E1	4.871240E-1
2.783333E1	4.139694E1	4.903350E-1
2.786667E1	4.152616E1	4.544556E-1
2.790000E1	4.152765E1	4.257807E-1
2.793333E1	4.160503E1	3.685462E-1
2.796667E1	4.164570E1	3.019618E-1
2.800000E1	4.166570E1	3.072029E-1
2.803333E1	4.172496E1	3.036079E-1
2.806667E1	4.172129E1	2.965408E-1
2.810000E1	4.173750E1	2.941040E-1
2.813333E1	4.175658E1	2.786506E-1
2.816667E1	4.183509E1	2.785219E-1
2.820000E1	4.193962E1	3.312214E-1
2.823333E1	4.198458E1	3.557177E-1
2.826667E1	4.205781E1	4.118454E-1
2.830000E1	4.210265E1	4.419897E-1
2.833333E1	4.214667E1	4.320116E-1
2.836667E1	4.223581E1	3.882931E-1
2.840000E1	4.223646E1	3.602235E-1
2.843333E1	4.229385E1	2.919980E-1
2.846667E1	4.234515E1	2.279603E-1
2.850000E1	4.237140E1	2.438766E-1
2.853333E1	4.241880E1	2.257208E-1
2.856667E1	4.241995E1	2.222345E-1
2.860000E1	4.242734E1	2.157460E-1
2.863333E1	4.243727E1	2.176260E-1
2.866667E1	4.249577E1	2.127549E-1
2.870000E1	4.261811E1	2.248998E-1
2.873333E1	4.264398E1	2.690291E-1
2.876667E1	4.272728E1	3.008952E-1
2.880000E1	4.273142E1	3.576689E-1
2.883333E1	4.276741E1	3.426789E-1
2.886667E1	4.286019E1	3.019221E-1
2.890000E1	4.286242E1	2.842221E-1
2.893333E1	4.291052E1	1.895023E-1
2.896667E1	4.292637E1	1.882069E-1
2.900000E1	4.293475E1	2.096926E-1
2.903333E1	4.297727E1	2.142048E-1
2.906667E1	4.297729E1	2.097363E-1
2.910000E1	4.298447E1	2.063767E-1
2.913333E1	4.299420E1	2.079414E-1
2.916667E1	4.304297E1	2.056764E-1
2.920000E1	4.312575E1	2.557065E-1
2.923333E1	4.315380E1	3.020053E-1
2.926667E1	4.321396E1	3.108631E-1
2.930000E1	4.323781E1	3.356894E-1
2.933333E1	4.328143E1	3.606197E-1
2.936667E1	4.335715E1	3.089077E-1
2.940000E1	4.335319E1	2.690755E-1
2.943333E1	4.339882E1	1.947101E-1
2.946667E1	4.343231E1	1.754762E-1
2.950000E1	4.343103E1	1.699125E-1
2.953333E1	4.342121E1	1.917658E-1
2.956667E1	4.341101E1	2.010196E-1
2.960000E1	4.341079E1	2.022961E-1
2.963333E1	4.341234E1	2.043342E-1
2.966667E1	4.342697E1	2.127498E-1
2.970000E1	4.354186E1	2.401177E-1
2.973333E1	4.354988E1	2.661306E-1
2.976667E1	4.360759E1	3.097741E-1
2.980000E1	4.362643E1	3.414255E-1
2.983333E1	4.365771E1	3.625528E-1
2.986667E1	4.371181E1	3.083901E-1
2.990000E1	4.370392E1	2.768425E-1
2.993333E1	4.373498E1	1.958319E-1
2.996667E1	4.377597E1	1.743726E-1
3.000000E1	4.377145E1	1.626390E-1
3.003333E1	4.376311E1	1.813666E-1
3.006667E1	4.375534E1	1.952161E-1
3.010000E1	4.375204E1	2.002593E-1
3.013333E1	4.375746E1	2.062904E-1
3.016667E1	4.379055E1	2.233456E-1
3.020000E1	4.384357E1	2.324351E-1
3.023333E1	4.388064E1	2.542648E-1
3.026667E1	4.391776E1	3.272933E-1
3.030000E1	4.393521E1	3.609211E-1
3.033333E1	4.397502E1	3.632102E-1
3.036667E1	4.400372E1	3.560752E-1
3.040000E1	4.403215E1	2.943315E-1
3.043333E1	4.405749E1	2.498630E-1
3.046667E1	4.409253E1	2.129181E-1
3.050000E1	4.410773E1	2.149670E-1
3.053333E1	4.412030E1	2.335217E-1
3.056667E1	4.410797E1	2.261375E-1
3.060000E1	4.409776E1	2.186679E-1
3.063333E1	4.410385E1	2.182655E-1
3.066667E1	4.415721E1	2.124457E-1
3.070000E1	4.419540E1	2.294088E-1
3.073333E1	4.424089E1	2.825256E-1
3.076667E1	4.431854E1	3.100868E-1
3.080000E1	4.432971E1	3.265228E-1
3.083333E1	4.438160E1	3.541366E-1
3.086667E1	4.442235E1	3.537575E-1
3.090000E1	4.445183E1	2.876998E-1
3.093333E1	4.447814E1	2.577816E-1
3.096667E1	4.450177E1	2.428759E-1
3.100000E1	4.449194E1	2.220978E-1
3.103333E1	4.450143E1	2.401793E-1
3.106667E1	4.447860E1	2.268987E-1
3.110000E1	4.446959E1	2.214446E-1
3.113333E1	4.447037E1	2.193440E-1
3.116667E1	4.452399E1	2.233859E-1
3.120000E1	4.459488E1	2.314725E-1
3.123333E1	4.462326E1	2.893257E-1
3.126667E1	4.469541E1	3.156587E-1
3.130000E1	4.469583E1	3.369022E-1
3.133333E1	4.475053E1	3.492078E-1
3.136667E1	4.478410E1	3.507035E-1
3.140000E1	4.481102E1	2.890340E-1
3.143333E1	4.483482E1	2.578584E-1
3.146667E1	4.485956E1	2.349869E-1
3.150000E1	4.484372E1	2.233101E-1
3.153333E1	4.485191E1	2.469216E-1
3.156667E1	4.483395E1	2.334424E-1
3.160000E1	4.481854E1	2.245237E-1
3.163333E1	4.481888E1	2.196632E-1
3.166667E1	4.487192E1	2.147500E-1
3.170000E1	4.494060E1	2.205092E-1
3.173333E1	4.496241E1	2.569219E-1
3.176667E1	4.502568E1	2.954734E-1
3.180000E1	4.505421E1	3.142379E-1
3.183333E1	4.507365E1	3.256500E-1
3.186667E1	4.511513E1	3.368940E-1
3.190000E1	4.513406E1	3.154325E-1
3.193333E1	4.512803E1	2.626321E-1
3.196667E1	4.515323E1	2.153055E-1
3.200000E1	4.515905E1	2.032579E-1
3.203333E1	4.517749E1	2.326779E-1
3.206667E1	4.516065E1	2.253865E-1
3.210000E1	4.514664E1	2.225859E-1
3.213333E1	4.515611E1	2.188677E-1
3.216667E1	4.518435E1	2.258005E-1
3.220000E1	4.519337E1	2.578914E-1
3.223333E1	4.522569E1	2.883979E-1
3.226667E1	4.526697E1	3.385466E-1
3.230000E1	4.526879E1	3.671507E-1
3.233333E1	4.526579E1	4.058114E-1
3.236667E1	4.531442E1	3.778220E-1
3.240000E1	4.531817E1	3.509067E-1
3.243333E1	4.533025E1	2.872044E-1
3.246667E1	4.532165E1	2.658219E-1
3.250000E1	4.531180E1	2.587356E-1
3.253333E1	4.530473E1	2.913316E-1
3.256667E1	4.528809E1	2.908974E-1
3.260000E1	4.525867E1	3.048387E-1
3.263333E1	4.524120E1	2.934277E-1
3.266667E1	4.526440E1	3.097458E-1
3.270000E1	4.526539E1	3.381266E-1
3.273333E1	4.528812E1	3.537929E-1
3.276667E1	4.532662E1	4.211308E-1
3.280000E1	4.533269E1	4.413724E-1
3.283333E1	4.532639E1	4.751909E-1
3.286667E1	4.533779E1	4.923014E-1
3.290000E1	4.533189E1	4.760554E-1
3.293333E1	4.534510E1	4.337736E-1
3.296667E1	4.533568E1	4.156716E-1
3.300000E1	4.532192E1	4.252242E-1
3.303333E1	4.532174E1	4.404874E-1
3.306667E1	4.530319E1	4.320094E-1
3.310000E1	4.528155E1	4.388723E-1
3.313333E1	4.526294E1	4.330943E-1
3.316667E1	4.531255E1	4.306152E-1
3.320000E1	4.537157E1	4.423746E-1
3.323333E1	4.540996E1	4.799454E-1
3.326667E1	4.546588E1	5.129067E-1
3.330000E1	4.548153E1	5.251045E-1
3.333333E1	4.553134E1	5.076179E-1
3.336667E1	4.556680E1	4.993968E-1
3.340000E1	4.560669E1	4.384381E-1
3.343333E1	4.566444E1	3.711928E-1
3.346667E1	4.567449E1	3.517611E-1
3.350000E1	4.569511E1	3.635671E-1
3.353333E1	4.572606E1	3.608224E-1
3.356667E1	4.573119E1	3.570512E-1
3.360000E1	4.573902E1	3.524592E-1
3.363333E1	4.574340E1	3.544714E-1
3.366667E1	4.583407E1	3.634579E-1
3.370000E1	4.590864E1	3.836704E-1
3.373333E1	4.595379E1	4.239461E-1
3.376667E1	4.605198E1	4.398277E-1
3.380000E1	4.608406E1	4.494982E-1
3.383333E1	4.617830E1	4.374410E-1
3.386667E1	4.623660E1	4.111123E-1
3.390000E1	4.630144E1	3.473186E-1
3.393333E1	4.637502E1	2.935461E-1
3.396667E1	4.639641E1	2.802428E-1
3.400000E1	4.644412E1	2.702561E-1
3.403333E1	4.649847E1	2.734653E-1
3.406667E1	4.651666E1	2.743528E-1
3.410000E1	4.653715E1	2.796370E-1
3.413333E1	4.655046E1	2.818815E-1
3.416667E1	4.666012E1	2.781730E-1
3.420000E1	4.676058E1	2.943188E-1
3.423333E1	4.685365E1	3.420050E-1
3.426667E1	4.695564E1	3.586626E-1
3.430000E1	4.698151E1	3.867424E-1
3.433333E1	4.709755E1	3.702173E-1
3.436667E1	4.717039E1	3.398353E-1
3.440000E1	4.723036E1	2.992652E-1
3.443333E1	4.732776E1	2.355320E-1
3.446667E1	4.736624E1	1.740476E-1
3.450000E1	4.743101E1	1.403736E-1
3.453333E1	4.749518E1	1.457755E-1
3.456667E1	4.751125E1	1.403409E-1
3.460000E1	4.753426E1	1.417774E-1
3.463333E1	4.754256E1	1.422661E-1
3.466667E1	4.764640E1	1.292879E-1
3.470000E1	4.776408E1	1.355236E-1
3.473333E1	4.780622E1	1.495021E-1
3.476667E1	4.793554E1	1.698198E-1
3.480000E1	4.796789E1	2.197566E-1
3.483333E1	4.807646E1	2.222063E-1
3.486667E1	4.810963E1	2.237851E-1
3.490000E1	4.819542E1	1.372159E-1
3.493333E1	4.828763E1	9.199314E-2
3.496667E1	4.830137E1	6.380056E-2
3.500000E1	4.836555E1	2.851257E-2
3.503333E1	4.837393E1	5.458314E-2
3.506667E1	4.837721E1	6.597017E-2
3.510000E1	4.838538E1	7.932521E-2
3.513333E1	4.837711E1	7.678375E-2
3.516667E1	4.846133E1	6.987717E-2
3.520000E1	4.851808E1	8.099935E-2
3.523333E1	4.856912E1	8.493289E-2
3.526667E1	4.864812E1	1.186619E-1
3.530000E1	4.867260E1	1.527139E-1
3.533333E1	4.872225E1	1.889197E-1
3.536667E1	4.877643E1	1.955262E-1
3.540000E1	4.879066E1	1.809767E-1
3.543333E1	4.884126E1	1.270202E-1
3.546667E1	4.888025E1	1.032361E-1
3.550000E1	4.886358E1	7.385226E-2
3.553333E1	4.887492E1	9.330737E-2
3.556667E1	4.885540E1	8.779358E-2
3.560000E1	4.883946E1	8.629938E-2
3.563333E1	4.884308E1	7.980899E-2
3.566667E1	4.887210E1	9.371132E-2
3.570000E1	4.891601E1	9.097715E-2
3.573333E1	4.893464E1	1.251556E-1
3.576667E1	4.898786E1	1.629995E-1
3.580000E1	4.900546E1	1.687276E-1
3.583333E1	4.901827E1	2.087934E-1
3.586667E1	4.902965E1	2.240697E-1
3.590000E1	4.901282E1	2.056919E-1
3.593333E1	4.901746E1	1.602614E-1
3.596667E1	4.900489E1	1.359298E-1
3.600000E1	4.896454E1	1.231319E-1
3.603333E1	4.896396E1	1.434693E-1
3.606667E1	4.890818E1	1.806293E-1
3.610000E1	4.885935E1	2.139924E-1
3.613333E1	4.884499E1	2.164882E-1
3.616667E1	4.885089E1	2.283599E-1
3.620000E1	4.886543E1	2.456071E-1
3.623333E1	4.885862E1	2.765252E-1
3.626667E1	4.886780E1	3.162212E-1
3.630000E1	4.884713E1	3.274419E-1
3.633333E1	4.884839E1	3.630082E-1
3.636667E1	4.884391E1	3.558304E-1
3.640000E1	4.882706E1	3.457468E-1
3.643333E1	4.879468E1	3.210218E-1
3.646667E1	4.879371E1	2.962811E-1
3.650000E1	4.872392E1	3.029824E-1
3.653333E1	4.869652E1	3.005828E-1
3.656667E1	4.862404E1	3.287917E-1
3.660000E1	4.856741E1	3.587739E-1
3.663333E1	4.854513E1	3.624162E-1
3.666667E1	4.851920E1	4.046421E-1
3.670000E1	4.851798E1	4.309612E-1
3.673333E1	4.851469E1	4.476284E-1
3.676667E1	4.849603E1	4.771168E-1
3.680000E1	4.849854E1	5.017131E-1
3.683333E1	4.845428E1	5.502609E-1
3.686667E1	4.843649E1	5.419285E-1
3.690000E1	4.842919E1	5.237580E-1
3.693333E1	4.838150E1	4.867547E-1
3.696667E1	4.838047E1	4.595430E-1
3.700000E1	4.829852E1	4.637760E-1
3.703333E1	4.827599E1	4.911347E-1
3.706667E1	4.823035E1	5.135721E-1
3.710000E1	4.816087E1	5.132589E-1
3.713333E1	4.814289E1	5.051714E-1
3.716667E1	4.814342E1	5.113120E-1
3.720000E1	4.814301E1	5.399141E-1
3.723333E1	4.815399E1	5.777086E-1
3.726667E1	4.815232E1	6.117028E-1
3.730000E1	4.815540E1	6.414586E-1
3.733333E1	4.815203E1	6.526969E-1
3.736667E1	4.814548E1	6.283187E-1
3.740000E1	4.813906E1	6.018136E-1
3.743333E1	4.812840E1	5.385881E-1
3.746667E1	4.814630E1	5.271138E-1
3.750000E1	4.809529E1	5.413996E-1
3.753333E1	4.808455E1	5.733889E-1
3.756667E1	4.805334E1	5.697235E-1
3.760000E1	4.800911E1	5.721073E-1
3.763333E1	4.799270E1	5.638799E-1
3.766667E1	4.801444E1	5.728706E-1
3.770000E1	4.803997E1	5.893600E-1
3.773333E1	4.805281E1	5.934918E-1
3.776667E1	4.808688E1	6.221160E-1
3.780000E1	4.809218E1	6.538830E-1
3.783333E1	4.810457E1	6.613139E-1
3.786667E1	4.810338E1	6.358957E-1
3.790000E1	4.810786E1	6.000541E-1
3.793333E1	4.809123E1	5.397286E-1
3.796667E1	4.810216E1	5.228195E-1
3.800000E1	4.808371E1	5.051982E-1
3.803333E1	4.808355E1	5.152132E-1
3.806667E1	4.806383E1	4.990448E-1
3.810000E1	4.802964E1	5.011506E-1
3.813333E1	4.800963E1	4.917686E-1
3.816667E1	4.804877E1	4.809476E-1
3.820000E1	4.810113E1	5.113449E-1
3.823333E1	4.812065E1	5.262669E-1
3.826667E1	4.817371E1	5.791024E-1
3.830000E1	4.818133E1	5.891507E-1
3.833333E1	4.820945E1	5.655609E-1
3.836667E1	4.822816E1	5.541978E-1
3.840000E1	4.822415E1	5.317663E-1
3.843333E1	4.825538E1	4.437932E-1
3.846667E1	4.823875E1	4.279783E-1
3.850000E1	4.822305E1	4.140431E-1
3.853333E1	4.822126E1	4.351876E-1
3.856667E1	4.821222E1	4.239753E-1
3.860000E1	4.818395E1	4.209816E-1
3.863333E1	4.815314E1	4.114423E-1
3.866667E1	4.816464E1	4.180300E-1
3.870000E1	4.820818E1	4.187265E-1
3.873333E1	4.823085E1	4.355738E-1
3.876667E1	4.827462E1	4.589668E-1
3.880000E1	4.831296E1	4.935577E-1
3.883333E1	4.835154E1	4.989480E-1
3.886667E1	4.838152E1	5.190445E-1
3.890000E1	4.837725E1	4.945243E-1
3.893333E1	4.839136E1	4.560522E-1
