	masse A		
t	x	y	
0.000000E0	3.827451E1	7.737570E-1
1.683965E-2	3.827593E1	7.722457E-1
3.367930E-2	3.827466E1	7.843270E-1
5.051895E-2	3.827405E1	7.841441E-1
6.735860E-2	3.827586E1	7.938497E-1
8.419825E-2	3.827343E1	8.035872E-1
1.010379E-1	3.827380E1	7.295373E-1
1.178775E-1	3.827167E1	5.809966E-1
1.347172E-1	3.826826E1	3.313875E-1
1.515568E-1	3.826588E1	2.903557E-2
1.683965E-1	3.822448E1	-2.718384E-1
1.852361E-1	3.816454E1	-5.968519E-1
2.020758E-1	3.808189E1	-9.191629E-1
2.189154E-1	3.798636E1	-1.222326E0
2.357551E-1	3.789391E1	-1.521188E0
2.525947E-1	3.777737E1	-1.772806E0
2.694344E-1	3.766425E1	-1.971456E0
2.862740E-1	3.755242E1	-2.122662E0
3.031137E-1	3.744518E1	-2.233409E0
3.199533E-1	3.734261E1	-2.344856E0
3.367930E-1	3.723509E1	-2.428077E0
3.536326E-1	3.713818E1	-2.489135E0
3.704723E-1	3.705868E1	-2.523609E0
3.873119E-1	3.698825E1	-2.539349E0
4.041516E-1	3.691572E1	-2.544795E0
4.209912E-1	3.684535E1	-2.520046E0
4.378309E-1	3.673992E1	-2.422889E0
4.546705E-1	3.671461E1	-2.325951E0
4.715102E-1	3.669903E1	-2.215013E0
4.883498E-1	3.669492E1	-2.088597E0
5.051895E-1	3.668960E1	-1.970425E0
5.220291E-1	3.669168E1	-1.846604E0
5.388688E-1	3.669831E1	-1.711655E0
5.557084E-1	3.670006E1	-1.587898E0
5.725481E-1	3.670725E1	-1.466972E0
5.893877E-1	3.674833E1	-1.315249E0
6.062274E-1	3.681227E1	-1.161360E0
6.230670E-1	3.688395E1	-9.992295E-1
6.399067E-1	3.695754E1	-8.193498E-1
6.567463E-1	3.704191E1	-6.247744E-1
6.735860E-1	3.713216E1	-4.398314E-1
6.904256E-1	3.721848E1	-2.405276E-1
7.072653E-1	3.730659E1	-2.398438E-2
7.241049E-1	3.748815E1	4.138306E-1
7.409446E-1	3.757430E1	6.658147E-1
7.577842E-1	3.765570E1	9.213005E-1
7.746239E-1	3.773401E1	1.185885E0
7.914635E-1	3.780172E1	1.468961E0
8.083032E-1	3.784542E1	1.746619E0
8.251428E-1	3.788354E1	2.021915E0
8.419825E-1	3.788473E1	2.310545E0
8.588221E-1	3.788131E1	2.614550E0
8.756618E-1	3.787742E1	2.870372E0
8.925014E-1	3.784712E1	3.121422E0
9.093411E-1	3.780854E1	3.333963E0
9.261807E-1	3.775346E1	3.530621E0
9.430204E-1	3.769892E1	3.710140E0
9.598600E-1	3.763662E1	3.946414E0
9.766996E-1	3.753570E1	4.219931E0
9.935393E-1	3.739380E1	4.607449E0
1.010379E0	3.719592E1	5.024099E0
1.027219E0	3.694189E1	5.458278E0
1.044058E0	3.664350E1	5.874051E0
1.060898E0	3.635890E1	6.146040E0
1.077738E0	3.618201E1	6.275236E0
1.094577E0	3.600951E1	6.366919E0
1.111417E0	3.583952E1	6.403168E0
1.128256E0	3.566076E1	6.425304E0
1.145096E0	3.549035E1	6.418854E0
1.161936E0	3.532850E1	6.383216E0
1.178775E0	3.516611E1	6.336140E0
1.195615E0	3.500644E1	6.264759E0
1.212455E0	3.488766E1	6.159356E0
1.229294E0	3.478569E1	6.037313E0
1.246134E0	3.470530E1	5.880509E0
1.262974E0	3.468820E1	5.703249E0
1.279813E0	3.470511E1	5.493446E0
1.296653E0	3.473828E1	5.294553E0
1.313493E0	3.476963E1	5.072003E0
1.330332E0	3.479941E1	4.859916E0
1.347172E0	3.484263E1	4.657978E0
1.364012E0	3.490273E1	4.437568E0
1.380851E0	3.496611E1	4.238682E0
1.397691E0	3.508454E1	3.781151E0
1.414531E0	3.521274E1	3.542969E0
1.431370E0	3.535635E1	3.291764E0
1.448210E0	3.550966E1	3.027413E0
1.465049E0	3.566676E1	2.775312E0
1.481889E0	3.584900E1	2.496556E0
1.498729E0	3.601464E1	2.224750E0
1.515568E0	3.618558E1	1.942402E0
1.532408E0	3.635500E1	1.630336E0
1.549248E0	3.652918E1	1.320604E0
1.566087E0	3.670406E1	9.972662E-1
1.582927E0	3.686223E1	6.597631E-1
1.599767E0	3.700749E1	2.964547E-1
1.616606E0	3.713996E1	-6.954344E-2
1.633446E0	3.724982E1	-4.341309E-1
1.650286E0	3.733787E1	-8.170859E-1
1.667125E0	3.740221E1	-1.176978E0
1.683965E0	3.744120E1	-1.560632E0
1.700805E0	3.745218E1	-1.913430E0
1.717644E0	3.743529E1	-2.263996E0
1.734484E0	3.740372E1	-2.613997E0
1.751324E0	3.734024E1	-2.986628E0
1.768163E0	3.727262E1	-3.371989E0
1.785003E0	3.716330E1	-3.749712E0
1.801842E0	3.703813E1	-4.117786E0
1.818682E0	3.689467E1	-4.455432E0
1.835522E0	3.673830E1	-4.720035E0
1.852361E0	3.659258E1	-4.907300E0
1.869201E0	3.644059E1	-5.054128E0
1.886041E0	3.628858E1	-5.162039E0
1.902880E0	3.613180E1	-5.250374E0
1.919720E0	3.598664E1	-5.301672E0
1.936560E0	3.585367E1	-5.320499E0
1.953399E0	3.571207E1	-5.322008E0
1.970239E0	3.554956E1	-5.333844E0
1.987079E0	3.538981E1	-5.342389E0
2.003918E0	3.521122E1	-5.338105E0
2.020758E0	3.505897E1	-5.317447E0
2.037598E0	3.494726E1	-5.259063E0
2.054437E0	3.484387E1	-5.146157E0
2.071277E0	3.478264E1	-4.987820E0
2.088116E0	3.473825E1	-4.809342E0
2.104956E0	3.471969E1	-4.613603E0
2.121796E0	3.471487E1	-4.411859E0
2.138635E0	3.470927E1	-4.201563E0
2.155475E0	3.470858E1	-4.016731E0
2.172315E0	3.470682E1	-3.834487E0
2.189154E0	3.470919E1	-3.654739E0
2.205994E0	3.470544E1	-3.466099E0
2.222834E0	3.470875E1	-3.278194E0
2.239673E0	3.474831E1	-3.074883E0
2.256513E0	3.481266E1	-2.837748E0
2.273353E0	3.489413E1	-2.607040E0
2.290192E0	3.495927E1	-2.349811E0
2.307032E0	3.504563E1	-2.103695E0
2.323872E0	3.513745E1	-1.836913E0
2.340711E0	3.523313E1	-1.549502E0
2.357551E0	3.533295E1	-1.247722E0
2.374391E0	3.543185E1	-9.817215E-1
2.391230E0	3.552443E1	-6.951237E-1
2.408070E0	3.560545E1	-3.938854E-1
2.424909E0	3.567806E1	-8.966867E-2
2.441749E0	3.573686E1	2.168080E-1
2.458589E0	3.578781E1	5.252931E-1
2.475428E0	3.582490E1	8.262623E-1
2.492268E0	3.586210E1	1.165701E0
2.509108E0	3.587790E1	1.482598E0
2.525947E0	3.586377E1	1.789643E0
2.542787E0	3.582855E1	2.082083E0
2.559627E0	3.579311E1	2.382171E0
2.576466E0	3.574157E1	2.635613E0
2.593306E0	3.567567E1	2.847181E0
2.610146E0	3.561507E1	3.044542E0
2.626985E0	3.552039E1	3.293631E0
2.643825E0	3.540395E1	3.588220E0
2.660665E0	3.525975E1	3.959745E0
2.677504E0	3.505931E1	4.396881E0
2.694344E0	3.474811E1	4.893285E0
2.711184E0	3.444703E1	5.276666E0
2.728023E0	3.415468E1	5.576575E0
2.744863E0	3.394841E1	5.733532E0
2.761702E0	3.375976E1	5.831701E0
2.778542E0	3.357973E1	5.883888E0
2.795382E0	3.338747E1	5.911236E0
2.812221E0	3.324252E1	5.878763E0
2.829061E0	3.309112E1	5.824802E0
2.845901E0	3.291615E1	5.776825E0
2.862740E0	3.275067E1	5.717345E0
2.879580E0	3.262885E1	5.627970E0
2.896420E0	3.253167E1	5.514199E0
2.913259E0	3.246821E1	5.368721E0
2.930099E0	3.246685E1	5.183119E0
2.946939E0	3.250418E1	4.975102E0
2.963778E0	3.255342E1	4.779085E0
2.980618E0	3.258610E1	4.574970E0
2.997458E0	3.262693E1	4.388943E0
3.014297E0	3.267756E1	4.201603E0
3.031137E0	3.271969E1	4.011562E0
3.047976E0	3.277730E1	3.833991E0
3.064816E0	3.283067E1	3.648851E0
3.081656E0	3.290949E1	3.435556E0
3.098495E0	3.304788E1	3.211268E0
3.115335E0	3.319169E1	2.971310E0
3.132175E0	3.334302E1	2.742689E0
3.149014E0	3.349523E1	2.519857E0
3.165854E0	3.365612E1	2.283270E0
3.182694E0	3.382783E1	2.041076E0
3.199533E0	3.399429E1	1.780352E0
3.216373E0	3.417025E1	1.516633E0
3.233213E0	3.434521E1	1.255729E0
3.250052E0	3.454196E1	9.391150E-1
3.266892E0	3.471125E1	6.476335E-1
3.283732E0	3.485474E1	3.411634E-1
3.300571E0	3.499937E1	4.110044E-2
3.317411E0	3.511476E1	-2.595852E-1
3.334251E0	3.521421E1	-5.922713E-1
3.351090E0	3.529497E1	-9.413801E-1
3.367930E0	3.535166E1	-1.291273E0
3.384769E0	3.536907E1	-1.621406E0
3.401609E0	3.539813E1	-1.912879E0
3.418449E0	3.539849E1	-2.221336E0
3.435288E0	3.536973E1	-2.566799E0
3.452128E0	3.532603E1	-2.939699E0
3.468968E0	3.527066E1	-3.313376E0
3.485807E0	3.518404E1	-3.685030E0
3.502647E0	3.509358E1	-3.983101E0
3.519487E0	3.498976E1	-4.230986E0
3.536326E0	3.488696E1	-4.399231E0
3.553166E0	3.477593E1	-4.527300E0
3.570006E0	3.467559E1	-4.625337E0
3.586845E0	3.456950E1	-4.690165E0
3.603685E0	3.446900E1	-4.730169E0
3.620525E0	3.436686E1	-4.755653E0
3.637364E0	3.425269E1	-4.785462E0
3.654204E0	3.412320E1	-4.800039E0
3.671044E0	3.399586E1	-4.802576E0
3.687883E0	3.386958E1	-4.793233E0
3.704723E0	3.376245E1	-4.750701E0
3.721562E0	3.366668E1	-4.677030E0
3.738402E0	3.359958E1	-4.579078E0
3.755242E0	3.354246E1	-4.457242E0
3.772081E0	3.350160E1	-4.301660E0
3.788921E0	3.347794E1	-4.143491E0
3.805761E0	3.345734E1	-3.963684E0
3.822600E0	3.344346E1	-3.793693E0
3.839440E0	3.344086E1	-3.643064E0
3.856280E0	3.344491E1	-3.483965E0
3.873119E0	3.345250E1	-3.316987E0
3.889959E0	3.345013E1	-3.163280E0
3.906799E0	3.345760E1	-3.014196E0
3.923638E0	3.348823E1	-2.832557E0
3.940478E0	3.354979E1	-2.654442E0
3.957318E0	3.360892E1	-2.463022E0
3.974157E0	3.366042E1	-2.276721E0
3.990997E0	3.370844E1	-2.073325E0
4.007836E0	3.377953E1	-1.864385E0
4.024676E0	3.384992E1	-1.651178E0
4.041516E0	3.392077E1	-1.406006E0
4.058355E0	3.400235E1	-1.160613E0
4.075195E0	3.407728E1	-9.134846E-1
4.092035E0	3.414195E1	-6.603221E-1
4.108874E0	3.420827E1	-3.956810E-1
4.125714E0	3.425748E1	-1.162045E-1
4.142554E0	3.430016E1	1.639251E-1
4.159393E0	3.434625E1	4.350433E-1
4.176233E0	3.437642E1	7.330192E-1
4.193073E0	3.440616E1	1.007621E0
4.209912E0	3.441033E1	1.295698E0
4.226752E0	3.440780E1	1.561144E0
4.243592E0	3.439106E1	1.795754E0
4.260431E0	3.437028E1	2.042602E0
4.277271E0	3.433804E1	2.241682E0
4.294111E0	3.428304E1	2.437495E0
4.310950E0	3.421765E1	2.656919E0
4.327790E0	3.412583E1	2.921631E0
4.344629E0	3.397264E1	3.262744E0
4.361469E0	3.377260E1	3.635066E0
4.378309E0	3.346954E1	4.106013E0
4.395148E0	3.317478E1	4.514088E0
4.411988E0	3.296199E1	4.728442E0
4.428828E0	3.281325E1	4.836538E0
4.445667E0	3.268012E1	4.929201E0
4.462507E0	3.255562E1	4.962804E0
4.479347E0	3.244510E1	4.982654E0
4.496186E0	3.234286E1	4.972926E0
4.513026E0	3.224900E1	4.945323E0
4.529866E0	3.215646E1	4.931304E0
4.546705E0	3.206488E1	4.873883E0
4.563545E0	3.201292E1	4.791143E0
4.580385E0	3.199185E1	4.666249E0
4.597224E0	3.199564E1	4.517064E0
4.614064E0	3.203912E1	4.339465E0
4.630904E0	3.211748E1	4.165655E0
4.647743E0	3.221229E1	3.984792E0
4.664583E0	3.229952E1	3.798915E0
4.681422E0	3.236952E1	3.606707E0
4.698262E0	3.246304E1	3.419176E0
4.715102E0	3.256981E1	3.244958E0
4.731941E0	3.267175E1	3.060558E0
4.748781E0	3.276466E1	2.891930E0
4.765621E0	3.286833E1	2.723581E0
4.782460E0	3.301817E1	2.538854E0
4.799300E0	3.317330E1	2.362333E0
4.816140E0	3.332320E1	2.193306E0
4.832979E0	3.348969E1	2.015141E0
4.849819E0	3.366700E1	1.839594E0
4.866659E0	3.384139E1	1.653018E0
4.883498E0	3.401086E1	1.476854E0
4.900338E0	3.418555E1	1.285254E0
4.917178E0	3.436433E1	1.072845E0
4.934017E0	3.454500E1	8.297306E-1
4.950857E0	3.471215E1	5.999435E-1
4.967696E0	3.488714E1	3.438716E-1
4.984536E0	3.502358E1	6.453007E-2
5.001376E0	3.517541E1	-2.208381E-1
5.018215E0	3.530501E1	-5.102982E-1
5.035055E0	3.541351E1	-8.142095E-1
5.051895E0	3.550094E1	-1.101118E0
5.068734E0	3.557016E1	-1.403988E0
5.085574E0	3.563675E1	-1.679105E0
5.102414E0	3.568591E1	-1.959641E0
5.119253E0	3.571143E1	-2.261650E0
5.136093E0	3.573909E1	-2.583507E0
5.152933E0	3.573242E1	-2.937485E0
5.169772E0	3.570700E1	-3.277210E0
5.186612E0	3.567791E1	-3.591814E0
5.203452E0	3.564280E1	-3.836152E0
5.220291E0	3.559609E1	-3.980502E0
5.237131E0	3.554453E1	-4.102767E0
5.253971E0	3.548879E1	-4.203863E0
5.270810E0	3.543377E1	-4.282192E0
5.287650E0	3.537697E1	-4.333297E0
5.304489E0	3.533838E1	-4.351304E0
5.321329E0	3.528291E1	-4.364428E0
5.338169E0	3.522823E1	-4.353942E0
5.355008E0	3.515186E1	-4.338796E0
5.371848E0	3.502040E1	-4.288627E0
5.388688E0	3.497660E1	-4.231200E0
5.405527E0	3.494571E1	-4.145416E0
5.422367E0	3.493477E1	-4.032791E0
5.439207E0	3.493542E1	-3.891462E0
5.456046E0	3.493555E1	-3.741392E0
5.472886E0	3.494946E1	-3.573671E0
5.489726E0	3.498617E1	-3.391625E0
5.506565E0	3.502114E1	-3.222261E0
5.523405E0	3.506981E1	-3.056473E0
5.540245E0	3.510897E1	-2.878972E0
5.557084E0	3.514069E1	-2.714366E0
5.573924E0	3.516537E1	-2.571126E0
5.590764E0	3.520893E1	-2.413849E0
5.607603E0	3.528719E1	-2.241212E0
5.624443E0	3.537425E1	-2.054546E0
5.641282E0	3.547370E1	-1.857966E0
5.658122E0	3.555628E1	-1.669437E0
5.674962E0	3.564190E1	-1.464730E0
5.691801E0	3.573098E1	-1.254805E0
5.708641E0	3.583847E1	-1.050024E0
5.725481E0	3.593094E1	-8.352323E-1
5.742320E0	3.602112E1	-6.005607E-1
5.759160E0	3.609169E1	-3.685958E-1
5.776000E0	3.616631E1	-1.209458E-1
5.792839E0	3.623371E1	1.279371E-1
5.809679E0	3.630718E1	3.920942E-1
5.826519E0	3.635902E1	6.579437E-1
5.843358E0	3.640175E1	9.454039E-1
5.860198E0	3.645090E1	1.211230E0
5.877038E0	3.645890E1	1.493128E0
5.893877E0	3.646816E1	1.745507E0
5.910717E0	3.646586E1	2.001516E0
5.927556E0	3.645964E1	2.214236E0
5.944396E0	3.645527E1	2.395238E0
5.961236E0	3.643986E1	2.560008E0
5.978075E0	3.640984E1	2.748743E0
5.994915E0	3.635855E1	2.996071E0
6.011755E0	3.626510E1	3.312329E0
6.028594E0	3.611727E1	3.687699E0
6.045434E0	3.591308E1	4.100194E0
6.062274E0	3.566322E1	4.491313E0
6.079113E0	3.546377E1	4.768124E0
6.095953E0	3.535419E1	4.912335E0
6.112793E0	3.525972E1	5.020803E0
6.129632E0	3.515510E1	5.090733E0
6.146472E0	3.506089E1	5.143469E0
6.163312E0	3.497564E1	5.147373E0
6.180151E0	3.491538E1	5.143404E0
6.196991E0	3.481523E1	5.133556E0
6.213831E0	3.471094E1	5.081399E0
6.230670E0	3.464298E1	5.008829E0
6.247510E0	3.460075E1	4.899603E0
6.264349E0	3.456697E1	4.771648E0
6.281189E0	3.458806E1	4.605205E0
6.298029E0	3.464614E1	4.407567E0
6.314868E0	3.472462E1	4.227016E0
6.331708E0	3.480026E1	4.029095E0
6.348548E0	3.488743E1	3.844584E0
6.365387E0	3.497715E1	3.651385E0
6.382227E0	3.508832E1	3.465768E0
6.399067E0	3.520060E1	3.276671E0
6.415906E0	3.531381E1	3.106825E0
6.432746E0	3.543609E1	2.926151E0
6.449586E0	3.560798E1	2.734869E0
6.466425E0	3.579122E1	2.530905E0
6.483265E0	3.597199E1	2.328692E0
6.500105E0	3.616649E1	2.091440E0
6.516944E0	3.636387E1	1.837248E0
6.533784E0	3.657071E1	1.582828E0
6.550624E0	3.677096E1	1.334561E0
6.567463E0	3.697245E1	1.075898E0
6.584303E0	3.717694E1	7.817035E-1
6.601142E0	3.737397E1	4.741731E-1
6.617982E0	3.756392E1	1.477631E-1
6.634822E0	3.776060E1	-1.914230E-1
6.651661E0	3.792635E1	-5.342747E-1
6.668501E0	3.806852E1	-8.979551E-1
6.685341E0	3.819245E1	-1.256042E0
6.702180E0	3.830076E1	-1.635919E0
6.719020E0	3.838512E1	-2.013788E0
6.735860E0	3.843257E1	-2.363644E0
6.752699E0	3.845902E1	-2.695047E0
6.769539E0	3.847373E1	-3.043644E0
6.786379E0	3.847479E1	-3.399897E0
6.803218E0	3.846014E1	-3.790695E0
6.820058E0	3.840187E1	-4.204565E0
6.836898E0	3.833210E1	-4.611247E0
6.853737E0	3.822729E1	-4.990996E0
6.870577E0	3.810962E1	-5.271181E0
6.887416E0	3.800404E1	-5.505035E0
6.904256E0	3.788744E1	-5.674229E0
6.921096E0	3.775219E1	-5.821303E0
6.937935E0	3.762775E1	-5.921992E0
6.954775E0	3.750060E1	-5.984298E0
6.971615E0	3.739206E1	-6.022846E0
6.988454E0	3.728949E1	-6.042292E0
7.005294E0	3.716398E1	-6.056562E0
7.022134E0	3.703375E1	-6.074670E0
7.038973E0	3.689817E1	-6.065574E0
7.055813E0	3.677058E1	-6.048378E0
7.072653E0	3.666373E1	-5.987663E0
7.089492E0	3.659062E1	-5.891378E0
7.106332E0	3.654362E1	-5.764607E0
7.123172E0	3.651672E1	-5.610473E0
7.140011E0	3.651484E1	-5.433675E0
7.156851E0	3.653346E1	-5.237710E0
7.173691E0	3.655809E1	-5.046614E0
7.190530E0	3.659494E1	-4.867046E0
7.207370E0	3.662928E1	-4.684218E0
7.224209E0	3.667951E1	-4.509020E0
7.241049E0	3.671846E1	-4.316068E0
7.257889E0	3.675634E1	-4.155931E0
7.274728E0	3.682389E1	-3.970754E0
7.291568E0	3.691304E1	-3.789429E0
7.308408E0	3.712616E1	-3.339667E0
7.325247E0	3.724311E1	-3.097081E0
7.342087E0	3.736996E1	-2.842863E0
7.358927E0	3.750721E1	-2.579966E0
7.375766E0	3.764204E1	-2.284731E0
7.392606E0	3.778229E1	-1.996460E0
7.409446E0	3.791374E1	-1.692943E0
7.426285E0	3.803572E1	-1.392511E0
7.443125E0	3.816455E1	-1.082281E0
7.459965E0	3.828769E1	-7.753965E-1
7.476804E0	3.840332E1	-4.385793E-1
7.493644E0	3.848123E1	-1.282461E-1
7.510484E0	3.853340E1	1.712883E-1
7.527323E0	3.858305E1	5.092559E-1
7.544163E0	3.862677E1	8.215503E-1
7.561002E0	3.864649E1	1.137496E0
7.577842E0	3.865144E1	1.421455E0
7.594682E0	3.864451E1	1.675108E0
7.611521E0	3.863189E1	1.891567E0
7.628361E0	3.859886E1	2.090151E0
7.645201E0	3.856349E1	2.329464E0
7.662040E0	3.850428E1	2.637020E0
7.678880E0	3.839907E1	3.032026E0
7.695720E0	3.825542E1	3.484422E0
7.712559E0	3.800667E1	3.995606E0
7.729399E0	3.773515E1	4.486247E0
7.746239E0	3.749872E1	4.845101E0
7.763078E0	3.735319E1	5.032289E0
7.779918E0	3.718861E1	5.162461E0
7.796758E0	3.703849E1	5.266512E0
7.813597E0	3.688771E1	5.343123E0
7.830437E0	3.673994E1	5.363967E0
7.847276E0	3.661718E1	5.357512E0
7.864116E0	3.647077E1	5.349179E0
7.880956E0	3.633188E1	5.311615E0
7.897795E0	3.623786E1	5.247797E0
7.914635E0	3.615669E1	5.145167E0
7.931475E0	3.611043E1	5.042662E0
7.948314E0	3.609269E1	4.903673E0
7.965154E0	3.611653E1	4.742135E0
7.981994E0	3.615980E1	4.578547E0
7.998833E0	3.621261E1	4.403046E0
8.015673E0	3.626305E1	4.235699E0
8.032513E0	3.632495E1	4.101428E0
8.049352E0	3.641501E1	3.946313E0
8.066192E0	3.650218E1	3.802453E0
8.083032E0	3.656929E1	3.672802E0
8.099871E0	3.666116E1	3.546778E0
8.116711E0	3.681363E1	3.393617E0
8.133551E0	3.697197E1	3.249617E0
8.150390E0	3.712902E1	3.096316E0
8.167230E0	3.730396E1	2.940684E0
8.184069E0	3.747427E1	2.789253E0
8.200909E0	3.765867E1	2.630951E0
8.217749E0	3.784179E1	2.474777E0
8.234588E0	3.804722E1	2.285492E0
8.251428E0	3.825458E1	2.086432E0
8.268268E0	3.844905E1	1.857372E0
8.285107E0	3.864561E1	1.615021E0
8.301947E0	3.881262E1	1.354531E0
8.318787E0	3.898903E1	1.062251E0
8.335626E0	3.911321E1	7.802007E-1
8.352466E0	3.923984E1	4.722488E-1
8.369306E0	3.937362E1	1.680481E-1
8.386145E0	3.948725E1	-1.503429E-1
8.402985E0	3.957985E1	-4.531474E-1
8.419825E0	3.965965E1	-7.394324E-1
8.436664E0	3.972990E1	-1.030322E0
8.453504E0	3.979395E1	-1.344543E0
8.470344E0	3.985507E1	-1.685988E0
8.487183E0	3.988376E1	-2.055593E0
8.504023E0	3.989066E1	-2.460935E0
8.520862E0	3.985697E1	-2.832364E0
8.537702E0	3.978812E1	-3.123529E0
8.554542E0	3.970910E1	-3.337714E0
8.571381E0	3.962380E1	-3.475329E0
8.588221E0	3.953264E1	-3.571468E0
8.605061E0	3.942019E1	-3.648140E0
8.621900E0	3.931539E1	-3.698465E0
8.638740E0	3.920330E1	-3.721152E0
8.655580E0	3.909594E1	-3.735564E0
8.672419E0	3.898334E1	-3.735173E0
8.689259E0	3.885426E1	-3.721070E0
8.706099E0	3.871957E1	-3.693615E0
8.722938E0	3.861788E1	-3.653159E0
8.739778E0	3.851559E1	-3.587182E0
8.756618E0	3.842389E1	-3.505920E0
8.773457E0	3.834168E1	-3.402601E0
8.790297E0	3.828844E1	-3.288996E0
8.807136E0	3.824847E1	-3.153762E0
8.823976E0	3.821174E1	-3.020739E0
8.840816E0	3.818979E1	-2.906632E0
8.857655E0	3.816521E1	-2.789626E0
8.874495E0	3.813736E1	-2.686513E0
8.891335E0	3.811620E1	-2.592598E0
8.908174E0	3.808031E1	-2.495671E0
8.925014E0	3.803839E1	-2.404847E0
8.941854E0	3.803720E1	-2.295040E0
8.958693E0	3.805626E1	-2.169152E0
8.975533E0	3.808789E1	-2.014366E0
8.992373E0	3.812777E1	-1.862946E0
9.009212E0	3.816872E1	-1.690785E0
9.026052E0	3.821821E1	-1.509309E0
9.042892E0	3.827056E1	-1.314576E0
9.059731E0	3.832421E1	-1.110279E0
9.076571E0	3.837808E1	-9.009442E-1
9.093411E0	3.843402E1	-6.609580E-1
9.110250E0	3.849081E1	-4.091639E-1
9.127090E0	3.856799E1	-1.521737E-1
9.143929E0	3.862917E1	9.623609E-2
9.160769E0	3.866048E1	4.058163E-1
9.177609E0	3.869685E1	6.993013E-1
9.194448E0	3.871040E1	9.959694E-1
9.211288E0	3.870238E1	1.295991E0
9.228128E0	3.868553E1	1.605926E0
9.244967E0	3.863020E1	1.890257E0
9.261807E0	3.857894E1	2.149374E0
9.278647E0	3.851848E1	2.374465E0
9.295486E0	3.846493E1	2.572663E0
9.312326E0	3.838153E1	2.740105E0
9.329166E0	3.829711E1	2.936152E0
9.346005E0	3.817103E1	3.144328E0
9.362845E0	3.801137E1	3.446120E0
9.379685E0	3.780191E1	3.824326E0
9.396524E0	3.753845E1	4.191473E0
9.413364E0	3.721523E1	4.620171E0
9.430204E0	3.692361E1	4.908818E0
9.447043E0	3.668698E1	5.052324E0
9.463883E0	3.652223E1	5.121399E0
9.480722E0	3.632133E1	5.174652E0
9.497562E0	3.614277E1	5.176657E0
9.514402E0	3.599476E1	5.140596E0
9.531241E0	3.585065E1	5.081438E0
9.548081E0	3.570123E1	5.000869E0
9.564921E0	3.554149E1	4.900403E0
9.581760E0	3.543007E1	4.786592E0
9.598600E0	3.534240E1	4.641373E0
9.615440E0	3.528384E1	4.490837E0
9.632279E0	3.524967E1	4.291826E0
9.649119E0	3.528664E1	4.084369E0
9.665959E0	3.531174E1	3.855328E0
9.682798E0	3.534514E1	3.648738E0
9.699638E0	3.537690E1	3.431191E0
9.716478E0	3.540892E1	3.235591E0
9.733317E0	3.546919E1	3.030955E0
9.750157E0	3.554709E1	2.830758E0
9.766996E0	3.560018E1	2.622886E0
9.783836E0	3.566945E1	2.392184E0
9.800676E0	3.578618E1	2.179096E0
9.817515E0	3.591448E1	1.936317E0
9.834355E0	3.603131E1	1.697111E0
9.851195E0	3.618887E1	1.462093E0
9.868034E0	3.634235E1	1.212221E0
9.884874E0	3.650839E1	9.428475E-1
9.901714E0	3.667742E1	6.959946E-1
9.918553E0	3.685547E1	4.035579E-1
9.935393E0	3.705863E1	1.012168E-1
9.952233E0	3.723367E1	-2.085366E-1
9.969072E0	3.743055E1	-5.123653E-1
9.985912E0	3.761539E1	-8.613665E-1
1.000275E1	3.780991E1	-1.211842E0
1.001959E1	3.796756E1	-1.568291E0
1.003643E1	3.807205E1	-1.923928E0
1.005327E1	3.817849E1	-2.321806E0
1.007011E1	3.827094E1	-2.709935E0
1.008695E1	3.832818E1	-3.078225E0
1.010379E1	3.837143E1	-3.424913E0
1.012063E1	3.837180E1	-3.785893E0
1.013747E1	3.832567E1	-4.140240E0
1.015431E1	3.828325E1	-4.530845E0
1.017115E1	3.828471E1	-4.965365E0
1.018799E1	3.825521E1	-5.415247E0
1.020483E1	3.817679E1	-5.810564E0
1.022167E1	3.808144E1	-6.149827E0
1.023851E1	3.798107E1	-6.362212E0
1.025535E1	3.792380E1	-6.545636E0
1.027219E1	3.787711E1	-6.702267E0
1.028903E1	3.777596E1	-6.845290E0
1.030587E1	3.757149E1	-6.944622E0
1.032270E1	3.736822E1	-6.991676E0
1.033954E1	3.718413E1	-7.037692E0
1.035638E1	3.708660E1	-7.078283E0
1.037322E1	3.703466E1	-7.094679E0
1.039006E1	3.694668E1	-7.143544E0
1.040690E1	3.683257E1	-7.150193E0
1.042374E1	3.669574E1	-7.114923E0
1.044058E1	3.655301E1	-7.067246E0
1.045742E1	3.649805E1	-6.990497E0
1.047426E1	3.646442E1	-6.893570E0
1.049110E1	3.645719E1	-6.783657E0
1.050794E1	3.645115E1	-6.647307E0
1.052478E1	3.643538E1	-6.539166E0
1.054162E1	3.643032E1	-6.437567E0
1.055846E1	3.644047E1	-6.333700E0
1.057530E1	3.646428E1	-6.235095E0
1.059214E1	3.649313E1	-6.142861E0
1.060898E1	3.652060E1	-6.050173E0
1.062582E1	3.657472E1	-5.940113E0
1.064266E1	3.665770E1	-5.829498E0
1.065950E1	3.674633E1	-5.706582E0
1.067634E1	3.683462E1	-5.580627E0
1.069318E1	3.692438E1	-5.443044E0
1.071002E1	3.700589E1	-5.298185E0
1.072686E1	3.710244E1	-5.145760E0
1.074370E1	3.718562E1	-4.991453E0
1.076054E1	3.727797E1	-4.835616E0
1.077738E1	3.737305E1	-4.673112E0
1.079422E1	3.747069E1	-4.524282E0
1.081105E1	3.757272E1	-4.340145E0
1.082789E1	3.775224E1	-3.923640E0
1.084473E1	3.781621E1	-3.720982E0
1.086157E1	3.786798E1	-3.509693E0
1.087841E1	3.790890E1	-3.280176E0
1.089525E1	3.792460E1	-3.061193E0
1.091209E1	3.793459E1	-2.859751E0
1.092893E1	3.792974E1	-2.673685E0
1.094577E1	3.792167E1	-2.499900E0
1.096261E1	3.790082E1	-2.355267E0
1.097945E1	3.787818E1	-2.228614E0
1.099629E1	3.784995E1	-2.061034E0
1.101313E1	3.782571E1	-1.840617E0
1.102997E1	3.777006E1	-1.523172E0
1.104681E1	3.767928E1	-1.121254E0
1.106365E1	3.752384E1	-6.614313E-1
1.108049E1	3.735875E1	-2.663345E-1
1.109733E1	3.721807E1	-5.878274E-3
1.111417E1	3.711249E1	1.140236E-1
1.113101E1	3.701584E1	1.910419E-1
1.114785E1	3.691088E1	2.261468E-1
1.116469E1	3.678527E1	2.501542E-1
1.118153E1	3.667559E1	2.267710E-1
1.119837E1	3.655670E1	1.799794E-1
