	masse A		
t	x	y	
0.000000E0	-5.352656E-3	7.105427E-15
3.333333E-2	-6.775810E-3	2.497963E-4
6.666667E-2	-1.043715E-2	-1.114696E-3
1.000000E-1	-2.489503E-2	-4.522646E-3
1.333333E-1	-3.078395E-2	-8.501631E-3
1.666667E-1	-7.738117E-2	-7.368534E-3
2.000000E-1	-1.553932E-1	-2.063086E-2
2.333333E-1	-1.840263E-1	-2.219665E-2
2.666667E-1	-2.579539E-1	-1.384113E-2
3.000000E-1	-3.074130E-1	-2.472221E-2
3.333333E-1	-3.524001E-1	-3.305378E-2
3.666667E-1	-4.108192E-1	-4.689429E-2
4.000000E-1	-4.367112E-1	-7.372235E-2
4.333333E-1	-4.712514E-1	-9.744601E-2
4.666667E-1	-4.812737E-1	-9.590097E-2
5.000000E-1	-5.076257E-1	-1.027352E-1
5.333333E-1	-5.072839E-1	-1.044249E-1
5.666667E-1	-5.020630E-1	-9.523892E-2
6.000000E-1	-4.866971E-1	-8.590739E-2
6.333333E-1	-4.859154E-1	-8.099452E-2
6.666667E-1	-4.571533E-1	-8.549552E-2
7.000000E-1	-3.789521E-1	-8.217645E-2
7.333333E-1	-3.433938E-1	-7.746642E-2
7.666667E-1	-2.695800E-1	-7.477884E-2
8.000000E-1	-2.265758E-1	-7.700442E-2
8.333333E-1	-1.471545E-1	-6.810433E-2
8.666667E-1	1.029751E-4	-6.239386E-2
9.000000E-1	3.137877E-2	-6.510134E-2
9.333333E-1	1.397972E-1	-6.783069E-2
9.666667E-1	1.681365E-1	-6.399439E-2
1.000000E0	3.727538E-1	-4.385185E-2
1.033333E0	4.859639E-1	-2.594693E-2
1.066667E0	5.256563E-1	1.662815E-3
1.100000E0	5.942442E-1	1.112812E-2
1.133333E0	6.498174E-1	1.945713E-2
1.166667E0	7.159670E-1	1.365121E-2
1.200000E0	7.963178E-1	7.203322E-3
1.233333E0	8.189248E-1	1.823283E-3
1.266667E0	8.594055E-1	2.292140E-3
1.300000E0	9.015435E-1	3.528654E-3
1.333333E0	9.537062E-1	1.823672E-3
1.366667E0	1.002417E0	-9.449931E-4
1.400000E0	1.018534E0	-5.681699E-3
1.433333E0	1.058900E0	-4.773033E-3
1.466667E0	1.091882E0	-7.210944E-3
1.500000E0	1.130768E0	-7.229787E-3
1.533333E0	1.187450E0	-7.584394E-3
1.566667E0	1.222017E0	-7.783842E-3
1.600000E0	1.278139E0	-9.808435E-3
1.633333E0	1.307953E0	-1.089611E-2
1.666667E0	1.342605E0	-1.509479E-2
1.700000E0	1.409551E0	-9.338752E-3
1.733333E0	1.432591E0	-6.588584E-3
1.766667E0	1.445539E0	-4.152949E-3
1.800000E0	1.445739E0	-2.254661E-3
1.833333E0	1.440531E0	-9.277424E-3
1.866667E0	1.427190E0	-2.560156E-2
1.900000E0	1.427481E0	-2.561129E-2
1.933333E0	1.420115E0	-2.778593E-2
1.966667E0	1.416375E0	-2.649920E-2
2.000000E0	1.420191E0	-2.628267E-2
2.033333E0	1.382565E0	-3.860530E-2
2.066667E0	1.361375E0	-7.021886E-2
2.100000E0	1.333040E0	-9.147692E-2
2.133333E0	1.319334E0	-1.136577E-1
2.166667E0	1.293219E0	-1.411486E-1
2.200000E0	1.290017E0	-1.507461E-1
2.233333E0	1.289994E0	-1.518033E-1
2.266667E0	1.288861E0	-1.525471E-1
2.300000E0	1.289031E0	-1.510642E-1
2.333333E0	1.299944E0	-1.427225E-1
2.366667E0	1.330426E0	-1.531477E-1
2.400000E0	1.365442E0	-1.494173E-1
2.433333E0	1.421782E0	-1.503235E-1
2.466667E0	1.446987E0	-1.450901E-1
2.500000E0	1.497501E0	-1.413703E-1
2.533333E0	1.601262E0	-1.308424E-1
2.566667E0	1.643638E0	-1.381850E-1
2.600000E0	1.743481E0	-1.366901E-1
2.633333E0	1.803875E0	-1.313703E-1
2.666667E0	1.868713E0	-1.228590E-1
2.700000E0	1.945159E0	-8.499014E-2
2.733333E0	1.965724E0	-5.947642E-2
2.766667E0	1.999976E0	-3.056581E-2
2.800000E0	2.024874E0	4.165075E-3
2.833333E0	2.050592E0	4.752004E-3
2.866667E0	2.089024E0	1.170892E-2
2.900000E0	2.091481E0	1.295169E-2
2.933333E0	2.097253E0	1.784096E-2
2.966667E0	2.098163E0	2.157581E-2
3.000000E0	2.091408E0	1.769483E-2
3.033333E0	2.084368E0	1.886368E-2
3.066667E0	2.082775E0	1.607198E-2
3.100000E0	2.077037E0	1.657506E-2
3.133333E0	2.076256E0	1.794777E-2
3.166667E0	2.080818E0	1.527915E-2
3.200000E0	2.078504E0	1.916499E-2
3.233333E0	2.079666E0	1.542065E-2
3.266667E0	2.083261E0	1.272300E-2
3.300000E0	2.085159E0	1.241658E-2
3.333333E0	2.083819E0	1.480429E-2
3.366667E0	2.080914E0	2.596340E-2
3.400000E0	2.068971E0	2.465790E-2
3.433333E0	2.029622E0	2.463790E-2
3.466667E0	2.000915E0	2.940562E-2
3.500000E0	1.949744E0	2.079629E-2
3.533333E0	1.871666E0	-1.209762E-2
3.566667E0	1.845188E0	-7.482194E-3
3.600000E0	1.757501E0	-8.815896E-3
3.633333E0	1.698892E0	-1.166269E-2
3.666667E0	1.652347E0	-1.286248E-2
3.700000E0	1.563535E0	-2.052445E-2
3.733333E0	1.536784E0	-9.499312E-3
3.766667E0	1.449884E0	-1.783850E-2
3.800000E0	1.407461E0	-3.567063E-2
3.833333E0	1.379101E0	-2.485381E-2
3.866667E0	1.322069E0	-8.416569E-3
3.900000E0	1.300114E0	-6.816488E-3
3.933333E0	1.279174E0	-5.515121E-3
3.966667E0	1.278224E0	-2.493382E-3
4.000000E0	1.281591E0	2.897370E-3
4.033333E0	1.296187E0	4.619979E-3
4.066667E0	1.300893E0	5.287438E-3
4.100000E0	1.329427E0	4.756297E-3
4.133333E0	1.366859E0	1.154309E-2
4.166667E0	1.418985E0	1.141277E-2
4.200000E0	1.513641E0	1.736661E-2
4.233333E0	1.554954E0	9.935647E-3
4.266667E0	1.645738E0	1.160378E-2
4.300000E0	1.693821E0	1.138905E-2
4.333333E0	1.730247E0	4.399325E-2
4.366667E0	1.781183E0	9.943501E-2
4.400000E0	1.785198E0	1.142844E-1
4.433333E0	1.814528E0	1.465458E-1
4.466667E0	1.824745E0	1.586748E-1
4.500000E0	1.828682E0	1.604965E-1
4.533333E0	1.830326E0	1.650363E-1
4.566667E0	1.821604E0	1.620808E-1
4.600000E0	1.818464E0	1.589002E-1
4.633333E0	1.814890E0	1.591459E-1
4.666667E0	1.804811E0	1.553227E-1
4.700000E0	1.798239E0	1.545327E-1
4.733333E0	1.795733E0	1.508893E-1
4.766667E0	1.791528E0	1.486714E-1
4.800000E0	1.790907E0	1.466814E-1
4.833333E0	1.794746E0	1.463445E-1
4.866667E0	1.795817E0	1.462651E-1
4.900000E0	1.800217E0	1.436374E-1
4.933333E0	1.806494E0	1.422396E-1
4.966667E0	1.807284E0	1.429983E-1
5.000000E0	1.811739E0	1.437357E-1
5.033333E0	1.806429E0	1.462834E-1
5.066667E0	1.799288E0	1.475067E-1
5.100000E0	1.778225E0	1.470861E-1
5.133333E0	1.760084E0	1.443090E-1
5.166667E0	1.709037E0	1.369905E-1
5.200000E0	1.646761E0	1.160067E-1
5.233333E0	1.628575E0	1.162733E-1
5.266667E0	1.582679E0	1.162139E-1
5.300000E0	1.570679E0	9.939388E-2
5.333333E0	1.522591E0	6.882117E-2
5.366667E0	1.441354E0	5.431254E-2
5.400000E0	1.424542E0	4.559576E-2
5.433333E0	1.373482E0	3.106663E-2
5.466667E0	1.333625E0	-1.053400E-2
5.500000E0	1.310338E0	-1.126478E-2
5.533333E0	1.273405E0	-1.774468E-2
5.566667E0	1.265144E0	-1.731878E-2
5.600000E0	1.253003E0	-8.853213E-3
5.633333E0	1.228559E0	-1.100143E-2
5.666667E0	1.225328E0	-1.157063E-2
5.700000E0	1.234353E0	-9.542698E-3
5.733333E0	1.239789E0	-7.679599E-3
5.766667E0	1.272859E0	-1.162355E-2
5.800000E0	1.296977E0	-6.582152E-3
5.833333E0	1.337472E0	-4.064940E-3
5.866667E0	1.437507E0	-1.669179E-3
5.900000E0	1.470694E0	1.389002E-3
5.933333E0	1.548612E0	1.411392E-3
5.966667E0	1.582409E0	6.706624E-3
6.000000E0	1.629488E0	1.296430E-2
6.033333E0	1.707066E0	2.884081E-2
6.066667E0	1.719415E0	2.088738E-2
6.100000E0	1.734586E0	2.891497E-2
6.133333E0	1.739456E0	2.596373E-2
6.166667E0	1.737002E0	2.374201E-2
6.200000E0	1.733639E0	1.531475E-2
6.233333E0	1.727792E0	1.384194E-2
6.266667E0	1.722160E0	1.471241E-2
6.300000E0	1.720153E0	1.521950E-2
6.333333E0	1.712479E0	1.550709E-2
6.366667E0	1.702927E0	1.226488E-2
6.400000E0	1.702289E0	1.021541E-2
6.433333E0	1.695325E0	9.046601E-3
6.466667E0	1.697108E0	9.157343E-3
6.500000E0	1.695396E0	4.333168E-3
6.533333E0	1.699626E0	5.810790E-3
6.566667E0	1.704571E0	2.542573E-3
6.600000E0	1.706245E0	-1.283632E-3
6.633333E0	1.707178E0	8.303234E-4
6.666667E0	1.705740E0	-2.442634E-3
6.700000E0	1.695093E0	5.398949E-5
6.733333E0	1.690797E0	5.775952E-4
6.766667E0	1.657161E0	3.433649E-3
6.800000E0	1.617818E0	1.316675E-3
6.833333E0	1.580539E0	-4.907823E-3
6.866667E0	1.523990E0	-6.158501E-3
6.900000E0	1.466774E0	-3.243627E-3
6.933333E0	1.395860E0	-2.929228E-3
6.966667E0	1.360685E0	-8.305895E-3
7.000000E0	1.298307E0	-1.129538E-2
7.033333E0	1.249516E0	-6.198153E-3
7.066667E0	1.205649E0	-1.505780E-2
7.100000E0	1.152602E0	-1.647924E-2
7.133333E0	1.132331E0	-2.621008E-2
7.166667E0	1.091709E0	-2.128529E-2
7.200000E0	1.064942E0	-2.258195E-2
7.233333E0	1.063230E0	-2.003702E-2
7.266667E0	1.056163E0	-1.723160E-2
7.300000E0	1.060427E0	-1.459605E-2
7.333333E0	1.077839E0	-1.265019E-2
7.366667E0	1.100525E0	-1.476928E-2
7.400000E0	1.124631E0	-2.320749E-2
7.433333E0	1.187571E0	-1.897425E-2
7.466667E0	1.225321E0	-1.843339E-2
7.500000E0	1.341073E0	-1.477798E-2
7.533333E0	1.438992E0	-1.018074E-2
7.566667E0	1.519199E0	-4.682130E-3
7.600000E0	1.649806E0	-1.338762E-3
7.633333E0	1.703123E0	-8.903432E-3
7.666667E0	1.872285E0	7.229242E-3
7.700000E0	1.984801E0	2.565374E-3
7.733333E0	2.038253E0	4.867654E-3
7.766667E0	2.146006E0	6.386076E-3
7.800000E0	2.176121E0	7.730653E-3
7.833333E0	2.285472E0	-2.488358E-3
7.866667E0	2.353532E0	-4.758712E-3
7.900000E0	2.410105E0	-5.282522E-3
7.933333E0	2.498211E0	-6.404409E-3
7.966667E0	2.530035E0	-6.679261E-3
8.000000E0	2.625058E0	-9.727472E-3
8.033333E0	2.671794E0	-1.347877E-2
8.066667E0	2.714264E0	-1.651768E-2
8.100000E0	2.795480E0	-1.659111E-2
8.133333E0	2.826366E0	-1.889768E-2
8.166667E0	2.933420E0	-2.901371E-2
8.200000E0	3.011101E0	-3.065226E-2
8.233333E0	3.070681E0	-2.548563E-2
8.266667E0	3.188004E0	-2.624642E-2
8.300000E0	3.224948E0	-3.992125E-2
8.333333E0	3.363097E0	-7.879599E-2
8.366667E0	3.454939E0	-8.960071E-2
8.400000E0	3.494889E0	-9.352731E-2
8.433333E0	3.600938E0	-9.080370E-2
8.466667E0	3.629014E0	-9.990406E-2
8.500000E0	3.723259E0	-1.331510E-1
8.533333E0	3.787573E0	-1.664955E-1
8.566667E0	3.847042E0	-1.779429E-1
8.600000E0	3.898646E0	-1.784454E-1
8.633333E0	3.914214E0	-1.731987E-1
8.666667E0	4.000720E0	-2.236463E-1
8.700000E0	4.044219E0	-2.370466E-1
8.733333E0	4.085842E0	-2.692838E-1
8.766667E0	4.148090E0	-3.113574E-1
8.800000E0	4.176986E0	-3.139147E-1
8.833333E0	4.258717E0	-3.536094E-1
8.866667E0	4.309876E0	-3.831844E-1
8.900000E0	4.349853E0	-3.722024E-1
8.933333E0	4.425750E0	-3.756985E-1
8.966667E0	4.449373E0	-3.962466E-1
9.000000E0	4.582888E0	-4.071780E-1
9.033333E0	4.665956E0	-4.263923E-1
9.066667E0	4.757603E0	-4.357246E-1
9.100000E0	4.882238E0	-4.378957E-1
9.133333E0	4.914290E0	-4.398275E-1
9.166667E0	5.076810E0	-4.267066E-1
9.200000E0	5.196430E0	-4.244624E-1
9.233333E0	5.336528E0	-4.215118E-1
9.266667E0	5.474392E0	-4.185479E-1
9.300000E0	5.529689E0	-4.090437E-1
9.333333E0	5.719112E0	-3.745907E-1
9.366667E0	5.820453E0	-3.482144E-1
9.400000E0	5.854686E0	-3.405894E-1
9.433333E0	6.001994E0	-3.118040E-1
9.466667E0	6.034794E0	-2.844226E-1
9.500000E0	6.171666E0	-2.713473E-1
9.533333E0	6.254979E0	-2.648082E-1
9.566667E0	6.311202E0	-2.717543E-1
9.600000E0	6.420207E0	-2.692801E-1
9.633333E0	6.461154E0	-2.644967E-1
9.666667E0	6.564727E0	-2.367676E-1
9.700000E0	6.630496E0	-2.183850E-1
9.733333E0	6.667295E0	-2.153193E-1
9.766667E0	6.766536E0	-2.115307E-1
9.800000E0	6.797450E0	-2.089078E-1
9.833333E0	6.907485E0	-2.037045E-1
9.866667E0	6.993342E0	-1.970742E-1
9.900000E0	7.051020E0	-2.107832E-1
9.933333E0	7.182609E0	-2.106783E-1
9.966667E0	7.226955E0	-2.106140E-1
1.000000E1	7.364660E0	-2.151618E-1
1.003333E1	7.467880E0	-2.084414E-1
1.006667E1	7.519215E0	-2.133215E-1
1.010000E1	7.627721E0	-2.109054E-1
1.013333E1	7.661753E0	-2.091870E-1
1.016667E1	7.780324E0	-2.289968E-1
1.020000E1	7.865685E0	-2.403506E-1
1.023333E1	7.916100E0	-2.388297E-1
1.026667E1	8.001765E0	-2.400295E-1
1.030000E1	8.051543E0	-2.610031E-1
1.033333E1	8.141140E0	-2.943886E-1
1.036667E1	8.190403E0	-3.062906E-1
1.040000E1	8.233479E0	-3.024021E-1
1.043333E1	8.288012E0	-3.159688E-1
1.046667E1	8.335575E0	-3.488672E-1
1.050000E1	8.425670E0	-3.757003E-1
1.053333E1	8.494420E0	-3.792480E-1
1.056667E1	8.544380E0	-3.734572E-1
1.060000E1	8.651927E0	-3.655461E-1
1.063333E1	8.673413E0	-3.605161E-1
1.066667E1	8.804314E0	-3.577598E-1
1.070000E1	8.901122E0	-3.676678E-1
1.073333E1	9.017878E0	-3.569172E-1
1.076667E1	9.139477E0	-3.580559E-1
1.080000E1	9.201458E0	-3.598713E-1
1.083333E1	9.394292E0	-3.465642E-1
1.086667E1	9.521016E0	-3.431424E-1
1.090000E1	9.653383E0	-3.295833E-1
1.093333E1	9.823145E0	-3.493766E-1
1.096667E1	9.902902E0	-3.319189E-1
1.100000E1	1.009093E1	-3.267860E-1
1.103333E1	1.021296E1	-3.224712E-1
1.106667E1	1.035238E1	-2.612902E-1
1.110000E1	1.042437E1	-2.517497E-1
1.113333E1	1.048915E1	-2.244084E-1
1.116667E1	1.065887E1	-1.853033E-1
1.120000E1	1.073506E1	-1.754122E-1
1.123333E1	1.080801E1	-1.591358E-1
1.126667E1	1.092689E1	-1.445709E-1
1.130000E1	1.096704E1	-1.331024E-1
1.133333E1	1.108847E1	-1.349190E-1
1.136667E1	1.116654E1	-1.245345E-1
1.140000E1	1.122279E1	-1.369692E-1
1.143333E1	1.132399E1	-1.376165E-1
1.146667E1	1.135719E1	-1.373657E-1
1.150000E1	1.149214E1	-1.340142E-1
1.153333E1	1.157140E1	-1.379876E-1
1.156667E1	1.164602E1	-1.414450E-1
1.160000E1	1.178468E1	-1.426488E-1
1.163333E1	1.183087E1	-1.404706E-1
1.166667E1	1.197876E1	-1.385068E-1
1.170000E1	1.208182E1	-1.342831E-1
1.173333E1	1.213977E1	-1.394655E-1
1.176667E1	1.224836E1	-1.382012E-1
1.180000E1	1.228927E1	-1.331906E-1
1.183333E1	1.241863E1	-1.427346E-1
1.186667E1	1.249900E1	-1.514301E-1
1.190000E1	1.254263E1	-1.499970E-1
1.193333E1	1.263526E1	-1.508026E-1
1.196667E1	1.266233E1	-1.623590E-1
1.200000E1	1.276421E1	-1.670817E-1
1.203333E1	1.281391E1	-1.667006E-1
1.206667E1	1.285230E1	-1.634011E-1
1.210000E1	1.290150E1	-1.720395E-1
1.213333E1	1.292067E1	-1.707748E-1
1.216667E1	1.300325E1	-1.877012E-1
1.220000E1	1.304569E1	-2.103685E-1
1.223333E1	1.308898E1	-2.177805E-1
1.226667E1	1.319011E1	-2.133360E-1
1.230000E1	1.322764E1	-2.219842E-1
1.233333E1	1.335148E1	-2.044200E-1
1.236667E1	1.342249E1	-1.979634E-1
1.240000E1	1.349643E1	-2.107065E-1
1.243333E1	1.360788E1	-2.124422E-1
1.246667E1	1.366589E1	-2.190332E-1
1.250000E1	1.383820E1	-2.007356E-1
1.253333E1	1.396844E1	-2.090233E-1
1.256667E1	1.410321E1	-2.028038E-1
1.260000E1	1.425185E1	-2.141631E-1
1.263333E1	1.428789E1	-2.075731E-1
1.266667E1	1.442668E1	-1.934876E-1
1.270000E1	1.450033E1	-1.751150E-1
1.273333E1	1.455446E1	-1.585352E-1
1.276667E1	1.465203E1	-1.312003E-1
1.280000E1	1.468476E1	-1.203292E-1
1.283333E1	1.478512E1	-1.053544E-1
1.286667E1	1.483758E1	-7.723657E-2
1.290000E1	1.487130E1	-6.475152E-2
1.293333E1	1.493278E1	-6.277433E-2
1.296667E1	1.495694E1	-6.277082E-2
1.300000E1	1.503143E1	-5.856237E-2
1.303333E1	1.507994E1	-5.024779E-2
1.306667E1	1.510136E1	-6.157037E-2
1.310000E1	1.515708E1	-5.801965E-2
1.313333E1	1.516435E1	-5.703068E-2
1.316667E1	1.522922E1	-6.045149E-2
1.320000E1	1.527207E1	-6.527807E-2
1.323333E1	1.530998E1	-6.625220E-2
1.326667E1	1.538094E1	-7.138555E-2
1.330000E1	1.540236E1	-7.476757E-2
1.333333E1	1.550898E1	-6.941522E-2
1.336667E1	1.556728E1	-5.998970E-2
1.340000E1	1.559348E1	-6.053542E-2
1.343333E1	1.566742E1	-5.759419E-2
1.346667E1	1.569128E1	-5.179545E-2
1.350000E1	1.575195E1	-6.942769E-2
1.353333E1	1.581865E1	-6.402274E-2
1.356667E1	1.583000E1	-6.836509E-2
1.360000E1	1.587692E1	-6.281532E-2
1.363333E1	1.588458E1	-6.002903E-2
1.366667E1	1.592664E1	-6.862618E-2
1.370000E1	1.595250E1	-6.457506E-2
1.373333E1	1.595937E1	-6.610520E-2
1.376667E1	1.597212E1	-8.014315E-2
1.380000E1	1.599359E1	-7.708680E-2
1.383333E1	1.601795E1	-8.324568E-2
1.386667E1	1.603541E1	-7.183374E-2
1.390000E1	1.605424E1	-7.629444E-2
1.393333E1	1.610688E1	-6.237360E-2
1.396667E1	1.611941E1	-7.112708E-2
1.400000E1	1.619810E1	-6.655352E-2
1.403333E1	1.625994E1	-7.312949E-2
1.406667E1	1.632087E1	-5.424641E-2
1.410000E1	1.639249E1	-5.652004E-2
1.413333E1	1.642568E1	-6.002725E-2
1.416667E1	1.655921E1	-6.682250E-2
1.420000E1	1.666119E1	-5.730601E-2
1.423333E1	1.674818E1	-6.172666E-2
1.426667E1	1.684834E1	-6.326693E-2
1.430000E1	1.688748E1	-5.577139E-2
1.433333E1	1.699694E1	-5.916000E-2
1.436667E1	1.706889E1	-5.099354E-2
1.440000E1	1.711032E1	-4.620720E-2
1.443333E1	1.717080E1	-4.035784E-2
1.446667E1	1.718674E1	-3.720428E-2
1.450000E1	1.725382E1	-4.010152E-2
1.453333E1	1.728659E1	-4.576600E-2
1.456667E1	1.732203E1	-5.022949E-2
1.460000E1	1.736297E1	-5.596174E-2
1.463333E1	1.738337E1	-4.875190E-2
1.466667E1	1.743195E1	-5.642300E-2
1.470000E1	1.745961E1	-6.049352E-2
1.473333E1	1.747205E1	-5.751335E-2
1.476667E1	1.750041E1	-6.518622E-2
1.480000E1	1.752218E1	-6.370817E-2
1.483333E1	1.754164E1	-6.123433E-2
1.486667E1	1.762940E1	-7.075536E-2
1.490000E1	1.767784E1	-6.693352E-2
1.493333E1	1.774937E1	-7.079591E-2
1.496667E1	1.778143E1	-7.410035E-2
1.500000E1	1.789327E1	-7.117677E-2
1.503333E1	1.795119E1	-6.952985E-2
1.506667E1	1.799118E1	-6.728104E-2
1.510000E1	1.808257E1	-6.680756E-2
1.513333E1	1.811427E1	-6.566059E-2
1.516667E1	1.813801E1	-7.336067E-2
1.520000E1	1.827866E1	-1.011235E-1
1.523333E1	1.831539E1	-8.621021E-2
1.526667E1	1.837651E1	-8.423441E-2
1.530000E1	1.840935E1	-8.132776E-2
1.533333E1	1.844303E1	-9.059088E-2
1.536667E1	1.848548E1	-9.581791E-2
1.540000E1	1.848325E1	-8.922464E-2
1.543333E1	1.853996E1	-1.088295E-1
1.546667E1	1.855298E1	-1.399458E-1
1.550000E1	1.857305E1	-1.668830E-1
1.553333E1	1.862710E1	-1.592152E-1
1.556667E1	1.864835E1	-1.628482E-1
1.560000E1	1.871247E1	-1.578738E-1
1.563333E1	1.874252E1	-1.547013E-1
1.566667E1	1.878732E1	-1.569021E-1
1.570000E1	1.887652E1	-1.550012E-1
1.573333E1	1.890999E1	-1.513377E-1
1.576667E1	1.899951E1	-1.510878E-1
1.580000E1	1.904012E1	-1.518340E-1
1.583333E1	1.911204E1	-1.493210E-1
1.586667E1	1.924535E1	-1.468925E-1
1.590000E1	1.930712E1	-1.474995E-1
1.593333E1	1.943399E1	-1.443258E-1
1.596667E1	1.947094E1	-1.444024E-1
1.600000E1	1.955092E1	-1.381995E-1
1.603333E1	1.963721E1	-1.271096E-1
1.606667E1	1.965730E1	-1.322536E-1
1.610000E1	1.972456E1	-1.307535E-1
1.613333E1	1.976597E1	-1.162147E-1
1.616667E1	1.980690E1	-1.252171E-1
1.620000E1	1.987908E1	-1.233188E-1
1.623333E1	1.989685E1	-1.249835E-1
1.626667E1	1.993549E1	-1.306137E-1
1.630000E1	1.997378E1	-1.266427E-1
1.633333E1	1.999694E1	-1.200479E-1
1.636667E1	2.001327E1	-1.226419E-1
1.640000E1	2.003544E1	-1.250202E-1
1.643333E1	2.006873E1	-1.263656E-1
1.646667E1	2.007557E1	-1.275761E-1
1.650000E1	2.013557E1	-1.282707E-1
1.653333E1	2.019521E1	-1.326561E-1
1.656667E1	2.021609E1	-1.341590E-1
1.660000E1	2.028209E1	-1.395897E-1
1.663333E1	2.032145E1	-1.488246E-1
1.666667E1	2.040473E1	-1.500521E-1
1.670000E1	2.050867E1	-1.518927E-1
1.673333E1	2.055070E1	-1.431541E-1
1.676667E1	2.063143E1	-1.417614E-1
1.680000E1	2.068818E1	-1.464251E-1
1.683333E1	2.075666E1	-1.587117E-1
1.686667E1	2.085343E1	-1.692918E-1
1.690000E1	2.087773E1	-1.700907E-1
1.693333E1	2.096431E1	-1.635626E-1
1.696667E1	2.101476E1	-1.747313E-1
1.700000E1	2.108384E1	-1.785598E-1
1.703333E1	2.116661E1	-1.902734E-1
1.706667E1	2.118955E1	-2.141035E-1
1.710000E1	2.122600E1	-2.245764E-1
1.713333E1	2.125824E1	-2.623823E-1
1.716667E1	2.128575E1	-2.852454E-1
1.720000E1	2.133239E1	-2.999904E-1
1.723333E1	2.135826E1	-2.948469E-1
1.726667E1	2.141694E1	-2.909469E-1
1.730000E1	2.144325E1	-2.856587E-1
1.733333E1	2.148293E1	-2.889803E-1
1.736667E1	2.156549E1	-2.907206E-1
1.740000E1	2.160722E1	-2.923284E-1
1.743333E1	2.170288E1	-2.885183E-1
1.746667E1	2.174292E1	-2.879823E-1
1.750000E1	2.182744E1	-2.807628E-1
1.753333E1	2.196129E1	-2.748691E-1
1.756667E1	2.201459E1	-2.707996E-1
1.760000E1	2.210625E1	-2.791218E-1
1.763333E1	2.218387E1	-2.793458E-1
1.766667E1	2.225745E1	-2.708788E-1
1.770000E1	2.233396E1	-2.497997E-1
1.773333E1	2.235323E1	-2.116615E-1
1.776667E1	2.240170E1	-1.913815E-1
1.780000E1	2.243428E1	-1.792166E-1
1.783333E1	2.247095E1	-1.589633E-1
1.786667E1	2.253259E1	-1.403113E-1
1.790000E1	2.255393E1	-1.364709E-1
1.793333E1	2.258711E1	-1.269233E-1
1.796667E1	2.260131E1	-1.295852E-1
1.800000E1	2.263283E1	-1.225048E-1
1.803333E1	2.266591E1	-1.280174E-1
1.806667E1	2.265551E1	-1.310153E-1
1.810000E1	2.267275E1	-1.335852E-1
1.813333E1	2.270600E1	-1.332490E-1
1.816667E1	2.275311E1	-1.351755E-1
1.820000E1	2.285382E1	-1.351787E-1
1.823333E1	2.287428E1	-1.337917E-1
1.826667E1	2.293739E1	-1.415661E-1
1.830000E1	2.298815E1	-1.454828E-1
1.833333E1	2.305134E1	-1.444519E-1
1.836667E1	2.315926E1	-1.430104E-1
1.840000E1	2.318267E1	-1.450990E-1
1.843333E1	2.326605E1	-1.446735E-1
1.846667E1	2.331234E1	-1.425691E-1
1.850000E1	2.336396E1	-1.501088E-1
1.853333E1	2.346263E1	-1.784258E-1
1.856667E1	2.350306E1	-1.631312E-1
1.860000E1	2.356449E1	-1.635259E-1
1.863333E1	2.360795E1	-1.714127E-1
1.866667E1	2.365250E1	-1.719339E-1
1.870000E1	2.369128E1	-1.735460E-1
1.873333E1	2.371466E1	-1.657511E-1
1.876667E1	2.373801E1	-1.764427E-1
1.880000E1	2.374185E1	-1.780281E-1
1.883333E1	2.377031E1	-1.977038E-1
1.886667E1	2.381290E1	-2.113770E-1
1.890000E1	2.381523E1	-2.114465E-1
1.893333E1	2.385588E1	-2.159861E-1
1.896667E1	2.389254E1	-2.098005E-1
1.900000E1	2.392364E1	-2.095544E-1
1.903333E1	2.400226E1	-2.082623E-1
1.906667E1	2.402117E1	-2.069267E-1
1.910000E1	2.407831E1	-2.066906E-1
1.913333E1	2.412889E1	-1.988308E-1
1.916667E1	2.420532E1	-1.967646E-1
1.920000E1	2.430756E1	-1.767940E-1
1.923333E1	2.434867E1	-1.665217E-1
1.926667E1	2.442414E1	-1.506674E-1
1.930000E1	2.445996E1	-1.372653E-1
1.933333E1	2.448872E1	-1.364427E-1
1.936667E1	2.452697E1	-9.368150E-2
1.940000E1	2.453217E1	-7.555937E-2
1.943333E1	2.456032E1	-5.716505E-2
1.946667E1	2.458776E1	-4.394027E-2
1.950000E1	2.458991E1	-2.920339E-2
1.953333E1	2.461679E1	-6.629858E-3
1.956667E1	2.464183E1	7.962692E-4
1.960000E1	2.465731E1	1.401920E-2
1.963333E1	2.465742E1	1.383748E-2
1.966667E1	2.466465E1	1.497177E-2
1.970000E1	2.467994E1	1.278271E-2
1.973333E1	2.467074E1	5.666052E-3
1.976667E1	2.467882E1	4.146371E-3
1.980000E1	2.468352E1	4.310142E-3
1.983333E1	2.471044E1	-1.857801E-3
1.986667E1	2.478897E1	-6.059194E-3
1.990000E1	2.480739E1	-2.009341E-3
1.993333E1	2.487981E1	-4.006751E-3
1.996667E1	2.493119E1	-1.146527E-2
2.000000E1	2.499485E1	-8.420835E-3
2.003333E1	2.509528E1	5.096553E-3
2.006667E1	2.511611E1	4.580238E-3
2.010000E1	2.519203E1	-6.744231E-4
2.013333E1	2.522774E1	-7.661814E-3
2.016667E1	2.530189E1	-1.973894E-2
2.020000E1	2.540413E1	-1.960644E-2
2.023333E1	2.542218E1	-1.983154E-2
2.026667E1	2.551732E1	-1.779255E-2
2.030000E1	2.555557E1	-3.358191E-2
2.033333E1	2.565123E1	-3.646407E-2
2.036667E1	2.571435E1	-8.773678E-2
2.040000E1	2.574071E1	-8.206479E-2
2.043333E1	2.579764E1	-1.129832E-1
2.046667E1	2.581383E1	-1.392988E-1
2.050000E1	2.584269E1	-1.563652E-1
2.053333E1	2.591878E1	-1.537808E-1
2.056667E1	2.595018E1	-1.480879E-1
2.060000E1	2.600412E1	-1.457344E-1
2.063333E1	2.603270E1	-1.391974E-1
2.066667E1	2.607909E1	-1.462690E-1
2.070000E1	2.616037E1	-1.427902E-1
2.073333E1	2.619427E1	-1.388390E-1
2.076667E1	2.626069E1	-1.369808E-1
2.080000E1	2.630619E1	-1.375610E-1
2.083333E1	2.638087E1	-1.319624E-1
2.086667E1	2.650298E1	-1.330695E-1
2.090000E1	2.653322E1	-1.322106E-1
2.093333E1	2.661184E1	-1.357633E-1
2.096667E1	2.665784E1	-1.319577E-1
2.100000E1	2.669149E1	-1.083038E-1
2.103333E1	2.673088E1	-8.656222E-2
2.106667E1	2.674967E1	-5.965235E-2
2.110000E1	2.678521E1	-5.061206E-2
2.113333E1	2.680999E1	-3.792665E-2
2.116667E1	2.683074E1	-3.669105E-2
2.120000E1	2.684221E1	-1.739047E-2
2.123333E1	2.683633E1	-4.938788E-3
2.126667E1	2.684905E1	3.138401E-3
2.130000E1	2.684694E1	7.918863E-3
2.133333E1	2.684347E1	6.365947E-3
2.136667E1	2.684965E1	7.246527E-3
2.140000E1	2.683837E1	2.725751E-3
2.143333E1	2.686380E1	-1.048672E-2
2.146667E1	2.689621E1	-3.091725E-3
2.150000E1	2.693626E1	-1.081611E-2
2.153333E1	2.702037E1	-7.861580E-3
2.156667E1	2.705234E1	-2.795195E-3
2.160000E1	2.712007E1	-4.782869E-3
2.163333E1	2.716370E1	-1.888120E-2
2.166667E1	2.724857E1	-1.312375E-2
2.170000E1	2.735930E1	-1.244974E-2
2.173333E1	2.739888E1	-1.147028E-3
2.176667E1	2.748431E1	-4.230247E-3
2.180000E1	2.753434E1	-1.050399E-2
2.183333E1	2.761551E1	-2.090332E-2
2.186667E1	2.774524E1	-5.883912E-2
2.190000E1	2.778960E1	-7.778024E-2
2.193333E1	2.790867E1	-8.340854E-2
2.196667E1	2.795156E1	-1.039496E-1
2.200000E1	2.804167E1	-1.177389E-1
2.203333E1	2.811614E1	-1.434000E-1
2.206667E1	2.813335E1	-1.416238E-1
2.210000E1	2.817182E1	-1.580473E-1
2.213333E1	2.820113E1	-1.589906E-1
2.216667E1	2.823539E1	-1.697809E-1
2.220000E1	2.829687E1	-1.616723E-1
2.223333E1	2.833649E1	-1.525023E-1
2.226667E1	2.839597E1	-1.483383E-1
2.230000E1	2.841872E1	-1.454228E-1
2.233333E1	2.846039E1	-1.448916E-1
2.236667E1	2.854479E1	-1.383059E-1
2.240000E1	2.858008E1	-1.359619E-1
2.243333E1	2.865514E1	-1.387352E-1
2.246667E1	2.869560E1	-1.325945E-1
2.250000E1	2.875311E1	-1.306346E-1
2.253333E1	2.885822E1	-1.183189E-1
2.256667E1	2.887993E1	-1.339369E-1
2.260000E1	2.896001E1	-1.337295E-1
2.263333E1	2.899782E1	-1.202441E-1
2.266667E1	2.901900E1	-1.204601E-1
2.270000E1	2.905656E1	-7.615170E-2
2.273333E1	2.906524E1	-6.248059E-2
2.276667E1	2.908606E1	-5.504993E-2
2.280000E1	2.911262E1	-4.662982E-2
2.283333E1	2.912213E1	-2.544098E-2
2.286667E1	2.914752E1	7.360493E-3
2.290000E1	2.914258E1	8.797360E-3
2.293333E1	2.915011E1	1.064335E-2
2.296667E1	2.914585E1	1.260372E-2
2.300000E1	2.914205E1	1.410720E-2
2.303333E1	2.914302E1	8.021841E-3
2.306667E1	2.913932E1	6.255712E-3
2.310000E1	2.915526E1	4.386635E-3
2.313333E1	2.915641E1	3.235711E-3
2.316667E1	2.919013E1	-2.687570E-3
2.320000E1	2.926201E1	-7.338253E-3
2.323333E1	2.928526E1	-1.356363E-4
2.326667E1	2.936885E1	-3.576580E-3
2.330000E1	2.940344E1	-1.169765E-2
2.333333E1	2.948555E1	-8.567005E-3
2.336667E1	2.960235E1	-1.039725E-2
2.340000E1	2.964518E1	4.208866E-4
2.343333E1	2.973695E1	-3.061064E-3
2.346667E1	2.979482E1	8.886307E-5
2.350000E1	2.986468E1	-1.758953E-2
2.353333E1	2.997530E1	-5.343290E-2
2.356667E1	3.003258E1	-8.126740E-2
2.360000E1	3.015058E1	-9.132802E-2
2.363333E1	3.018779E1	-1.051008E-1
2.366667E1	3.032274E1	-1.122244E-1
2.370000E1	3.039721E1	-1.438127E-1
2.373333E1	3.044984E1	-1.478329E-1
2.376667E1	3.050098E1	-1.588241E-1
2.380000E1	3.052112E1	-1.621085E-1
2.383333E1	3.058473E1	-1.853213E-1
2.386667E1	3.062649E1	-2.150826E-1
2.390000E1	3.066425E1	-2.113699E-1
2.393333E1	3.071708E1	-2.098493E-1
2.396667E1	3.074618E1	-2.140929E-1
2.400000E1	3.083330E1	-2.164845E-1
2.403333E1	3.088349E1	-2.133593E-1
2.406667E1	3.090948E1	-2.159396E-1
2.410000E1	3.098632E1	-2.135123E-1
2.413333E1	3.101205E1	-2.082246E-1
2.416667E1	3.109054E1	-2.010154E-1
2.420000E1	3.114324E1	-2.021084E-1
2.423333E1	3.118000E1	-2.038775E-1
2.426667E1	3.125207E1	-2.058371E-1
2.430000E1	3.127834E1	-2.039187E-1
2.433333E1	3.128950E1	-1.841231E-1
2.436667E1	3.128409E1	-1.658825E-1
2.440000E1	3.127970E1	-1.383766E-1
2.443333E1	3.127609E1	-1.157255E-1
2.446667E1	3.127655E1	-1.096839E-1
2.450000E1	3.127127E1	-8.775091E-2
2.453333E1	3.126914E1	-5.813668E-2
2.456667E1	3.126870E1	-4.830004E-2
2.460000E1	3.125902E1	-3.122850E-2
2.463333E1	3.126404E1	-6.771960E-3
2.466667E1	3.125246E1	6.778363E-3
2.470000E1	3.125221E1	1.252570E-2
2.473333E1	3.125299E1	1.083493E-2
2.476667E1	3.125235E1	7.685997E-3
2.480000E1	3.126091E1	6.133089E-3
2.483333E1	3.127026E1	1.779710E-2
2.486667E1	3.128440E1	2.317620E-2
2.490000E1	3.129280E1	2.126110E-2
2.493333E1	3.132967E1	9.401688E-3
2.496667E1	3.135566E1	1.236614E-2
2.500000E1	3.142194E1	7.619932E-3
2.503333E1	3.147156E1	9.666955E-3
2.506667E1	3.150150E1	1.230057E-2
2.510000E1	3.156208E1	9.318388E-3
2.513333E1	3.158357E1	1.420906E-2
2.516667E1	3.166262E1	6.226121E-3
2.520000E1	3.171642E1	-7.477054E-3
2.523333E1	3.174460E1	-1.291566E-3
2.526667E1	3.181206E1	-5.503625E-3
2.530000E1	3.183345E1	-1.584102E-2
2.533333E1	3.190928E1	-1.832632E-2
2.536667E1	3.194686E1	-6.707976E-3
2.540000E1	3.195902E1	-4.643431E-3
2.543333E1	3.198212E1	-2.186565E-2
2.546667E1	3.199902E1	-1.997307E-2
2.550000E1	3.202711E1	-2.470698E-2
2.553333E1	3.205490E1	-2.718018E-2
2.556667E1	3.209174E1	-1.181736E-2
2.560000E1	3.213645E1	-8.092775E-3
2.563333E1	3.215239E1	-7.036079E-3
2.566667E1	3.222339E1	-6.067982E-3
2.570000E1	3.227686E1	-8.853277E-3
2.573333E1	3.231650E1	-5.538950E-3
2.576667E1	3.239226E1	-4.379538E-3
2.580000E1	3.241979E1	-8.651734E-3
2.583333E1	3.252095E1	3.105786E-3
2.586667E1	3.259064E1	1.756035E-3
2.590000E1	3.263906E1	-6.607188E-4
2.593333E1	3.272796E1	6.954388E-4
2.596667E1	3.274420E1	1.444928E-3
2.600000E1	3.279701E1	6.946387E-3
2.603333E1	3.283710E1	1.126729E-2
2.606667E1	3.286431E1	2.018190E-2
2.610000E1	3.290298E1	3.261521E-2
2.613333E1	3.290150E1	1.910811E-2
2.616667E1	3.291983E1	1.481551E-2
2.620000E1	3.294152E1	1.398652E-2
2.623333E1	3.293350E1	8.024296E-3
2.626667E1	3.293535E1	5.347578E-3
2.630000E1	3.294661E1	8.166562E-3
2.633333E1	3.297463E1	5.192227E-3
2.636667E1	3.298212E1	-4.690756E-4
2.640000E1	3.301358E1	-1.288710E-3
2.643333E1	3.304505E1	-5.780932E-3
2.646667E1	3.303997E1	-6.077440E-3
2.650000E1	3.310619E1	-4.569436E-3
2.653333E1	3.316394E1	-3.180973E-3
2.656667E1	3.322456E1	-8.400580E-3
2.660000E1	3.332070E1	-7.641548E-3
2.663333E1	3.335681E1	-1.246217E-2
2.666667E1	3.350713E1	-1.515181E-2
2.670000E1	3.361112E1	-1.537038E-2
2.673333E1	3.367716E1	-4.311173E-3
2.676667E1	3.379243E1	-4.757329E-3
2.680000E1	3.385520E1	-1.172670E-2
2.683333E1	3.404982E1	-2.638797E-2
2.686667E1	3.417298E1	-5.162680E-2
2.690000E1	3.429263E1	-8.715140E-2
2.693333E1	3.444926E1	-8.448426E-2
2.696667E1	3.447653E1	-9.730617E-2
2.700000E1	3.462943E1	-1.199843E-1
2.703333E1	3.473162E1	-1.523017E-1
2.706667E1	3.477721E1	-1.544548E-1
2.710000E1	3.488647E1	-1.573478E-1
2.713333E1	3.492383E1	-1.609596E-1
2.716667E1	3.505152E1	-1.904976E-1
2.720000E1	3.518103E1	-2.029722E-1
2.723333E1	3.526039E1	-2.125029E-1
2.726667E1	3.535258E1	-2.150763E-1
2.730000E1	3.538835E1	-2.200811E-1
2.733333E1	3.551499E1	-2.270071E-1
2.736667E1	3.561745E1	-2.259945E-1
2.740000E1	3.567461E1	-2.242871E-1
2.743333E1	3.578615E1	-2.193291E-1
2.746667E1	3.582242E1	-2.237697E-1
2.750000E1	3.596243E1	-2.142200E-1
2.753333E1	3.606137E1	-2.115149E-1
2.756667E1	3.609923E1	-2.122243E-1
2.760000E1	3.620292E1	-2.072349E-1
2.763333E1	3.623331E1	-2.096021E-1
2.766667E1	3.630376E1	-1.894721E-1
2.770000E1	3.633842E1	-1.681750E-1
2.773333E1	3.635033E1	-1.441099E-1
2.776667E1	3.637699E1	-1.228457E-1
2.780000E1	3.640857E1	-1.197199E-1
2.783333E1	3.644280E1	-1.199784E-1
2.786667E1	3.647614E1	-1.186747E-1
2.790000E1	3.648507E1	-1.230730E-1
2.793333E1	3.650473E1	-1.190929E-1
2.796667E1	3.649546E1	-1.238995E-1
2.800000E1	3.650987E1	-1.207417E-1
2.803333E1	3.650515E1	-1.234827E-1
2.806667E1	3.650365E1	-1.263461E-1
2.810000E1	3.652500E1	-1.366834E-1
2.813333E1	3.654918E1	-1.359929E-1
2.816667E1	3.661760E1	-1.372129E-1
2.820000E1	3.667399E1	-1.388209E-1
2.823333E1	3.672219E1	-1.333430E-1
2.826667E1	3.680460E1	-1.406068E-1
2.830000E1	3.685356E1	-1.393630E-1
2.833333E1	3.698472E1	-1.383900E-1
2.836667E1	3.706647E1	-1.388608E-1
2.840000E1	3.713547E1	-1.370835E-1
2.843333E1	3.724899E1	-1.388404E-1
2.846667E1	3.730433E1	-1.345964E-1
2.850000E1	3.744342E1	-1.570696E-1
2.853333E1	3.755551E1	-1.690730E-1
2.856667E1	3.767577E1	-1.560747E-1
2.860000E1	3.781807E1	-1.510843E-1
2.863333E1	3.787222E1	-1.590957E-1
2.866667E1	3.800517E1	-1.718044E-1
2.870000E1	3.808283E1	-1.656254E-1
2.873333E1	3.811988E1	-1.591465E-1
2.876667E1	3.821063E1	-1.612235E-1
2.880000E1	3.824204E1	-1.620879E-1
2.883333E1	3.831400E1	-1.652778E-1
2.886667E1	3.835574E1	-1.590614E-1
2.890000E1	3.840337E1	-1.546833E-1
2.893333E1	3.849709E1	-1.475522E-1
2.896667E1	3.853046E1	-1.416073E-1
2.900000E1	3.862360E1	-1.436261E-1
2.903333E1	3.870036E1	-1.422041E-1
2.906667E1	3.874856E1	-1.439966E-1
2.910000E1	3.884347E1	-1.445213E-1
2.913333E1	3.888613E1	-1.382293E-1
2.916667E1	3.897482E1	-1.341866E-1
2.920000E1	3.905814E1	-1.298534E-1
2.923333E1	3.910551E1	-1.288817E-1
2.926667E1	3.915359E1	-1.267309E-1
2.930000E1	3.917202E1	-1.256957E-1
2.933333E1	3.918942E1	-1.175226E-1
2.936667E1	3.920532E1	-1.032707E-1
2.940000E1	3.921486E1	-6.070910E-2
2.943333E1	3.921652E1	-2.831305E-2
2.946667E1	3.922171E1	-1.623370E-3
2.950000E1	3.923457E1	1.931399E-2
2.953333E1	3.922425E1	2.530431E-2
2.956667E1	3.922089E1	2.398735E-2
2.960000E1	3.922059E1	2.899639E-2
2.963333E1	3.921866E1	2.158815E-2
2.966667E1	3.922593E1	2.752887E-2
2.970000E1	3.921608E1	2.004235E-2
2.973333E1	3.922127E1	1.572661E-2
2.976667E1	3.923186E1	1.616542E-2
2.980000E1	3.923015E1	1.502602E-2
2.983333E1	3.927646E1	4.699767E-3
2.986667E1	3.933429E1	4.065765E-3
2.990000E1	3.937094E1	7.483625E-3
2.993333E1	3.945384E1	5.561919E-3
2.996667E1	3.948986E1	7.688789E-3
3.000000E1	3.962801E1	2.793473E-3
3.003333E1	3.971884E1	7.489526E-3
3.006667E1	3.976638E1	7.968114E-3
3.010000E1	3.990161E1	5.666750E-3
3.013333E1	3.995336E1	7.696619E-3
3.016667E1	4.009884E1	-3.862179E-3
3.020000E1	4.022068E1	-2.040287E-2
3.023333E1	4.034726E1	-7.730875E-3
3.026667E1	4.048891E1	-7.129057E-3
3.030000E1	4.052942E1	-1.203294E-2
3.033333E1	4.066088E1	-2.661810E-2
3.036667E1	4.074868E1	-1.916045E-2
3.040000E1	4.078669E1	-1.925929E-2
3.043333E1	4.087346E1	-2.411312E-2
3.046667E1	4.092461E1	-4.971069E-2
3.050000E1	4.101997E1	-8.459061E-2
3.053333E1	4.108153E1	-8.879117E-2
3.056667E1	4.113273E1	-8.432136E-2
3.060000E1	4.122386E1	-7.609631E-2
3.063333E1	4.125383E1	-6.682581E-2
3.066667E1	4.135505E1	-7.882535E-2
3.070000E1	4.141781E1	-7.885901E-2
3.073333E1	4.147359E1	-6.972331E-2
3.076667E1	4.155025E1	-6.539016E-2
3.080000E1	4.157551E1	-6.831851E-2
3.083333E1	4.168280E1	-5.577765E-2
3.086667E1	4.175241E1	-5.487015E-2
3.090000E1	4.178064E1	-5.984486E-2
3.093333E1	4.185306E1	-6.015427E-2
3.096667E1	4.188153E1	-5.565223E-2
3.100000E1	4.190255E1	-4.395144E-2
3.103333E1	4.189381E1	-3.248452E-2
3.106667E1	4.189032E1	7.409716E-4
3.110000E1	4.189690E1	1.401973E-2
3.113333E1	4.189133E1	1.775736E-2
3.116667E1	4.189262E1	1.697971E-2
3.120000E1	4.188607E1	1.920513E-2
3.123333E1	4.188178E1	1.607061E-2
3.126667E1	4.188122E1	1.645522E-2
3.130000E1	4.188057E1	1.651377E-2
3.133333E1	4.187833E1	1.950514E-2
3.136667E1	4.187591E1	1.504852E-2
3.140000E1	4.187713E1	1.463531E-2
3.143333E1	4.188664E1	1.340641E-2
3.146667E1	4.189022E1	1.260564E-2
3.150000E1	4.193345E1	7.561859E-3
3.153333E1	4.198487E1	1.128295E-2
3.156667E1	4.201237E1	6.945999E-3
3.160000E1	4.209189E1	4.027593E-3
3.163333E1	4.211966E1	5.885362E-3
3.166667E1	4.223503E1	-1.444683E-3
3.170000E1	4.231934E1	7.449518E-3
3.173333E1	4.237780E1	6.058464E-3
3.176667E1	4.249891E1	2.135742E-3
3.180000E1	4.254186E1	8.721287E-3
3.183333E1	4.268656E1	-9.314364E-3
3.186667E1	4.281788E1	-3.927495E-2
3.190000E1	4.284687E1	-5.146368E-2
3.193333E1	4.297052E1	-6.963249E-2
3.196667E1	4.307904E1	-1.006143E-1
3.200000E1	4.318165E1	-1.001757E-1
3.203333E1	4.328107E1	-9.706693E-2
3.206667E1	4.330053E1	-1.068525E-1
3.210000E1	4.338645E1	-1.011100E-1
3.213333E1	4.341482E1	-1.043300E-1
3.216667E1	4.346594E1	-1.345057E-1
3.220000E1	4.353050E1	-1.573561E-1
3.223333E1	4.355123E1	-1.507066E-1
3.226667E1	4.360250E1	-1.456783E-1
3.230000E1	4.364673E1	-1.417313E-1
3.233333E1	4.367216E1	-1.493174E-1
3.236667E1	4.372909E1	-1.481341E-1
3.240000E1	4.376021E1	-1.424170E-1
3.243333E1	4.380316E1	-1.388169E-1
3.246667E1	4.383872E1	-1.294203E-1
3.250000E1	4.386053E1	-1.151501E-1
3.253333E1	4.387151E1	-9.757947E-2
3.256667E1	4.389993E1	-6.588369E-2
3.260000E1	4.390880E1	-4.566187E-2
3.263333E1	4.390187E1	-4.526647E-2
3.266667E1	4.387144E1	-3.342799E-2
3.270000E1	4.381908E1	2.662813E-2
3.273333E1	4.381253E1	2.581962E-2
3.276667E1	4.375140E1	7.444090E-2
3.280000E1	4.372997E1	9.624794E-2
3.283333E1	4.370047E1	1.176678E-1
3.286667E1	4.366520E1	1.479440E-1
3.290000E1	4.366375E1	1.515829E-1
3.293333E1	4.365260E1	1.540966E-1
3.296667E1	4.364704E1	1.707171E-1
3.300000E1	4.360149E1	1.682385E-1
3.303333E1	4.358984E1	1.633554E-1
3.306667E1	4.359543E1	1.590954E-1
3.310000E1	4.359599E1	1.603395E-1
3.313333E1	4.360511E1	1.599998E-1
3.316667E1	4.362358E1	1.643023E-1
3.320000E1	4.368398E1	1.543991E-1
3.323333E1	4.370514E1	1.618162E-1
3.326667E1	4.376905E1	1.492562E-1
3.330000E1	4.382201E1	1.436282E-1
3.333333E1	4.390647E1	1.467953E-1
3.336667E1	4.403449E1	1.373116E-1
3.340000E1	4.410193E1	1.435513E-1
3.343333E1	4.425201E1	1.447888E-1
3.346667E1	4.430311E1	1.351494E-1
3.350000E1	4.443899E1	1.311076E-1
3.353333E1	4.462761E1	1.006383E-1
3.356667E1	4.468347E1	1.081859E-1
3.360000E1	4.484392E1	1.329391E-1
3.363333E1	4.493648E1	6.760228E-2
3.366667E1	4.503089E1	2.879233E-2
3.370000E1	4.518022E1	-3.654491E-3
3.373333E1	4.522263E1	-3.189897E-3
3.376667E1	4.530123E1	-1.170234E-2
3.380000E1	4.535378E1	-3.176871E-2
3.383333E1	4.543626E1	-4.234529E-2
3.386667E1	4.554376E1	-8.802636E-2
3.390000E1	4.558655E1	-8.039646E-2
3.393333E1	4.568212E1	-8.755162E-2
3.396667E1	4.572761E1	-8.046963E-2
3.400000E1	4.581480E1	-9.576123E-2
3.403333E1	4.596853E1	-1.198096E-1
3.406667E1	4.600429E1	-1.252620E-1
3.410000E1	4.611041E1	-1.419488E-1
3.413333E1	4.615684E1	-1.373729E-1
3.416667E1	4.623969E1	-1.367343E-1
3.420000E1	4.632043E1	-1.415713E-1
3.423333E1	4.637081E1	-1.419919E-1
3.426667E1	4.642164E1	-1.439916E-1
3.430000E1	4.644764E1	-1.382322E-1
3.433333E1	4.644073E1	-1.335636E-1
3.436667E1	4.644259E1	-1.158351E-1
3.440000E1	4.643270E1	-1.210420E-1
3.443333E1	4.643472E1	-1.177720E-1
3.446667E1	4.643139E1	-1.188418E-1
3.450000E1	4.643571E1	-1.223152E-1
3.453333E1	4.643557E1	-1.168171E-1
3.456667E1	4.642993E1	-1.226590E-1
3.460000E1	4.643113E1	-1.196768E-1
3.463333E1	4.642495E1	-1.251623E-1
3.466667E1	4.642536E1	-1.239915E-1
3.470000E1	4.642665E1	-1.244385E-1
3.473333E1	4.642669E1	-1.279421E-1
3.476667E1	4.643349E1	-1.262139E-1
3.480000E1	4.643847E1	-1.245022E-1
3.483333E1	4.646631E1	-1.303171E-1
3.486667E1	4.655481E1	-1.317720E-1
3.490000E1	4.657657E1	-1.304726E-1
3.493333E1	4.664836E1	-1.375200E-1
3.496667E1	4.670466E1	-1.422986E-1
3.500000E1	4.678242E1	-1.389810E-1
3.503333E1	4.692007E1	-1.404843E-1
3.506667E1	4.696574E1	-1.356461E-1
3.510000E1	4.707872E1	-1.413114E-1
3.513333E1	4.715905E1	-1.412856E-1
3.516667E1	4.726545E1	-1.642105E-1
3.520000E1	4.747917E1	-1.745808E-1
3.523333E1	4.753546E1	-1.581310E-1
3.526667E1	4.766663E1	-1.523784E-1
3.530000E1	4.778088E1	-1.702797E-1
3.533333E1	4.790170E1	-1.698539E-1
3.536667E1	4.800806E1	-1.665374E-1
3.540000E1	4.804593E1	-1.563393E-1
3.543333E1	4.811177E1	-1.567592E-1
3.546667E1	4.816018E1	-1.907606E-1
3.550000E1	4.821891E1	-2.300596E-1
3.553333E1	4.831284E1	-2.234384E-1
3.556667E1	4.834146E1	-2.246200E-1
3.560000E1	4.843479E1	-2.173643E-1
3.563333E1	4.847013E1	-2.138177E-1
3.566667E1	4.851811E1	-2.157624E-1
3.570000E1	4.860155E1	-2.117559E-1
3.573333E1	4.862963E1	-2.191766E-1
3.576667E1	4.871281E1	-2.133477E-1
3.580000E1	4.874960E1	-2.071231E-1
3.583333E1	4.879648E1	-2.094317E-1
3.586667E1	4.887517E1	-1.992087E-1
3.590000E1	4.888738E1	-2.005084E-1
3.593333E1	4.890160E1	-1.895126E-1
3.596667E1	4.889325E1	-1.958622E-1
3.600000E1	4.886923E1	-1.934752E-1
3.603333E1	4.883611E1	-1.436303E-1
3.606667E1	4.880954E1	-1.341329E-1
3.610000E1	4.878794E1	-1.150650E-1
3.613333E1	4.878144E1	-1.161730E-1
3.616667E1	4.875491E1	-8.607098E-2
3.620000E1	4.871896E1	-5.823217E-2
3.623333E1	4.871403E1	-5.796619E-2
3.626667E1	4.866718E1	-1.264843E-2
3.630000E1	4.864967E1	1.383734E-3
3.633333E1	4.862655E1	6.020466E-3
3.636667E1	4.859072E1	2.633012E-2
3.640000E1	4.857641E1	2.145373E-2
3.643333E1	4.857190E1	1.828530E-2
3.646667E1	4.857241E1	1.510397E-2
3.650000E1	4.858282E1	1.832792E-2
3.653333E1	4.862746E1	1.223135E-2
3.656667E1	4.865747E1	1.645062E-2
3.660000E1	4.872624E1	3.395209E-3
3.663333E1	4.876362E1	1.085488E-2
3.666667E1	4.882393E1	2.424225E-3
3.670000E1	4.893272E1	-6.548528E-3
3.673333E1	4.897796E1	4.056075E-3
3.676667E1	4.908979E1	-2.233069E-4
3.680000E1	4.914344E1	-8.789026E-3
3.683333E1	4.926334E1	-1.625606E-2
3.686667E1	4.942398E1	-4.950679E-2
3.690000E1	4.949145E1	-6.295457E-2
3.693333E1	4.964322E1	-7.379167E-2
3.696667E1	4.971457E1	-8.967497E-2
3.700000E1	4.981943E1	-8.776259E-2
3.703333E1	4.990407E1	-9.747864E-2
3.706667E1	4.991338E1	-8.579479E-2
3.710000E1	4.996506E1	-9.867149E-2
3.713333E1	5.001236E1	-1.180760E-1
3.716667E1	5.005439E1	-1.339396E-1
3.720000E1	5.011280E1	-1.409776E-1
3.723333E1	5.013341E1	-1.363838E-1
3.726667E1	5.017484E1	-1.339280E-1
3.730000E1	5.020503E1	-1.263355E-1
3.733333E1	5.023835E1	-1.350508E-1
3.736667E1	5.030966E1	-1.329114E-1
3.740000E1	5.032984E1	-1.309302E-1
3.743333E1	5.037283E1	-1.280449E-1
3.746667E1	5.040827E1	-1.204014E-1
3.750000E1	5.044152E1	-1.270662E-1
3.753333E1	5.048320E1	-1.241259E-1
3.756667E1	5.047846E1	-1.292492E-1
3.760000E1	5.047005E1	-1.316230E-1
3.763333E1	5.046164E1	-1.330157E-1
3.766667E1	5.043171E1	-1.236906E-1
3.770000E1	5.037732E1	-9.106165E-2
3.773333E1	5.036130E1	-6.471291E-2
3.776667E1	5.032767E1	-4.813091E-2
3.780000E1	5.030465E1	-4.919204E-2
3.783333E1	5.026362E1	-2.613583E-2
3.786667E1	5.021091E1	3.879123E-3
3.790000E1	5.021098E1	9.185533E-3
3.793333E1	5.017752E1	3.283233E-2
3.796667E1	5.015112E1	3.565869E-2
3.800000E1	5.011614E1	4.020968E-2
3.803333E1	5.005097E1	7.671291E-2
3.806667E1	5.002911E1	8.174173E-2
3.810000E1	5.001362E1	7.898087E-2
3.813333E1	5.001477E1	7.986616E-2
3.816667E1	5.002128E1	7.851992E-2
3.820000E1	5.005642E1	8.681276E-2
3.823333E1	5.006332E1	8.547833E-2
3.826667E1	5.010057E1	7.724796E-2
3.830000E1	5.014525E1	6.934887E-2
3.833333E1	5.021493E1	6.759116E-2
3.836667E1	5.031990E1	7.978697E-2
3.840000E1	5.034792E1	7.952675E-2
3.843333E1	5.043917E1	7.255481E-2
3.846667E1	5.051668E1	5.255839E-2
3.850000E1	5.062894E1	4.685412E-2
3.853333E1	5.080297E1	1.377495E-2
3.856667E1	5.087125E1	-9.305936E-3
3.860000E1	5.102544E1	-6.947744E-3
3.863333E1	5.106809E1	-1.656176E-2
3.866667E1	5.114372E1	-2.336931E-2
3.870000E1	5.120985E1	-2.534888E-2
3.873333E1	5.122135E1	-3.032628E-2
3.876667E1	5.129020E1	-2.463816E-2
3.880000E1	5.131685E1	-6.824914E-2
3.883333E1	5.135333E1	-7.972495E-2
3.886667E1	5.140194E1	-9.762417E-2
3.890000E1	5.141888E1	-8.534557E-2
3.893333E1	5.144956E1	-8.982787E-2
3.896667E1	5.147782E1	-8.205421E-2
3.900000E1	5.150162E1	-7.624509E-2
3.903333E1	5.153147E1	-8.730173E-2
3.906667E1	5.154994E1	-8.169526E-2
3.910000E1	5.156479E1	-7.563706E-2
3.913333E1	5.156101E1	-7.431623E-2
3.916667E1	5.156811E1	-6.702812E-2
3.920000E1	5.156222E1	-6.441758E-2
3.923333E1	5.155067E1	-7.318993E-2
3.926667E1	5.151109E1	-7.704650E-2
3.930000E1	5.148420E1	-6.876679E-2
3.933333E1	5.140928E1	-6.188330E-2
3.936667E1	5.131150E1	-3.981360E-2
3.940000E1	5.126660E1	-2.660078E-2
3.943333E1	5.118188E1	6.419454E-4
3.946667E1	5.115515E1	2.523337E-4
3.950000E1	5.109697E1	1.336981E-2
3.953333E1	5.101960E1	2.924076E-2
3.956667E1	5.099120E1	2.758337E-2
3.960000E1	5.089269E1	2.327468E-2
3.963333E1	5.084472E1	4.887576E-2
3.966667E1	5.076272E1	7.036474E-2
3.970000E1	5.066622E1	8.902526E-2
3.973333E1	5.064506E1	7.920185E-2
3.976667E1	5.060617E1	8.436526E-2
3.980000E1	5.058661E1	7.945163E-2
3.983333E1	5.057921E1	7.763539E-2
3.986667E1	5.058374E1	8.550553E-2
3.990000E1	5.059279E1	8.409936E-2
3.993333E1	5.060884E1	8.418262E-2
3.996667E1	5.061964E1	8.596218E-2
4.000000E1	5.065303E1	7.424294E-2
4.003333E1	5.072275E1	8.043197E-2
4.006667E1	5.074863E1	8.075427E-2
4.010000E1	5.080773E1	7.377249E-2
4.013333E1	5.085735E1	7.112016E-2
4.016667E1	5.091036E1	5.267091E-2
4.020000E1	5.098168E1	4.030148E-2
4.023333E1	5.104155E1	3.522656E-2
4.026667E1	5.112264E1	2.954880E-3
4.030000E1	5.114699E1	5.750756E-3
4.033333E1	5.119725E1	-1.163609E-2
4.036667E1	5.122376E1	-2.238423E-2
4.040000E1	5.125324E1	-1.534870E-2
4.043333E1	5.126533E1	-1.935616E-2
4.046667E1	5.126397E1	-2.199936E-2
4.050000E1	5.126162E1	-3.297269E-2
4.053333E1	5.125982E1	-2.316297E-2
4.056667E1	5.126253E1	-1.693033E-2
4.060000E1	5.126349E1	-9.204333E-3
4.063333E1	5.126301E1	-4.284803E-3
4.066667E1	5.125885E1	-5.460508E-3
4.070000E1	5.125115E1	-3.825037E-3
4.073333E1	5.125100E1	-4.614905E-3
4.076667E1	5.124377E1	-3.445028E-3
4.080000E1	5.124472E1	-3.742791E-4
4.083333E1	5.122235E1	6.288448E-3
4.086667E1	5.120945E1	1.280005E-2
4.090000E1	5.116678E1	4.012084E-3
4.093333E1	5.110721E1	4.883142E-3
4.096667E1	5.107685E1	3.073155E-3
4.100000E1	5.094869E1	1.450853E-2
4.103333E1	5.086436E1	2.153770E-2
4.106667E1	5.077333E1	5.407354E-2
4.110000E1	5.065723E1	7.972741E-2
4.113333E1	5.063165E1	9.566088E-2
4.116667E1	5.048913E1	1.062116E-1
4.120000E1	5.039432E1	1.021639E-1
4.123333E1	5.032729E1	9.896343E-2
4.126667E1	5.023180E1	9.079848E-2
4.130000E1	5.019621E1	1.058488E-1
4.133333E1	5.007884E1	9.430493E-2
4.136667E1	5.002042E1	9.582355E-2
4.140000E1	4.997732E1	9.116951E-2
4.143333E1	4.990132E1	8.641425E-2
4.146667E1	4.987686E1	8.747463E-2
4.150000E1	4.985439E1	7.944174E-2
4.153333E1	4.986066E1	8.907418E-2
4.156667E1	4.987540E1	9.075605E-2
4.160000E1	4.989270E1	8.266445E-2
4.163333E1	4.989493E1	7.630406E-2
4.166667E1	4.994883E1	6.539265E-2
4.170000E1	5.000434E1	6.837460E-2
4.173333E1	5.003840E1	8.131841E-2
4.176667E1	5.010368E1	7.300000E-2
4.180000E1	5.013512E1	7.849441E-2
4.183333E1	5.018787E1	4.186893E-2
4.186667E1	5.021823E1	2.042364E-2
