	masse A		
t	x	y	
0.000000E0	-5.336263E-3	-3.552714E-15
3.333333E-2	1.151444E-3	2.275370E-3
6.666667E-2	-5.726845E-4	2.165021E-3
1.000000E-1	-1.132882E-2	-1.533745E-3
1.333333E-1	-2.249368E-2	-5.239615E-3
1.666667E-1	-5.768549E-2	-1.121184E-3
2.000000E-1	-1.538361E-1	-1.348569E-2
2.333333E-1	-1.728118E-1	-1.633476E-2
2.666667E-1	-2.505626E-1	-1.681959E-2
3.000000E-1	-2.863344E-1	-2.042932E-2
3.333333E-1	-3.307484E-1	-1.952449E-2
3.666667E-1	-4.141125E-1	-2.846535E-2
4.000000E-1	-4.352313E-1	-2.971102E-2
4.333333E-1	-4.547157E-1	-3.823611E-2
4.666667E-1	-4.643097E-1	-7.728267E-2
5.000000E-1	-4.599062E-1	-8.635789E-2
5.333333E-1	-4.533695E-1	-9.085852E-2
5.666667E-1	-4.455580E-1	-8.673675E-2
6.000000E-1	-4.324681E-1	-8.113930E-2
6.333333E-1	-4.260156E-1	-7.954618E-2
6.666667E-1	-4.072970E-1	-7.248357E-2
7.000000E-1	-3.324004E-1	-7.386202E-2
7.333333E-1	-3.041488E-1	-8.009601E-2
7.666667E-1	-2.054123E-1	-7.548333E-2
8.000000E-1	-1.643034E-1	-7.552409E-2
8.333333E-1	-7.884086E-2	-6.096200E-2
8.666667E-1	6.913054E-2	-5.709977E-2
9.000000E-1	1.320317E-1	-6.350745E-2
9.333333E-1	2.820141E-1	-6.088911E-2
9.666667E-1	3.648369E-1	-5.468108E-2
1.000000E0	4.805533E-1	-4.972190E-2
1.033333E0	6.336018E-1	-3.617126E-2
1.066667E0	6.698826E-1	-4.359597E-2
1.100000E0	7.569532E-1	-4.684015E-2
1.133333E0	8.217384E-1	-3.698969E-2
1.166667E0	8.991785E-1	-4.277442E-2
1.200000E0	9.921076E-1	-4.444620E-2
1.233333E0	1.017172E0	-5.162942E-2
1.266667E0	1.077385E0	-5.480369E-2
1.300000E0	1.120504E0	-4.675509E-2
1.333333E0	1.172740E0	-4.942808E-2
1.366667E0	1.227225E0	-5.517841E-2
1.400000E0	1.248733E0	-6.118030E-2
1.433333E0	1.285347E0	-6.387603E-2
1.466667E0	1.311728E0	-6.557650E-2
1.500000E0	1.343797E0	-6.598550E-2
1.533333E0	1.409686E0	-6.383813E-2
1.566667E0	1.433127E0	-6.639365E-2
1.600000E0	1.472661E0	-6.895310E-2
1.633333E0	1.509389E0	-7.188025E-2
1.666667E0	1.541536E0	-6.769806E-2
1.700000E0	1.574705E0	-6.339597E-2
1.733333E0	1.573429E0	-6.198979E-2
1.766667E0	1.565196E0	-6.527082E-2
1.800000E0	1.563287E0	-6.929168E-2
1.833333E0	1.539135E0	-8.305640E-2
1.866667E0	1.477354E0	-9.273651E-2
1.900000E0	1.462201E0	-8.772457E-2
1.933333E0	1.416405E0	-9.222840E-2
1.966667E0	1.403762E0	-8.962312E-2
2.000000E0	1.366964E0	-8.588916E-2
2.033333E0	1.296043E0	-9.635419E-2
2.066667E0	1.278151E0	-9.475282E-2
2.100000E0	1.240128E0	-1.024084E-1
2.133333E0	1.205965E0	-1.224654E-1
2.166667E0	1.180823E0	-1.435922E-1
2.200000E0	1.164659E0	-1.416227E-1
2.233333E0	1.153133E0	-1.432843E-1
2.266667E0	1.143419E0	-1.422524E-1
2.300000E0	1.139249E0	-1.402193E-1
2.333333E0	1.146139E0	-1.360751E-1
2.366667E0	1.170184E0	-1.359811E-1
2.400000E0	1.177144E0	-1.377816E-1
2.433333E0	1.224539E0	-1.395893E-1
2.466667E0	1.268871E0	-1.388347E-1
2.500000E0	1.315066E0	-1.273854E-1
2.533333E0	1.425610E0	-1.242296E-1
2.566667E0	1.461601E0	-1.287365E-1
2.600000E0	1.572545E0	-1.328350E-1
2.633333E0	1.662170E0	-1.187534E-1
2.666667E0	1.744415E0	-1.159732E-1
2.700000E0	1.858081E0	-8.023683E-2
2.733333E0	1.882245E0	-5.938029E-2
2.766667E0	1.978830E0	-2.760152E-2
2.800000E0	2.012896E0	-5.789660E-3
2.833333E0	2.056658E0	6.398482E-3
2.866667E0	2.130332E0	1.772674E-2
2.900000E0	2.149189E0	1.651279E-2
2.933333E0	2.187724E0	2.704053E-2
2.966667E0	2.227462E0	3.410223E-2
3.000000E0	2.264195E0	3.055164E-2
3.033333E0	2.308070E0	2.602491E-2
3.066667E0	2.314877E0	2.206800E-2
3.100000E0	2.342722E0	1.854308E-2
3.133333E0	2.371273E0	1.902035E-2
3.166667E0	2.395643E0	1.805659E-2
3.200000E0	2.430471E0	1.468882E-2
3.233333E0	2.447287E0	1.240847E-2
3.266667E0	2.481906E0	8.883415E-3
3.300000E0	2.514281E0	9.588864E-3
3.333333E0	2.534224E0	8.250171E-3
3.366667E0	2.557174E0	1.045021E-2
3.400000E0	2.569070E0	9.205362E-3
3.433333E0	2.570859E0	2.918240E-3
3.466667E0	2.566990E0	-1.122032E-3
3.500000E0	2.552058E0	-1.267797E-2
3.533333E0	2.516359E0	-2.896549E-2
3.566667E0	2.491874E0	-2.280515E-2
3.600000E0	2.454933E0	-2.470613E-2
3.633333E0	2.427527E0	-3.076124E-2
3.666667E0	2.394921E0	-2.527977E-2
3.700000E0	2.350757E0	-6.398771E-2
3.733333E0	2.332545E0	-8.412805E-2
3.766667E0	2.312605E0	-1.018231E-1
3.800000E0	2.298946E0	-1.246515E-1
3.833333E0	2.289678E0	-1.456744E-1
3.866667E0	2.285231E0	-1.537936E-1
3.900000E0	2.288537E0	-1.518525E-1
3.933333E0	2.294305E0	-1.487618E-1
3.966667E0	2.297087E0	-1.468300E-1
4.000000E0	2.309422E0	-1.439536E-1
4.033333E0	2.360976E0	-1.477190E-1
4.066667E0	2.387273E0	-1.437865E-1
4.100000E0	2.450363E0	-1.428663E-1
4.133333E0	2.504765E0	-1.423501E-1
4.166667E0	2.580643E0	-1.434544E-1
4.200000E0	2.723420E0	-1.384767E-1
4.233333E0	2.777401E0	-1.393598E-1
4.266667E0	2.944663E0	-1.399618E-1
4.300000E0	3.027805E0	-1.398638E-1
4.333333E0	3.138151E0	-1.359913E-1
4.366667E0	3.295894E0	-1.164300E-1
4.400000E0	3.309497E0	-1.084625E-1
4.433333E0	3.378944E0	-1.053774E-1
4.466667E0	3.434094E0	-5.849312E-2
4.500000E0	3.506962E0	-5.848529E-2
4.533333E0	3.601184E0	-3.617280E-2
4.566667E0	3.619296E0	-3.925381E-2
4.600000E0	3.681765E0	-3.585482E-2
4.633333E0	3.714113E0	-2.405154E-3
4.666667E0	3.774975E0	2.074132E-3
4.700000E0	3.863036E0	6.884597E-3
4.733333E0	3.882199E0	7.718335E-3
4.766667E0	3.931356E0	4.014463E-3
4.800000E0	3.964836E0	7.532578E-3
4.833333E0	4.006952E0	3.046773E-3
4.866667E0	4.079167E0	-2.586454E-4
4.900000E0	4.103624E0	2.065446E-3
4.933333E0	4.159396E0	4.155669E-4
4.966667E0	4.185252E0	-2.288643E-3
5.000000E0	4.225918E0	-3.138647E-3
5.033333E0	4.284888E0	-2.096077E-4
5.066667E0	4.298683E0	2.083744E-3
5.100000E0	4.307502E0	-2.357998E-3
5.133333E0	4.308787E0	-8.316834E-3
5.166667E0	4.312097E0	-2.359736E-2
5.200000E0	4.302096E0	-4.133013E-2
5.233333E0	4.296949E0	-6.598983E-2
5.266667E0	4.287238E0	-8.607259E-2
5.300000E0	4.289439E0	-9.106136E-2
5.333333E0	4.282454E0	-1.066606E-1
5.366667E0	4.257605E0	-9.829938E-2
5.400000E0	4.238148E0	-1.041133E-1
5.433333E0	4.230989E0	-1.289531E-1
5.466667E0	4.222391E0	-1.546328E-1
5.500000E0	4.222674E0	-1.661291E-1
5.533333E0	4.233628E0	-1.615743E-1
5.566667E0	4.240435E0	-1.542004E-1
5.600000E0	4.253092E0	-1.507972E-1
5.633333E0	4.260053E0	-1.503480E-1
5.666667E0	4.290687E0	-1.568920E-1
5.700000E0	4.366445E0	-1.558392E-1
5.733333E0	4.398014E0	-1.493141E-1
5.766667E0	4.476529E0	-1.478267E-1
5.800000E0	4.528093E0	-1.533135E-1
5.833333E0	4.612895E0	-1.481969E-1
5.866667E0	4.764858E0	-1.403906E-1
5.900000E0	4.817222E0	-1.433467E-1
5.933333E0	4.992272E0	-1.398711E-1
5.966667E0	5.092135E0	-1.497819E-1
6.000000E0	5.219089E0	-1.440606E-1
6.033333E0	5.396123E0	-1.183838E-1
6.066667E0	5.432539E0	-1.255293E-1
6.100000E0	5.548975E0	-1.232699E-1
6.133333E0	5.599744E0	-8.821067E-2
6.166667E0	5.676789E0	-6.860683E-2
6.200000E0	5.787675E0	-4.778053E-2
6.233333E0	5.825151E0	-4.612613E-2
6.266667E0	5.901365E0	-5.219755E-2
6.300000E0	5.950841E0	-5.053740E-2
6.333333E0	6.015837E0	-5.752522E-2
6.366667E0	6.093833E0	-5.898274E-2
6.400000E0	6.116063E0	-6.190612E-2
6.433333E0	6.168518E0	-6.806740E-2
6.466667E0	6.205367E0	-7.307314E-2
6.500000E0	6.246534E0	-6.947941E-2
6.533333E0	6.325985E0	-7.427087E-2
6.566667E0	6.344100E0	-7.706916E-2
6.600000E0	6.393212E0	-7.518097E-2
6.633333E0	6.425142E0	-7.748701E-2
6.666667E0	6.492628E0	-8.427282E-2
6.700000E0	6.539999E0	-8.020617E-2
6.733333E0	6.563288E0	-7.681656E-2
6.766667E0	6.592990E0	-7.017556E-2
6.800000E0	6.609851E0	-6.859263E-2
6.833333E0	6.618738E0	-8.610941E-2
6.866667E0	6.621571E0	-1.000545E-1
6.900000E0	6.616374E0	-1.042552E-1
6.933333E0	6.618899E0	-1.158790E-1
6.966667E0	6.618298E0	-1.348388E-1
7.000000E0	6.608644E0	-1.566299E-1
7.033333E0	6.601613E0	-1.614384E-1
7.066667E0	6.600004E0	-1.662067E-1
7.100000E0	6.601602E0	-1.800650E-1
7.133333E0	6.602568E0	-2.118620E-1
7.166667E0	6.600317E0	-2.317443E-1
7.200000E0	6.603719E0	-2.307960E-1
7.233333E0	6.611273E0	-2.241258E-1
7.266667E0	6.621352E0	-2.182276E-1
7.300000E0	6.626123E0	-2.143607E-1
7.333333E0	6.672969E0	-2.192158E-1
7.366667E0	6.716983E0	-2.254192E-1
7.400000E0	6.771423E0	-2.161031E-1
7.433333E0	6.842608E0	-2.148595E-1
7.466667E0	6.868573E0	-2.235475E-1
7.500000E0	6.990226E0	-2.070662E-1
7.533333E0	7.067821E0	-2.013145E-1
7.566667E0	7.166281E0	-2.032253E-1
7.600000E0	7.316146E0	-2.119074E-1
7.633333E0	7.358115E0	-2.050891E-1
7.666667E0	7.511434E0	-2.026240E-1
7.700000E0	7.626655E0	-1.829005E-1
7.733333E0	7.670638E0	-1.822452E-1
7.766667E0	7.773022E0	-1.489487E-1
7.800000E0	7.806499E0	-1.290896E-1
7.833333E0	7.904707E0	-1.039120E-1
7.866667E0	7.972900E0	-7.222476E-2
7.900000E0	8.017264E0	-6.995978E-2
7.933333E0	8.094786E0	-6.691554E-2
7.966667E0	8.128566E0	-5.716910E-2
8.000000E0	8.199670E0	-4.814874E-2
8.033333E0	8.246664E0	-5.518476E-2
8.066667E0	8.269640E0	-6.006192E-2
8.100000E0	8.314662E0	-6.200326E-2
8.133333E0	8.338720E0	-6.022830E-2
8.166667E0	8.401218E0	-6.473535E-2
8.200000E0	8.451727E0	-6.697474E-2
8.233333E0	8.489908E0	-6.596880E-2
8.266667E0	8.550175E0	-6.651910E-2
8.300000E0	8.574517E0	-6.764195E-2
8.333333E0	8.637113E0	-7.408903E-2
8.366667E0	8.685301E0	-7.030864E-2
8.400000E0	8.708841E0	-6.617916E-2
8.433333E0	8.746767E0	-6.263287E-2
8.466667E0	8.761340E0	-6.423384E-2
8.500000E0	8.773340E0	-7.518972E-2
8.533333E0	8.778878E0	-9.531411E-2
8.566667E0	8.774549E0	-9.564446E-2
8.600000E0	8.773270E0	-9.843301E-2
8.633333E0	8.771294E0	-9.041998E-2
8.666667E0	8.772349E0	-1.062700E-1
8.700000E0	8.777260E0	-1.124292E-1
8.733333E0	8.771051E0	-1.413652E-1
8.766667E0	8.765866E0	-1.611117E-1
8.800000E0	8.767323E0	-1.650907E-1
8.833333E0	8.770999E0	-1.780980E-1
8.866667E0	8.782498E0	-1.701491E-1
8.900000E0	8.792730E0	-1.579197E-1
8.933333E0	8.823791E0	-1.731988E-1
8.966667E0	8.842202E0	-1.617980E-1
9.000000E0	8.904762E0	-1.643381E-1
9.033333E0	8.958375E0	-1.661313E-1
9.066667E0	9.039902E0	-1.574975E-1
9.100000E0	9.136666E0	-1.536090E-1
9.133333E0	9.165892E0	-1.626128E-1
9.166667E0	9.321409E0	-1.533454E-1
9.200000E0	9.435008E0	-1.487944E-1
9.233333E0	9.559080E0	-1.457692E-1
9.266667E0	9.710462E0	-1.480369E-1
9.300000E0	9.753449E0	-1.576885E-1
9.333333E0	9.947613E0	-1.492276E-1
9.366667E0	1.005818E1	-1.426337E-1
9.400000E0	1.011945E1	-1.344168E-1
9.433333E0	1.024473E1	-1.294180E-1
9.466667E0	1.030038E1	-1.192673E-1
9.500000E0	1.042371E1	-1.164254E-1
9.533333E0	1.050529E1	-1.162285E-1
9.566667E0	1.056603E1	-1.270629E-1
9.600000E0	1.065480E1	-1.269161E-1
9.633333E0	1.068315E1	-1.309192E-1
9.666667E0	1.079539E1	-1.185644E-1
9.700000E0	1.085506E1	-1.220037E-1
9.733333E0	1.089839E1	-1.331785E-1
9.766667E0	1.097542E1	-1.384520E-1
9.800000E0	1.101551E1	-1.335135E-1
9.833333E0	1.109585E1	-1.355688E-1
9.866667E0	1.115043E1	-1.374468E-1
9.900000E0	1.120243E1	-1.395169E-1
9.933333E0	1.129699E1	-1.397314E-1
9.966667E0	1.133021E1	-1.428123E-1
1.000000E1	1.144744E1	-1.416485E-1
1.003333E1	1.149627E1	-1.393633E-1
1.006667E1	1.154314E1	-1.403249E-1
1.010000E1	1.161928E1	-1.384385E-1
1.013333E1	1.164381E1	-1.309339E-1
1.016667E1	1.167872E1	-1.510420E-1
1.020000E1	1.171579E1	-1.517842E-1
1.023333E1	1.172641E1	-1.547170E-1
1.026667E1	1.174688E1	-1.721058E-1
1.030000E1	1.177699E1	-1.624098E-1
1.033333E1	1.180563E1	-1.727579E-1
1.036667E1	1.179942E1	-1.663998E-1
1.040000E1	1.179799E1	-1.655917E-1
1.043333E1	1.182950E1	-2.135156E-1
1.046667E1	1.184567E1	-2.295765E-1
1.050000E1	1.189835E1	-2.708964E-1
1.053333E1	1.193278E1	-2.769716E-1
1.056667E1	1.195123E1	-2.799527E-1
1.060000E1	1.199877E1	-2.874795E-1
1.063333E1	1.201499E1	-2.859970E-1
1.066667E1	1.208103E1	-2.853545E-1
1.070000E1	1.214731E1	-2.906390E-1
1.073333E1	1.220629E1	-2.903166E-1
1.076667E1	1.231483E1	-2.913178E-1
1.080000E1	1.235535E1	-2.907493E-1
1.083333E1	1.250931E1	-2.817536E-1
1.086667E1	1.262845E1	-2.814542E-1
1.090000E1	1.277675E1	-2.758993E-1
1.093333E1	1.293439E1	-2.811760E-1
1.096667E1	1.296557E1	-2.815892E-1
1.100000E1	1.316239E1	-2.731883E-1
1.103333E1	1.327489E1	-2.658895E-1
1.106667E1	1.333129E1	-2.531691E-1
1.110000E1	1.349248E1	-2.629074E-1
1.113333E1	1.353643E1	-2.172599E-1
1.116667E1	1.366587E1	-2.050872E-1
1.120000E1	1.376123E1	-2.072875E-1
1.123333E1	1.381002E1	-1.948060E-1
1.126667E1	1.392096E1	-1.926830E-1
1.130000E1	1.395924E1	-1.841652E-1
1.133333E1	1.406750E1	-1.907055E-1
1.136667E1	1.412840E1	-1.896659E-1
1.140000E1	1.419546E1	-1.990186E-1
1.143333E1	1.427390E1	-2.051854E-1
1.146667E1	1.430958E1	-1.975523E-1
1.150000E1	1.440152E1	-1.997006E-1
1.153333E1	1.446084E1	-1.978651E-1
1.156667E1	1.451091E1	-2.047694E-1
1.160000E1	1.459817E1	-2.050094E-1
1.163333E1	1.462947E1	-2.023719E-1
1.166667E1	1.475857E1	-2.049293E-1
1.170000E1	1.481624E1	-2.034819E-1
1.173333E1	1.485934E1	-2.053950E-1
1.176667E1	1.493645E1	-2.042966E-1
1.180000E1	1.496007E1	-1.990551E-1
1.183333E1	1.502803E1	-2.116950E-1
1.186667E1	1.506302E1	-2.226331E-1
1.190000E1	1.508793E1	-2.171613E-1
1.193333E1	1.510951E1	-2.177475E-1
1.196667E1	1.511176E1	-2.156117E-1
1.200000E1	1.515554E1	-2.457109E-1
1.203333E1	1.517696E1	-2.358711E-1
1.206667E1	1.518525E1	-2.320557E-1
1.210000E1	1.522293E1	-2.671661E-1
1.213333E1	1.523154E1	-2.860709E-1
1.216667E1	1.525755E1	-2.935372E-1
1.220000E1	1.528770E1	-3.036339E-1
1.223333E1	1.531994E1	-2.936081E-1
1.226667E1	1.536955E1	-2.924374E-1
1.230000E1	1.538735E1	-2.894049E-1
1.233333E1	1.545884E1	-2.884837E-1
1.236667E1	1.552182E1	-2.894950E-1
1.240000E1	1.557186E1	-2.893992E-1
1.243333E1	1.568237E1	-2.904855E-1
1.246667E1	1.572851E1	-2.910930E-1
1.250000E1	1.587391E1	-2.826163E-1
1.253333E1	1.598314E1	-2.766749E-1
1.256667E1	1.610822E1	-2.749182E-1
1.260000E1	1.625105E1	-2.834724E-1
1.263333E1	1.630619E1	-2.808427E-1
1.266667E1	1.649181E1	-2.748564E-1
1.270000E1	1.660043E1	-2.501284E-1
1.273333E1	1.670764E1	-2.193797E-1
1.276667E1	1.682813E1	-2.078308E-1
1.280000E1	1.685742E1	-2.000296E-1
1.283333E1	1.700401E1	-1.983579E-1
1.286667E1	1.709307E1	-1.923183E-1
1.290000E1	1.713193E1	-1.931485E-1
1.293333E1	1.721423E1	-1.942160E-1
1.296667E1	1.725439E1	-1.803735E-1
1.300000E1	1.736200E1	-1.872117E-1
1.303333E1	1.740927E1	-1.863749E-1
1.306667E1	1.743784E1	-2.016219E-1
1.310000E1	1.752256E1	-2.034301E-1
1.313333E1	1.754491E1	-1.945753E-1
1.316667E1	1.764427E1	-2.061719E-1
1.320000E1	1.770357E1	-2.010272E-1
1.323333E1	1.774411E1	-2.095039E-1
1.326667E1	1.783380E1	-2.060974E-1
1.330000E1	1.785251E1	-2.002185E-1
1.333333E1	1.797885E1	-2.055460E-1
1.336667E1	1.803671E1	-2.054354E-1
1.340000E1	1.808736E1	-2.008087E-1
1.343333E1	1.814129E1	-2.028244E-1
1.346667E1	1.814487E1	-2.101615E-1
1.350000E1	1.822444E1	-2.225641E-1
1.353333E1	1.825628E1	-2.164666E-1
1.356667E1	1.826229E1	-2.175666E-1
1.360000E1	1.827410E1	-2.190654E-1
1.363333E1	1.827011E1	-2.201108E-1
1.366667E1	1.828084E1	-2.267537E-1
1.370000E1	1.827889E1	-2.236411E-1
1.373333E1	1.827797E1	-2.289963E-1
1.376667E1	1.830304E1	-2.734310E-1
1.380000E1	1.832017E1	-2.848537E-1
1.383333E1	1.833631E1	-2.923712E-1
1.386667E1	1.836459E1	-2.926527E-1
1.390000E1	1.839672E1	-2.859500E-1
1.393333E1	1.842495E1	-2.797001E-1
1.396667E1	1.842912E1	-2.758789E-1
1.400000E1	1.849579E1	-2.753763E-1
1.403333E1	1.854141E1	-2.787622E-1
1.406667E1	1.859808E1	-2.782002E-1
1.410000E1	1.868653E1	-2.774136E-1
1.413333E1	1.871355E1	-2.662596E-1
1.416667E1	1.883796E1	-2.625375E-1
1.420000E1	1.894533E1	-2.740817E-1
1.423333E1	1.907928E1	-2.690443E-1
1.426667E1	1.919598E1	-2.767672E-1
1.430000E1	1.923126E1	-2.755974E-1
1.433333E1	1.939449E1	-2.645726E-1
1.436667E1	1.947056E1	-2.453947E-1
1.440000E1	1.951624E1	-2.100298E-1
1.443333E1	1.962358E1	-1.900209E-1
1.446667E1	1.964094E1	-1.685689E-1
1.450000E1	1.971813E1	-1.436331E-1
1.453333E1	1.976711E1	-1.304870E-1
1.456667E1	1.980188E1	-1.328329E-1
1.460000E1	1.986507E1	-1.241007E-1
1.463333E1	1.987413E1	-1.319362E-1
1.466667E1	1.995577E1	-1.251894E-1
1.470000E1	1.999663E1	-1.256621E-1
1.473333E1	2.000645E1	-1.307108E-1
1.476667E1	2.005054E1	-1.311333E-1
1.480000E1	2.007376E1	-1.317385E-1
1.483333E1	2.013027E1	-1.358165E-1
1.486667E1	2.017295E1	-1.368358E-1
1.490000E1	2.021178E1	-1.353929E-1
1.493333E1	2.026975E1	-1.379157E-1
1.496667E1	2.029510E1	-1.359672E-1
1.500000E1	2.034529E1	-1.411076E-1
1.503333E1	2.041462E1	-1.335803E-1
1.506667E1	2.042708E1	-1.324957E-1
1.510000E1	2.046222E1	-1.332092E-1
1.513333E1	2.049502E1	-1.337810E-1
1.516667E1	2.051994E1	-1.471250E-1
1.520000E1	2.056208E1	-1.524993E-1
1.523333E1	2.056149E1	-1.460762E-1
1.526667E1	2.056770E1	-1.458311E-1
1.530000E1	2.056933E1	-1.469009E-1
1.533333E1	2.057033E1	-1.544011E-1
1.536667E1	2.056614E1	-1.582179E-1
1.540000E1	2.056377E1	-1.577046E-1
1.543333E1	2.056218E1	-1.716777E-1
1.546667E1	2.056319E1	-1.793467E-1
1.550000E1	2.056799E1	-1.733860E-1
1.553333E1	2.058427E1	-1.592886E-1
1.556667E1	2.059044E1	-1.750438E-1
1.560000E1	2.064391E1	-1.588918E-1
1.563333E1	2.065324E1	-1.533946E-1
1.566667E1	2.068814E1	-1.599746E-1
1.570000E1	2.076187E1	-1.622660E-1
1.573333E1	2.079260E1	-1.526317E-1
1.576667E1	2.086304E1	-1.505872E-1
1.580000E1	2.091560E1	-1.520572E-1
1.583333E1	2.098928E1	-1.473469E-1
1.586667E1	2.112347E1	-1.484489E-1
1.590000E1	2.116585E1	-1.442779E-1
1.593333E1	2.131284E1	-1.430886E-1
1.596667E1	2.139852E1	-1.531607E-1
1.600000E1	2.149718E1	-1.422378E-1
1.603333E1	2.161829E1	-1.362460E-1
1.606667E1	2.164578E1	-1.342173E-1
1.610000E1	2.171644E1	-1.300248E-1
1.613333E1	2.175946E1	-1.211713E-1
1.616667E1	2.181315E1	-1.265783E-1
1.620000E1	2.188706E1	-1.218363E-1
1.623333E1	2.192030E1	-1.233528E-1
1.626667E1	2.196608E1	-1.277001E-1
1.630000E1	2.199871E1	-1.212194E-1
1.633333E1	2.202258E1	-1.207827E-1
1.636667E1	2.205135E1	-1.298131E-1
1.640000E1	2.206757E1	-1.321408E-1
1.643333E1	2.209533E1	-1.330773E-1
1.646667E1	2.210303E1	-1.393940E-1
1.650000E1	2.214169E1	-1.378517E-1
1.653333E1	2.218639E1	-1.389700E-1
1.656667E1	2.221517E1	-1.365225E-1
1.660000E1	2.226899E1	-1.384926E-1
1.663333E1	2.229631E1	-1.371063E-1
1.666667E1	2.233623E1	-1.393146E-1
1.670000E1	2.239904E1	-1.340308E-1
1.673333E1	2.241741E1	-1.338276E-1
1.676667E1	2.243623E1	-1.305923E-1
1.680000E1	2.244145E1	-1.300460E-1
1.683333E1	2.245234E1	-1.411167E-1
1.686667E1	2.245850E1	-1.483635E-1
1.690000E1	2.247991E1	-1.499433E-1
1.693333E1	2.249275E1	-1.521196E-1
1.696667E1	2.249582E1	-1.507533E-1
1.700000E1	2.249547E1	-1.557539E-1
1.703333E1	2.248315E1	-1.677614E-1
1.706667E1	2.248240E1	-1.637495E-1
1.710000E1	2.247801E1	-1.771083E-1
1.713333E1	2.248539E1	-1.910725E-1
1.716667E1	2.248855E1	-2.150197E-1
1.720000E1	2.249912E1	-2.163913E-1
1.723333E1	2.250372E1	-2.165498E-1
1.726667E1	2.251466E1	-2.152584E-1
1.730000E1	2.251429E1	-2.152171E-1
1.733333E1	2.253454E1	-2.236676E-1
1.736667E1	2.260713E1	-2.233353E-1
1.740000E1	2.264176E1	-2.192371E-1
1.743333E1	2.270889E1	-2.178624E-1
1.746667E1	2.274050E1	-2.119958E-1
1.750000E1	2.279640E1	-2.092693E-1
1.753333E1	2.289856E1	-2.124826E-1
1.756667E1	2.296044E1	-2.159241E-1
1.760000E1	2.310267E1	-2.133090E-1
1.763333E1	2.315078E1	-2.129654E-1
1.766667E1	2.321764E1	-2.085454E-1
1.770000E1	2.330885E1	-1.871747E-1
1.773333E1	2.331986E1	-1.966215E-1
1.776667E1	2.338133E1	-1.654878E-1
1.780000E1	2.340976E1	-1.428256E-1
1.783333E1	2.344301E1	-1.377013E-1
1.786667E1	2.349356E1	-1.302412E-1
1.790000E1	2.350897E1	-1.288829E-1
1.793333E1	2.354022E1	-1.302218E-1
1.796667E1	2.356859E1	-1.265156E-1
1.800000E1	2.358323E1	-1.266041E-1
1.803333E1	2.359933E1	-1.285935E-1
1.806667E1	2.359258E1	-1.316569E-1
1.810000E1	2.360277E1	-1.350273E-1
1.813333E1	2.360069E1	-1.370428E-1
1.816667E1	2.361334E1	-1.368264E-1
1.820000E1	2.368407E1	-1.371978E-1
1.823333E1	2.371132E1	-1.370998E-1
1.826667E1	2.374938E1	-1.382845E-1
1.830000E1	2.376865E1	-1.386166E-1
1.833333E1	2.382671E1	-1.407298E-1
1.836667E1	2.387508E1	-1.335791E-1
1.840000E1	2.387704E1	-1.351351E-1
1.843333E1	2.388664E1	-1.334004E-1
1.846667E1	2.388727E1	-1.341237E-1
1.850000E1	2.388174E1	-1.444833E-1
1.853333E1	2.389555E1	-1.556735E-1
1.856667E1	2.392375E1	-1.539240E-1
1.860000E1	2.393381E1	-1.539170E-1
1.863333E1	2.393713E1	-1.535273E-1
1.866667E1	2.393054E1	-1.543060E-1
1.870000E1	2.391820E1	-1.621191E-1
1.873333E1	2.391853E1	-1.642014E-1
1.876667E1	2.390860E1	-1.789567E-1
1.880000E1	2.391696E1	-1.866860E-1
1.883333E1	2.392228E1	-2.170677E-1
1.886667E1	2.392985E1	-2.229220E-1
1.890000E1	2.393232E1	-2.209908E-1
1.893333E1	2.394545E1	-2.180855E-1
1.896667E1	2.395190E1	-2.157937E-1
1.900000E1	2.396733E1	-2.253788E-1
1.903333E1	2.403028E1	-2.178463E-1
1.906667E1	2.404858E1	-2.248983E-1
1.910000E1	2.412438E1	-2.202350E-1
1.913333E1	2.415783E1	-2.145387E-1
1.916667E1	2.421941E1	-2.140389E-1
1.920000E1	2.432898E1	-2.091630E-1
1.923333E1	2.439326E1	-2.087517E-1
1.926667E1	2.450393E1	-2.144445E-1
1.930000E1	2.456940E1	-2.156790E-1
1.933333E1	2.464717E1	-2.107420E-1
1.936667E1	2.473044E1	-1.853337E-1
1.940000E1	2.474258E1	-1.876212E-1
1.943333E1	2.479180E1	-1.802914E-1
1.946667E1	2.482470E1	-1.633870E-1
1.950000E1	2.485362E1	-1.494087E-1
1.953333E1	2.491413E1	-1.382959E-1
1.956667E1	2.493910E1	-1.340141E-1
1.960000E1	2.497797E1	-1.366086E-1
1.963333E1	2.500410E1	-1.310986E-1
1.966667E1	2.503068E1	-1.277277E-1
1.970000E1	2.506105E1	-1.323193E-1
1.973333E1	2.507440E1	-1.331132E-1
1.976667E1	2.510322E1	-1.337881E-1
1.980000E1	2.511557E1	-1.413733E-1
1.983333E1	2.515425E1	-1.363811E-1
1.986667E1	2.521355E1	-1.386044E-1
1.990000E1	2.523365E1	-1.366248E-1
1.993333E1	2.528297E1	-1.417489E-1
1.996667E1	2.531746E1	-1.397403E-1
2.000000E1	2.535658E1	-1.412196E-1
2.003333E1	2.542165E1	-1.412492E-1
2.006667E1	2.544268E1	-1.385100E-1
2.010000E1	2.546964E1	-1.368117E-1
2.013333E1	2.547496E1	-1.388250E-1
2.016667E1	2.551482E1	-1.471446E-1
2.020000E1	2.555279E1	-1.635328E-1
2.023333E1	2.557234E1	-1.582109E-1
2.026667E1	2.558964E1	-1.609721E-1
2.030000E1	2.559562E1	-1.584442E-1
2.033333E1	2.560272E1	-1.632349E-1
2.036667E1	2.558735E1	-1.757986E-1
2.040000E1	2.558571E1	-1.717287E-1
2.043333E1	2.559354E1	-1.928837E-1
2.046667E1	2.558950E1	-2.269769E-1
2.050000E1	2.558974E1	-2.354192E-1
2.053333E1	2.560142E1	-2.317192E-1
2.056667E1	2.560460E1	-2.268486E-1
2.060000E1	2.562536E1	-2.409249E-1
2.063333E1	2.565717E1	-2.315794E-1
2.066667E1	2.568058E1	-2.266092E-1
2.070000E1	2.574431E1	-2.275730E-1
2.073333E1	2.577014E1	-2.383797E-1
2.076667E1	2.586109E1	-2.240408E-1
2.080000E1	2.589926E1	-2.159128E-1
2.083333E1	2.596364E1	-2.184488E-1
2.086667E1	2.609478E1	-2.122829E-1
2.090000E1	2.615145E1	-2.184646E-1
2.093333E1	2.629250E1	-2.151175E-1
2.096667E1	2.633888E1	-2.245602E-1
2.100000E1	2.643808E1	-2.153920E-1
2.103333E1	2.654731E1	-1.908135E-1
2.106667E1	2.656786E1	-1.993086E-1
2.110000E1	2.660145E1	-1.926276E-1
2.113333E1	2.660502E1	-1.980957E-1
2.116667E1	2.665425E1	-2.005215E-1
2.120000E1	2.675123E1	-1.674884E-1
2.123333E1	2.675681E1	-1.526973E-1
2.126667E1	2.680256E1	-1.438175E-1
2.130000E1	2.684183E1	-1.446200E-1
2.133333E1	2.687996E1	-1.400114E-1
2.136667E1	2.691235E1	-1.413443E-1
2.140000E1	2.691571E1	-1.465688E-1
2.143333E1	2.697100E1	-1.448289E-1
2.146667E1	2.698807E1	-1.440985E-1
2.150000E1	2.703204E1	-1.443633E-1
2.153333E1	2.709300E1	-1.451126E-1
2.156667E1	2.712188E1	-1.477728E-1
2.160000E1	2.717219E1	-1.486435E-1
2.163333E1	2.721112E1	-1.511362E-1
2.166667E1	2.728229E1	-1.538877E-1
2.170000E1	2.736150E1	-1.509561E-1
2.173333E1	2.738451E1	-1.468679E-1
2.176667E1	2.743477E1	-1.483497E-1
2.180000E1	2.746164E1	-1.469125E-1
2.183333E1	2.749790E1	-1.557793E-1
2.186667E1	2.755107E1	-1.662199E-1
2.190000E1	2.754605E1	-1.575745E-1
2.193333E1	2.757330E1	-1.714451E-1
2.196667E1	2.760085E1	-1.698194E-1
2.200000E1	2.761672E1	-1.717670E-1
2.203333E1	2.762040E1	-1.726213E-1
2.206667E1	2.761721E1	-1.708714E-1
2.210000E1	2.763082E1	-1.835610E-1
2.213333E1	2.761804E1	-2.258855E-1
2.216667E1	2.762383E1	-2.353517E-1
2.220000E1	2.766835E1	-2.542851E-1
2.223333E1	2.767913E1	-2.729191E-1
2.226667E1	2.771391E1	-2.873400E-1
2.230000E1	2.774218E1	-2.858918E-1
2.233333E1	2.777035E1	-2.809545E-1
2.236667E1	2.783230E1	-2.848347E-1
2.240000E1	2.785696E1	-2.931067E-1
2.243333E1	2.793792E1	-2.895930E-1
2.246667E1	2.799388E1	-2.906069E-1
2.250000E1	2.808110E1	-2.843187E-1
2.253333E1	2.820055E1	-2.728591E-1
2.256667E1	2.824625E1	-2.831538E-1
2.260000E1	2.835507E1	-2.811857E-1
2.263333E1	2.841727E1	-2.803038E-1
2.266667E1	2.847762E1	-2.719602E-1
2.270000E1	2.854842E1	-2.495612E-1
2.273333E1	2.857275E1	-2.281612E-1
2.276667E1	2.862795E1	-1.913210E-1
2.280000E1	2.866004E1	-1.815164E-1
2.283333E1	2.871350E1	-1.934166E-1
2.286667E1	2.875563E1	-1.661629E-1
2.290000E1	2.876351E1	-1.470698E-1
2.293333E1	2.878917E1	-1.367897E-1
2.296667E1	2.882304E1	-1.270869E-1
2.300000E1	2.884135E1	-1.271801E-1
2.303333E1	2.886837E1	-1.315539E-1
2.306667E1	2.888407E1	-1.321782E-1
2.310000E1	2.890689E1	-1.334248E-1
2.313333E1	2.891463E1	-1.342227E-1
2.316667E1	2.893314E1	-1.359546E-1
2.320000E1	2.902559E1	-1.325074E-1
2.323333E1	2.904364E1	-1.338765E-1
2.326667E1	2.908144E1	-1.391919E-1
2.330000E1	2.911474E1	-1.372156E-1
2.333333E1	2.918653E1	-1.412639E-1
2.336667E1	2.923710E1	-1.356530E-1
2.340000E1	2.926986E1	-1.301479E-1
2.343333E1	2.931023E1	-1.276111E-1
2.346667E1	2.933075E1	-1.304993E-1
2.350000E1	2.937289E1	-1.416183E-1
2.353333E1	2.941929E1	-1.486837E-1
2.356667E1	2.942566E1	-1.479914E-1
2.360000E1	2.944937E1	-1.555060E-1
2.363333E1	2.946661E1	-1.534005E-1
2.366667E1	2.949002E1	-1.606737E-1
2.370000E1	2.948473E1	-1.577507E-1
2.373333E1	2.948179E1	-1.588453E-1
2.376667E1	2.948066E1	-1.665939E-1
2.380000E1	2.947649E1	-1.714137E-1
2.383333E1	2.949146E1	-1.848379E-1
2.386667E1	2.949542E1	-2.028386E-1
2.390000E1	2.951218E1	-2.213963E-1
2.393333E1	2.955088E1	-2.145605E-1
2.396667E1	2.955347E1	-2.139555E-1
2.400000E1	2.959811E1	-2.183448E-1
2.403333E1	2.961897E1	-2.137929E-1
2.406667E1	2.966782E1	-2.189208E-1
2.410000E1	2.974522E1	-2.176972E-1
2.413333E1	2.976635E1	-2.110509E-1
2.416667E1	2.986099E1	-2.138203E-1
2.420000E1	2.994143E1	-2.113319E-1
2.423333E1	3.001964E1	-2.076805E-1
2.426667E1	3.012419E1	-2.126469E-1
2.430000E1	3.015568E1	-2.148084E-1
2.433333E1	3.025694E1	-2.047533E-1
2.436667E1	3.030747E1	-1.888862E-1
2.440000E1	3.032762E1	-1.787623E-1
2.443333E1	3.037882E1	-1.373291E-1
2.446667E1	3.040093E1	-1.270431E-1
2.450000E1	3.044532E1	-1.244570E-1
2.453333E1	3.045963E1	-1.072191E-1
2.456667E1	3.047466E1	-7.499135E-2
2.460000E1	3.049568E1	-6.173331E-2
2.463333E1	3.049112E1	-5.761149E-2
2.466667E1	3.050822E1	-5.152595E-2
2.470000E1	3.053917E1	-5.223868E-2
2.473333E1	3.054775E1	-5.665905E-2
2.476667E1	3.055964E1	-5.844676E-2
2.480000E1	3.055647E1	-6.027270E-2
2.483333E1	3.059352E1	-6.435702E-2
2.486667E1	3.063512E1	-6.450037E-2
2.490000E1	3.065816E1	-6.536739E-2
2.493333E1	3.072438E1	-6.986402E-2
2.496667E1	3.075407E1	-7.092259E-2
2.500000E1	3.082648E1	-6.994143E-2
2.503333E1	3.087987E1	-7.028314E-2
2.506667E1	3.089637E1	-6.480753E-2
2.510000E1	3.092273E1	-6.313875E-2
2.513333E1	3.093125E1	-6.271381E-2
2.516667E1	3.097368E1	-8.625653E-2
2.520000E1	3.101610E1	-1.007503E-1
2.523333E1	3.104223E1	-9.658468E-2
2.526667E1	3.106283E1	-9.774131E-2
2.530000E1	3.105996E1	-9.512495E-2
2.533333E1	3.108548E1	-1.241945E-1
2.536667E1	3.110872E1	-1.431952E-1
2.540000E1	3.111352E1	-1.536184E-1
2.543333E1	3.111590E1	-1.725823E-1
2.546667E1	3.111440E1	-1.783349E-1
2.550000E1	3.112164E1	-1.993489E-1
2.553333E1	3.112405E1	-2.162133E-1
2.556667E1	3.112696E1	-2.164530E-1
2.560000E1	3.113203E1	-2.171331E-1
2.563333E1	3.113169E1	-2.153971E-1
2.566667E1	3.116289E1	-2.231477E-1
2.570000E1	3.119428E1	-2.194654E-1
2.573333E1	3.121064E1	-2.149642E-1
2.576667E1	3.124952E1	-2.147345E-1
2.580000E1	3.127092E1	-2.105837E-1
2.583333E1	3.133416E1	-2.113824E-1
2.586667E1	3.138332E1	-2.117665E-1
2.590000E1	3.142956E1	-2.085049E-1
2.593333E1	3.148709E1	-2.100640E-1
2.596667E1	3.150517E1	-2.053779E-1
2.600000E1	3.155974E1	-1.993817E-1
2.603333E1	3.158164E1	-1.844683E-1
2.606667E1	3.156754E1	-1.765374E-1
2.610000E1	3.157277E1	-1.376498E-1
2.613333E1	3.156578E1	-1.301856E-1
2.616667E1	3.155880E1	-1.221223E-1
2.620000E1	3.155322E1	-1.177851E-1
2.623333E1	3.154707E1	-1.176722E-1
2.626667E1	3.153489E1	-1.076349E-1
2.630000E1	3.153787E1	-7.719088E-2
2.633333E1	3.152433E1	-5.927568E-2
2.636667E1	3.151273E1	-5.297193E-2
2.640000E1	3.151304E1	-5.662975E-2
2.643333E1	3.149789E1	-5.040642E-2
2.646667E1	3.147730E1	-5.404660E-2
2.650000E1	3.146505E1	-5.469197E-2
2.653333E1	3.146428E1	-5.308729E-2
2.656667E1	3.146997E1	-5.610379E-2
2.660000E1	3.147154E1	-5.769943E-2
2.663333E1	3.147222E1	-5.839010E-2
2.666667E1	3.148439E1	-6.054163E-2
2.670000E1	3.148650E1	-5.397027E-2
2.673333E1	3.148017E1	-5.023336E-2
2.676667E1	3.147673E1	-4.615237E-2
2.680000E1	3.147430E1	-5.024544E-2
2.683333E1	3.146347E1	-6.376482E-2
2.686667E1	3.146400E1	-7.366779E-2
2.690000E1	3.145550E1	-7.633335E-2
2.693333E1	3.143900E1	-7.522426E-2
2.696667E1	3.141283E1	-7.757323E-2
2.700000E1	3.136057E1	-7.852902E-2
2.703333E1	3.132604E1	-8.112353E-2
2.706667E1	3.130632E1	-8.841637E-2
2.710000E1	3.125955E1	-9.204044E-2
2.713333E1	3.123767E1	-1.044246E-1
2.716667E1	3.120060E1	-1.130847E-1
2.720000E1	3.117651E1	-1.343070E-1
2.723333E1	3.116710E1	-1.397973E-1
2.726667E1	3.115128E1	-1.340879E-1
2.730000E1	3.112581E1	-1.376564E-1
2.733333E1	3.110388E1	-1.390503E-1
2.736667E1	3.109979E1	-1.390672E-1
2.740000E1	3.110664E1	-1.401631E-1
2.743333E1	3.111648E1	-1.377520E-1
2.746667E1	3.112010E1	-1.367653E-1
2.750000E1	3.113689E1	-1.240307E-1
2.753333E1	3.115119E1	-1.118649E-1
2.756667E1	3.115803E1	-1.303664E-1
2.760000E1	3.119726E1	-1.277531E-1
2.763333E1	3.119982E1	-1.275252E-1
2.766667E1	3.120559E1	-1.204025E-1
2.770000E1	3.119395E1	-1.127565E-1
2.773333E1	3.118377E1	-1.103595E-1
2.776667E1	3.116018E1	-9.277243E-2
2.780000E1	3.116312E1	-6.670033E-2
2.783333E1	3.115098E1	-4.539847E-2
2.786667E1	3.106456E1	-3.200511E-2
2.790000E1	3.103729E1	-9.503373E-3
2.793333E1	3.101518E1	-2.003748E-3
2.796667E1	3.101242E1	3.093326E-3
2.800000E1	3.096428E1	1.181473E-2
2.803333E1	3.093317E1	1.403092E-2
2.806667E1	3.089904E1	9.119628E-3
2.810000E1	3.087555E1	6.276461E-3
2.813333E1	3.087591E1	4.199266E-3
2.816667E1	3.086849E1	3.418016E-3
2.820000E1	3.087873E1	4.741371E-3
2.823333E1	3.088478E1	5.702006E-4
2.826667E1	3.088869E1	-2.734608E-3
2.830000E1	3.089100E1	-1.264020E-3
2.833333E1	3.090076E1	-5.258691E-4
2.836667E1	3.090270E1	1.224662E-3
2.840000E1	3.089978E1	2.060548E-3
2.843333E1	3.089835E1	-2.126043E-3
2.846667E1	3.089543E1	-2.506912E-3
2.850000E1	3.089338E1	-1.665933E-2
2.853333E1	3.089513E1	-2.129885E-2
2.856667E1	3.088969E1	-1.742107E-2
2.860000E1	3.088498E1	-1.913578E-2
2.863333E1	3.088907E1	-1.680534E-2
2.866667E1	3.087573E1	-1.894807E-2
2.870000E1	3.087301E1	-1.283679E-2
2.873333E1	3.087788E1	-1.190171E-2
2.876667E1	3.087464E1	-2.692584E-2
2.880000E1	3.088364E1	-2.736262E-2
2.883333E1	3.088305E1	-3.144999E-2
2.886667E1	3.089432E1	-2.613512E-2
2.890000E1	3.089659E1	-2.557395E-2
2.893333E1	3.089986E1	-2.123352E-2
2.896667E1	3.090032E1	-1.896783E-2
2.900000E1	3.091895E1	-2.837689E-2
2.903333E1	3.092897E1	-3.530754E-2
2.906667E1	3.094324E1	-2.497431E-2
2.910000E1	3.102217E1	-1.787371E-2
2.913333E1	3.104557E1	-1.834493E-2
2.916667E1	3.110937E1	-1.061525E-2
2.920000E1	3.117033E1	-1.272593E-2
2.923333E1	3.121015E1	-1.587731E-2
2.926667E1	3.128645E1	-1.382614E-2
2.930000E1	3.131074E1	-1.538162E-2
2.933333E1	3.136657E1	-1.026433E-2
2.936667E1	3.137052E1	-3.179111E-3
2.940000E1	3.140469E1	1.258930E-3
2.943333E1	3.142961E1	-3.460359E-3
2.946667E1	3.141818E1	-7.951835E-3
2.950000E1	3.144641E1	-9.903963E-3
2.953333E1	3.147284E1	-1.134550E-2
2.956667E1	3.148453E1	-1.416221E-2
2.960000E1	3.149751E1	-1.644016E-2
2.963333E1	3.149256E1	-1.657407E-2
2.966667E1	3.151024E1	-1.888068E-2
2.970000E1	3.151182E1	-2.198702E-2
2.973333E1	3.150691E1	-1.982867E-2
2.976667E1	3.152186E1	-2.515552E-2
2.980000E1	3.155050E1	-2.250798E-2
2.983333E1	3.161847E1	-2.946847E-2
2.986667E1	3.166548E1	-2.956843E-2
2.990000E1	3.171411E1	-2.175324E-2
2.993333E1	3.178360E1	-2.439608E-2
2.996667E1	3.182385E1	-5.379199E-2
3.000000E1	3.193047E1	-8.630562E-2
3.003333E1	3.198399E1	-9.177092E-2
3.006667E1	3.203569E1	-1.064866E-1
3.010000E1	3.212269E1	-9.487500E-2
3.013333E1	3.214835E1	-9.581174E-2
3.016667E1	3.225129E1	-1.395118E-1
3.020000E1	3.232640E1	-1.706202E-1
3.023333E1	3.236976E1	-1.703342E-1
3.026667E1	3.245034E1	-1.727111E-1
3.030000E1	3.249181E1	-1.745382E-1
3.033333E1	3.257831E1	-1.763845E-1
3.036667E1	3.261787E1	-1.743142E-1
3.040000E1	3.264448E1	-1.781505E-1
3.043333E1	3.270121E1	-2.207053E-1
3.046667E1	3.272256E1	-2.322384E-1
3.050000E1	3.278800E1	-2.534687E-1
3.053333E1	3.284218E1	-2.824472E-1
3.056667E1	3.288485E1	-2.926224E-1
3.060000E1	3.297548E1	-2.945084E-1
3.063333E1	3.301091E1	-2.945811E-1
3.066667E1	3.310986E1	-3.018574E-1
3.070000E1	3.320287E1	-3.002864E-1
3.073333E1	3.327960E1	-3.026453E-1
3.076667E1	3.338689E1	-3.011181E-1
3.080000E1	3.344047E1	-3.024405E-1
3.083333E1	3.357594E1	-2.901040E-1
3.086667E1	3.368775E1	-2.894569E-1
3.090000E1	3.376933E1	-2.961989E-1
3.093333E1	3.391979E1	-2.923815E-1
3.096667E1	3.397531E1	-2.935722E-1
3.100000E1	3.411118E1	-2.809789E-1
3.103333E1	3.420191E1	-2.789146E-1
3.106667E1	3.423752E1	-2.848915E-1
3.110000E1	3.431819E1	-2.777415E-1
3.113333E1	3.435023E1	-2.819394E-1
3.116667E1	3.445932E1	-2.821409E-1
3.120000E1	3.449104E1	-2.829680E-1
3.123333E1	3.451993E1	-2.839986E-1
3.126667E1	3.460664E1	-2.836546E-1
3.130000E1	3.463886E1	-2.819711E-1
3.133333E1	3.471031E1	-2.779427E-1
3.136667E1	3.476537E1	-2.797361E-1
3.140000E1	3.479215E1	-2.825090E-1
3.143333E1	3.485527E1	-2.837820E-1
3.146667E1	3.489278E1	-2.835154E-1
3.150000E1	3.499762E1	-2.803042E-1
3.153333E1	3.507656E1	-2.806229E-1
3.156667E1	3.511532E1	-2.852425E-1
3.160000E1	3.523673E1	-2.873989E-1
3.163333E1	3.528691E1	-2.876226E-1
3.166667E1	3.537597E1	-2.879556E-1
3.170000E1	3.551084E1	-2.843085E-1
3.173333E1	3.554658E1	-2.855053E-1
3.176667E1	3.567072E1	-2.889001E-1
3.180000E1	3.575538E1	-2.894821E-1
3.183333E1	3.585555E1	-3.018221E-1
3.186667E1	3.600179E1	-3.195025E-1
3.190000E1	3.603902E1	-3.055419E-1
3.193333E1	3.613702E1	-3.107015E-1
3.196667E1	3.621027E1	-3.418625E-1
3.200000E1	3.628806E1	-3.746232E-1
3.203333E1	3.637312E1	-3.847186E-1
3.206667E1	3.639170E1	-3.851499E-1
3.210000E1	3.646586E1	-4.067759E-1
3.213333E1	3.649579E1	-4.374311E-1
3.216667E1	3.653986E1	-4.345399E-1
3.220000E1	3.661770E1	-4.454105E-1
3.223333E1	3.665168E1	-4.349186E-1
3.226667E1	3.672881E1	-4.282270E-1
3.230000E1	3.678380E1	-4.289857E-1
3.233333E1	3.683509E1	-4.250579E-1
3.236667E1	3.695117E1	-4.215425E-1
3.240000E1	3.697743E1	-4.214966E-1
3.243333E1	3.709275E1	-4.227051E-1
3.246667E1	3.714284E1	-4.183653E-1
3.250000E1	3.722393E1	-4.042668E-1
3.253333E1	3.735868E1	-3.888242E-1
3.256667E1	3.741739E1	-3.687782E-1
3.260000E1	3.756579E1	-3.553428E-1
3.263333E1	3.764289E1	-3.483539E-1
3.266667E1	3.771607E1	-3.352818E-1
3.270000E1	3.779304E1	-2.948170E-1
3.273333E1	3.781176E1	-2.767153E-1
3.276667E1	3.785293E1	-2.543796E-1
3.280000E1	3.790355E1	-2.232240E-1
3.283333E1	3.793966E1	-1.911733E-1
3.286667E1	3.799486E1	-1.625780E-1
3.290000E1	3.801760E1	-1.444892E-1
3.293333E1	3.806445E1	-1.335079E-1
3.296667E1	3.809518E1	-1.232656E-1
3.300000E1	3.811804E1	-1.196537E-1
3.303333E1	3.815248E1	-1.166061E-1
3.306667E1	3.816520E1	-1.237354E-1
3.310000E1	3.820823E1	-1.237708E-1
3.313333E1	3.823907E1	-1.253834E-1
3.316667E1	3.827556E1	-1.284289E-1
3.320000E1	3.837571E1	-1.279204E-1
3.323333E1	3.839804E1	-1.299652E-1
3.326667E1	3.848100E1	-1.338135E-1
3.330000E1	3.851950E1	-1.326935E-1
3.333333E1	3.859606E1	-1.347279E-1
3.336667E1	3.871162E1	-1.313301E-1
3.340000E1	3.874878E1	-1.322037E-1
3.343333E1	3.882990E1	-1.368235E-1
3.346667E1	3.888238E1	-1.363273E-1
3.350000E1	3.895953E1	-1.433948E-1
3.353333E1	3.907741E1	-1.549398E-1
3.356667E1	3.910760E1	-1.530394E-1
3.360000E1	3.919407E1	-1.549023E-1
3.363333E1	3.922827E1	-1.585632E-1
3.366667E1	3.927325E1	-1.594580E-1
3.370000E1	3.932399E1	-1.657674E-1
3.373333E1	3.933490E1	-1.597981E-1
3.376667E1	3.937123E1	-1.833295E-1
3.380000E1	3.938647E1	-2.195546E-1
3.383333E1	3.940320E1	-2.266370E-1
3.386667E1	3.944137E1	-2.305215E-1
3.390000E1	3.946472E1	-2.235721E-1
3.393333E1	3.950642E1	-2.214960E-1
3.396667E1	3.953471E1	-2.119940E-1
3.400000E1	3.955989E1	-2.026534E-1
3.403333E1	3.961807E1	-2.038411E-1
3.406667E1	3.964127E1	-2.111483E-1
3.410000E1	3.969745E1	-1.986511E-1
3.413333E1	3.972416E1	-2.044471E-1
3.416667E1	3.978590E1	-1.987147E-1
3.420000E1	3.986538E1	-1.939386E-1
3.423333E1	3.990133E1	-1.937707E-1
3.426667E1	3.995503E1	-1.955442E-1
3.430000E1	3.998078E1	-1.839918E-1
3.433333E1	3.998173E1	-1.729158E-1
3.436667E1	3.997956E1	-1.236154E-1
3.440000E1	3.996951E1	-1.152886E-1
3.443333E1	3.996007E1	-8.328469E-2
3.446667E1	3.995549E1	-4.258176E-2
3.450000E1	3.995129E1	-2.500977E-2
3.453333E1	3.994238E1	1.908997E-2
3.456667E1	3.994366E1	2.555705E-2
3.460000E1	3.993788E1	4.045732E-2
3.463333E1	3.993718E1	7.458837E-2
3.466667E1	3.993403E1	9.945506E-2
3.470000E1	3.991840E1	1.176079E-1
3.473333E1	3.989118E1	1.373659E-1
3.476667E1	3.988083E1	1.443299E-1
3.480000E1	3.988057E1	1.469234E-1
3.483333E1	3.988472E1	1.455348E-1
3.486667E1	3.990513E1	1.491996E-1
3.490000E1	3.990746E1	1.492530E-1
3.493333E1	3.994160E1	1.464872E-1
3.496667E1	3.996576E1	1.438514E-1
3.500000E1	3.999655E1	1.395689E-1
3.503333E1	4.007411E1	1.403140E-1
3.506667E1	4.009983E1	1.442610E-1
3.510000E1	4.013452E1	1.444120E-1
3.513333E1	4.014695E1	1.398927E-1
3.516667E1	4.020236E1	1.310910E-1
3.520000E1	4.024618E1	1.168381E-1
3.523333E1	4.025862E1	1.224591E-1
3.526667E1	4.027894E1	1.210984E-1
3.530000E1	4.029039E1	1.092881E-1
3.533333E1	4.032973E1	1.015094E-1
3.536667E1	4.032843E1	5.154542E-2
3.540000E1	4.032452E1	5.047654E-2
3.543333E1	4.032603E1	2.708163E-2
3.546667E1	4.031953E1	-6.377165E-4
3.550000E1	4.031964E1	-1.110373E-2
3.553333E1	4.032584E1	-8.153790E-3
3.556667E1	4.032894E1	-5.481233E-3
3.560000E1	4.033758E1	-1.404046E-3
3.563333E1	4.034044E1	1.507643E-4
3.566667E1	4.035624E1	-6.787616E-3
3.570000E1	4.040779E1	-2.403215E-4
3.573333E1	4.041556E1	6.298938E-4
3.576667E1	4.045991E1	-7.155307E-4
3.580000E1	4.049385E1	3.535590E-3
3.583333E1	4.052877E1	3.426190E-3
3.586667E1	4.060509E1	3.069713E-3
3.590000E1	4.063615E1	4.152585E-3
3.593333E1	4.069458E1	3.747496E-6
3.596667E1	4.073267E1	-3.021222E-3
3.600000E1	4.077345E1	7.558477E-3
3.603333E1	4.080273E1	1.489604E-2
3.606667E1	4.081367E1	1.380003E-2
3.610000E1	4.082173E1	2.373240E-2
3.613333E1	4.082647E1	2.496517E-2
3.616667E1	4.083042E1	1.749042E-2
3.620000E1	4.083270E1	1.817395E-2
3.623333E1	4.082846E1	1.737855E-2
3.626667E1	4.083144E1	1.706883E-2
3.630000E1	4.082861E1	1.716859E-2
3.633333E1	4.082787E1	1.591521E-2
3.636667E1	4.082919E1	1.267484E-2
3.640000E1	4.082652E1	1.160142E-2
3.643333E1	4.083089E1	5.881230E-3
3.646667E1	4.083382E1	2.578503E-3
3.650000E1	4.085865E1	-4.357610E-3
3.653333E1	4.093472E1	-4.531320E-3
3.656667E1	4.096635E1	-2.403355E-3
3.660000E1	4.103211E1	-5.510208E-3
3.663333E1	4.108418E1	-1.516607E-2
3.666667E1	4.114733E1	-1.543765E-2
3.670000E1	4.125581E1	-1.423201E-2
3.673333E1	4.127555E1	-1.181681E-2
3.676667E1	4.136235E1	-1.791716E-2
3.680000E1	4.141546E1	-2.286238E-2
3.683333E1	4.149960E1	-4.850316E-2
3.686667E1	4.159181E1	-1.134620E-1
3.690000E1	4.163535E1	-1.346887E-1
3.693333E1	4.170906E1	-1.510496E-1
3.696667E1	4.176188E1	-1.604408E-1
3.700000E1	4.181454E1	-1.664595E-1
3.703333E1	4.188609E1	-1.823170E-1
3.706667E1	4.190633E1	-2.128316E-1
3.710000E1	4.195732E1	-2.595047E-1
3.713333E1	4.197623E1	-2.874745E-1
3.716667E1	4.199014E1	-2.986920E-1
3.720000E1	4.202501E1	-3.114076E-1
3.723333E1	4.204826E1	-3.057212E-1
3.726667E1	4.208175E1	-3.132933E-1
3.730000E1	4.211503E1	-3.071462E-1
3.733333E1	4.214184E1	-3.052721E-1
3.736667E1	4.220423E1	-3.174994E-1
3.740000E1	4.221557E1	-3.070280E-1
3.743333E1	4.225837E1	-3.095427E-1
3.746667E1	4.228530E1	-3.059873E-1
3.750000E1	4.233216E1	-3.002195E-1
3.753333E1	4.240999E1	-2.974341E-1
3.756667E1	4.244298E1	-3.018981E-1
3.760000E1	4.252327E1	-2.994965E-1
3.763333E1	4.255174E1	-2.979879E-1
3.766667E1	4.256784E1	-2.861360E-1
3.770000E1	4.256971E1	-2.715826E-1
3.773333E1	4.256020E1	-2.740440E-1
3.776667E1	4.255351E1	-2.598025E-1
3.780000E1	4.254920E1	-2.566147E-1
3.783333E1	4.254713E1	-2.419663E-1
3.786667E1	4.254336E1	-1.950978E-1
3.790000E1	4.253627E1	-1.902724E-1
3.793333E1	4.253069E1	-1.731164E-1
3.796667E1	4.253003E1	-1.464237E-1
3.800000E1	4.253557E1	-1.371266E-1
3.803333E1	4.252545E1	-1.246026E-1
3.806667E1	4.253046E1	-1.253178E-1
3.810000E1	4.253249E1	-1.229372E-1
3.813333E1	4.253604E1	-1.240218E-1
3.816667E1	4.254993E1	-1.253642E-1
3.820000E1	4.258097E1	-1.229087E-1
3.823333E1	4.258280E1	-1.272866E-1
3.826667E1	4.266611E1	-1.343716E-1
3.830000E1	4.269795E1	-1.378506E-1
3.833333E1	4.275407E1	-1.369733E-1
3.836667E1	4.284707E1	-1.425925E-1
3.840000E1	4.286862E1	-1.440453E-1
3.843333E1	4.294827E1	-1.514920E-1
3.846667E1	4.300265E1	-1.584303E-1
3.850000E1	4.308737E1	-1.707740E-1
3.853333E1	4.322974E1	-2.216114E-1
3.856667E1	4.326745E1	-2.249870E-1
3.860000E1	4.336307E1	-2.372010E-1
3.863333E1	4.340613E1	-2.545424E-1
3.866667E1	4.346132E1	-2.910089E-1
3.870000E1	4.353800E1	-3.183599E-1
3.873333E1	4.355628E1	-3.097431E-1
3.876667E1	4.361963E1	-3.425274E-1
3.880000E1	4.364351E1	-3.678657E-1
3.883333E1	4.369974E1	-3.934573E-1
3.886667E1	4.377517E1	-3.917767E-1
3.890000E1	4.379938E1	-3.773755E-1
3.893333E1	4.385532E1	-3.753394E-1
3.896667E1	4.388501E1	-3.789161E-1
3.900000E1	4.395688E1	-3.795123E-1
3.903333E1	4.407755E1	-3.790909E-1
3.906667E1	4.410220E1	-3.723043E-1
3.910000E1	4.420782E1	-3.684092E-1
3.913333E1	4.427244E1	-3.657303E-1
3.916667E1	4.434762E1	-3.588961E-1
3.920000E1	4.448227E1	-3.564342E-1
3.923333E1	4.453893E1	-3.574084E-1
3.926667E1	4.467600E1	-3.570275E-1
3.930000E1	4.472386E1	-3.605257E-1
3.933333E1	4.479831E1	-3.524747E-1
3.936667E1	4.486822E1	-3.287526E-1
3.940000E1	4.488099E1	-3.273458E-1
3.943333E1	4.492289E1	-3.199662E-1
3.946667E1	4.496847E1	-2.858404E-1
3.950000E1	4.501014E1	-2.779403E-1
3.953333E1	4.507007E1	-2.665717E-1
3.956667E1	4.508956E1	-2.728237E-1
3.960000E1	4.511646E1	-2.671963E-1
3.963333E1	4.514142E1	-2.607669E-1
3.966667E1	4.517088E1	-2.574120E-1
3.970000E1	4.524495E1	-2.600961E-1
3.973333E1	4.526876E1	-2.667546E-1
3.976667E1	4.531114E1	-2.690244E-1
3.980000E1	4.532339E1	-2.689412E-1
3.983333E1	4.539642E1	-2.707854E-1
3.986667E1	4.548859E1	-2.752298E-1
3.990000E1	4.553460E1	-2.752841E-1
3.993333E1	4.561581E1	-2.765619E-1
3.996667E1	4.565920E1	-2.747294E-1
4.000000E1	4.578488E1	-2.815200E-1
4.003333E1	4.586630E1	-2.833470E-1
4.006667E1	4.592797E1	-2.804652E-1
4.010000E1	4.603985E1	-2.790155E-1
4.013333E1	4.608726E1	-2.863604E-1
4.016667E1	4.624178E1	-3.006462E-1
4.020000E1	4.634428E1	-3.017724E-1
4.023333E1	4.640733E1	-2.980929E-1
4.026667E1	4.654220E1	-2.976473E-1
4.030000E1	4.659654E1	-3.032250E-1
4.033333E1	4.670646E1	-3.181162E-1
4.036667E1	4.677009E1	-3.171710E-1
4.040000E1	4.682461E1	-3.176528E-1
4.043333E1	4.689020E1	-3.084345E-1
4.046667E1	4.691988E1	-3.288405E-1
4.050000E1	4.699063E1	-3.839389E-1
4.053333E1	4.703624E1	-3.749504E-1
4.056667E1	4.707711E1	-3.664057E-1
4.060000E1	4.714005E1	-3.632228E-1
4.063333E1	4.716151E1	-3.584598E-1
4.066667E1	4.724502E1	-3.535043E-1
4.070000E1	4.729580E1	-3.582055E-1
4.073333E1	4.735919E1	-3.583889E-1
4.076667E1	4.744178E1	-3.561658E-1
4.080000E1	4.746606E1	-3.511733E-1
4.083333E1	4.757544E1	-3.399730E-1
4.086667E1	4.766500E1	-3.341991E-1
4.090000E1	4.771033E1	-3.408261E-1
4.093333E1	4.783785E1	-3.387049E-1
4.096667E1	4.787400E1	-3.275021E-1
4.100000E1	4.797198E1	-3.108893E-1
4.103333E1	4.799535E1	-2.823963E-1
4.106667E1	4.801162E1	-2.660338E-1
4.110000E1	4.805237E1	-2.244529E-1
4.113333E1	4.807978E1	-1.972775E-1
4.116667E1	4.813017E1	-1.669159E-1
4.120000E1	4.815537E1	-1.410988E-1
4.123333E1	4.816724E1	-1.308151E-1
4.126667E1	4.817957E1	-1.233805E-1
4.130000E1	4.817302E1	-1.260281E-1
4.133333E1	4.819215E1	-1.116695E-1
4.136667E1	4.823107E1	-1.176731E-1
4.140000E1	4.824229E1	-1.225437E-1
4.143333E1	4.826670E1	-1.263879E-1
4.146667E1	4.829107E1	-1.274913E-1
4.150000E1	4.834625E1	-1.273309E-1
4.153333E1	4.841027E1	-1.352402E-1
4.156667E1	4.844948E1	-1.283526E-1
4.160000E1	4.853240E1	-1.326796E-1
4.163333E1	4.856240E1	-1.346934E-1
4.166667E1	4.869574E1	-1.337107E-1
4.170000E1	4.878066E1	-1.329020E-1
4.173333E1	4.884120E1	-1.262513E-1
4.176667E1	4.894723E1	-1.315934E-1
4.180000E1	4.898390E1	-1.242795E-1
4.183333E1	4.913745E1	-1.358417E-1
4.186667E1	4.924163E1	-1.413735E-1
4.190000E1	4.929686E1	-1.450000E-1
4.193333E1	4.941431E1	-1.447661E-1
4.196667E1	4.945653E1	-1.443311E-1
4.200000E1	4.956780E1	-1.521662E-1
4.203333E1	4.961153E1	-1.499797E-1
4.206667E1	4.963658E1	-1.557778E-1
4.210000E1	4.970676E1	-1.675208E-1
4.213333E1	4.973187E1	-1.684722E-1
4.216667E1	4.979751E1	-2.023211E-1
4.220000E1	4.985065E1	-2.257288E-1
4.223333E1	4.988687E1	-2.202435E-1
4.226667E1	4.994373E1	-2.180927E-1
4.230000E1	4.996853E1	-2.149739E-1
4.233333E1	5.003208E1	-2.138217E-1
4.236667E1	5.009353E1	-2.151226E-1
4.240000E1	5.014037E1	-2.168149E-1
4.243333E1	5.024014E1	-2.154970E-1
4.246667E1	5.028818E1	-2.150679E-1
4.250000E1	5.039643E1	-2.074767E-1
4.253333E1	5.046144E1	-2.046924E-1
4.256667E1	5.050440E1	-2.126276E-1
4.260000E1	5.059772E1	-2.128091E-1
4.263333E1	5.062192E1	-2.059218E-1
4.266667E1	5.066990E1	-1.985231E-1
4.270000E1	5.069470E1	-1.894019E-1
4.273333E1	5.069189E1	-1.870824E-1
4.276667E1	5.070147E1	-1.600816E-1
4.280000E1	5.069230E1	-1.403991E-1
4.283333E1	5.068723E1	-1.275804E-1
4.286667E1	5.067430E1	-1.152654E-1
4.290000E1	5.066802E1	-1.158129E-1
4.293333E1	5.066109E1	-1.089223E-1
4.296667E1	5.066018E1	-1.145810E-1
4.300000E1	5.065374E1	-1.115744E-1
4.303333E1	5.065082E1	-1.147077E-1
4.306667E1	5.064963E1	-1.181819E-1
4.310000E1	5.064867E1	-1.175997E-1
4.313333E1	5.065139E1	-1.216939E-1
4.316667E1	5.066436E1	-1.251517E-1
4.320000E1	5.066839E1	-1.240420E-1
4.323333E1	5.067803E1	-1.250057E-1
4.326667E1	5.070783E1	-1.284680E-1
4.330000E1	5.073367E1	-1.289486E-1
4.333333E1	5.079071E1	-1.274421E-1
4.336667E1	5.082447E1	-1.234560E-1
4.340000E1	5.083727E1	-1.221250E-1
4.343333E1	5.087134E1	-1.209728E-1
4.346667E1	5.088978E1	-1.253471E-1
4.350000E1	5.094845E1	-1.303480E-1
4.353333E1	5.098361E1	-1.420515E-1
4.356667E1	5.098803E1	-1.423494E-1
4.360000E1	5.100554E1	-1.479027E-1
4.363333E1	5.103039E1	-1.471352E-1
4.366667E1	5.103208E1	-1.461999E-1
4.370000E1	5.102645E1	-1.459894E-1
4.373333E1	5.101901E1	-1.482124E-1
4.376667E1	5.100868E1	-1.515165E-1
4.380000E1	5.101097E1	-1.520872E-1
4.383333E1	5.098682E1	-1.508074E-1
4.386667E1	5.095212E1	-1.463845E-1
4.390000E1	5.094355E1	-1.449154E-1
4.393333E1	5.093545E1	-1.395229E-1
4.396667E1	5.093771E1	-1.374945E-1
4.400000E1	5.092675E1	-1.370738E-1
4.403333E1	5.093282E1	-1.339393E-1
4.406667E1	5.093688E1	-1.340664E-1
4.410000E1	5.093886E1	-1.266003E-1
4.413333E1	5.094248E1	-1.308965E-1
4.416667E1	5.094686E1	-1.235757E-1
4.420000E1	5.094371E1	-1.192070E-1
4.423333E1	5.094423E1	-1.224673E-1
4.426667E1	5.094124E1	-1.258725E-1
4.430000E1	5.093865E1	-1.263100E-1
4.433333E1	5.085817E1	-1.055813E-1
4.436667E1	5.081855E1	-3.955602E-2
4.440000E1	5.075947E1	-2.010420E-2
4.443333E1	5.069047E1	5.151535E-3
4.446667E1	5.065253E1	1.192327E-2
4.450000E1	5.057499E1	2.615049E-2
4.453333E1	5.052006E1	3.452603E-2
4.456667E1	5.048491E1	3.179707E-2
4.460000E1	5.040701E1	3.102484E-2
4.463333E1	5.036463E1	3.137894E-2
4.466667E1	5.029041E1	3.508281E-2
4.470000E1	5.024237E1	2.988033E-2
4.473333E1	5.020079E1	2.266750E-2
4.476667E1	5.015817E1	2.262058E-2
4.480000E1	5.014289E1	2.395759E-2
4.483333E1	5.011315E1	2.384383E-2
4.486667E1	5.008721E1	2.122015E-2
4.490000E1	5.008294E1	1.950273E-2
4.493333E1	5.008466E1	1.674706E-2
4.496667E1	5.008524E1	1.653242E-2
4.500000E1	5.010116E1	9.817782E-3
4.503333E1	5.010068E1	1.103180E-2
4.506667E1	5.009660E1	1.331907E-2
4.510000E1	5.009934E1	1.018186E-2
4.513333E1	5.009963E1	5.198758E-3
4.516667E1	5.011637E1	-1.147748E-2
4.520000E1	5.012201E1	-1.273277E-2
4.523333E1	5.011879E1	-1.367588E-2
4.526667E1	5.011714E1	-1.512555E-2
4.530000E1	5.011111E1	-1.254086E-2
4.533333E1	5.009960E1	-2.080370E-2
4.536667E1	5.008619E1	-1.835017E-2
4.540000E1	5.008024E1	-2.120001E-2
4.543333E1	5.005297E1	-2.798121E-2
4.546667E1	5.002629E1	-2.899362E-2
4.550000E1	4.999648E1	-3.340591E-2
4.553333E1	4.999183E1	-3.564118E-2
4.556667E1	4.999793E1	-2.468601E-2
4.560000E1	4.999221E1	-1.732476E-2
4.563333E1	4.999843E1	-1.550430E-2
4.566667E1	4.999388E1	-1.662243E-2
4.570000E1	4.999995E1	-1.236995E-2
4.573333E1	5.000795E1	-9.529332E-3
4.576667E1	5.001166E1	-7.999828E-3
4.580000E1	5.001393E1	-6.760334E-3
4.583333E1	5.001653E1	-2.477437E-3
4.586667E1	5.001782E1	-3.625001E-3
4.590000E1	5.002054E1	-6.788968E-3
4.593333E1	5.002170E1	-9.156477E-3
4.596667E1	5.001677E1	-9.317088E-3
4.600000E1	4.998614E1	-4.316774E-3
4.603333E1	4.993874E1	4.025810E-3
4.606667E1	4.990518E1	3.821911E-3
4.610000E1	4.985066E1	7.119785E-3
4.613333E1	4.983801E1	3.956003E-3
4.616667E1	4.974439E1	-2.042251E-4
4.620000E1	4.970653E1	-6.301865E-4
4.623333E1	4.969472E1	-3.194503E-4
4.626667E1	4.962174E1	3.470418E-4
4.630000E1	4.958748E1	4.930515E-4
4.633333E1	4.952573E1	2.515899E-3
4.636667E1	4.948292E1	9.394148E-4
4.640000E1	4.946515E1	1.796902E-3
4.643333E1	4.942592E1	-1.887902E-3
4.646667E1	4.942007E1	-8.974961E-3
4.650000E1	4.941404E1	-9.921826E-3
4.653333E1	4.942280E1	-6.922786E-3
4.656667E1	4.942882E1	-8.041544E-3
4.660000E1	4.944097E1	-1.393117E-2
4.663333E1	4.944771E1	-1.715567E-2
4.666667E1	4.946348E1	-2.044351E-2
4.670000E1	4.947110E1	-1.496699E-2
4.673333E1	4.947470E1	-1.078711E-2
4.676667E1	4.949441E1	-2.027276E-2
4.680000E1	4.951689E1	-2.034644E-2
4.683333E1	4.954535E1	-5.094623E-2
