	masse A		
t	x	y	
0.000000E0	-6.351249E-3	0.000000E0
3.333333E-2	-1.842933E-2	-6.902642E-3
6.666667E-2	-2.192032E-2	-2.464505E-3
1.000000E-1	-6.008520E-2	-6.313127E-3
1.333333E-1	-1.160816E-1	-1.193132E-2
1.666667E-1	-2.460138E-1	-1.499900E-2
2.000000E-1	-3.987451E-1	-1.814638E-2
2.333333E-1	-4.437953E-1	-2.183566E-2
2.666667E-1	-5.507878E-1	-1.846635E-2
3.000000E-1	-8.056350E-1	-6.342161E-2
3.333333E-1	-9.446162E-1	-1.163239E-1
3.666667E-1	-1.059159E0	-1.723447E-1
4.000000E-1	-1.059063E0	-1.607424E-1
4.333333E-1	-9.268258E-1	-1.430302E-1
4.666667E-1	-8.415576E-1	-1.368613E-1
5.000000E-1	-6.490121E-1	-1.168002E-1
5.333333E-1	-2.959379E-1	-3.577720E-2
5.666667E-1	-1.918479E-1	-1.781174E-2
6.000000E-1	9.999345E-2	-6.826702E-3
6.333333E-1	3.512600E-1	-2.748773E-2
6.666667E-1	5.534563E-1	-4.105367E-2
7.000000E-1	7.704148E-1	-1.036840E-1
7.333333E-1	8.192547E-1	-9.702553E-2
7.666667E-1	9.073959E-1	-7.096964E-2
8.000000E-1	9.556818E-1	-6.414664E-2
8.333333E-1	9.877505E-1	-4.270496E-2
8.666667E-1	9.996361E-1	6.863557E-2
9.000000E-1	9.913541E-1	9.511240E-2
9.333333E-1	8.974364E-1	1.012482E-1
9.666667E-1	8.454678E-1	1.080166E-1
1.000000E0	7.117679E-1	9.753631E-2
1.033333E0	4.277197E-1	-2.252346E-2
1.066667E0	4.088253E-1	-1.147484E-2
1.100000E0	1.628195E-1	-1.366606E-1
1.133333E0	1.078754E-1	-1.680550E-1
1.166667E0	3.384496E-2	-1.884894E-1
1.200000E0	1.242957E-1	-1.664543E-1
1.233333E0	1.793141E-1	-1.476704E-1
1.266667E0	5.395106E-1	-1.169914E-1
1.300000E0	6.221559E-1	-1.087748E-1
1.333333E0	9.182977E-1	-1.146118E-1
1.366667E0	1.304408E0	-1.232992E-1
1.400000E0	1.397253E0	-1.303992E-1
1.433333E0	1.579199E0	-1.422064E-1
1.466667E0	1.623100E0	-1.455169E-1
1.500000E0	1.691840E0	-1.452136E-1
1.533333E0	1.706733E0	-1.164268E-1
1.566667E0	1.696541E0	-9.205141E-2
1.600000E0	1.646670E0	-4.478080E-2
1.633333E0	1.543914E0	5.767315E-2
1.666667E0	1.424610E0	8.689860E-2
1.700000E0	1.141035E0	2.623338E-3
1.733333E0	1.135193E0	-2.367974E-2
1.766667E0	9.018370E-1	-1.155253E-1
1.800000E0	7.291685E-1	-2.028511E-1
1.833333E0	6.221272E-1	-2.765500E-1
1.866667E0	6.003487E-1	-2.362225E-1
1.900000E0	6.124828E-1	-1.915526E-1
1.933333E0	8.441783E-1	-1.006935E-1
1.966667E0	8.866555E-1	-7.352325E-2
2.000000E0	1.037610E0	-4.535599E-2
2.033333E0	1.296888E0	-4.832581E-2
2.066667E0	1.342085E0	-6.036238E-2
2.100000E0	1.422540E0	-6.956915E-2
2.133333E0	1.444055E0	-7.633083E-2
2.166667E0	1.431102E0	-7.239186E-2
2.200000E0	1.334828E0	-1.708430E-2
2.233333E0	1.318211E0	1.934966E-2
2.266667E0	1.230847E0	7.978477E-2
2.300000E0	1.025623E0	1.493532E-1
2.333333E0	8.559713E-1	1.383809E-1
2.366667E0	5.411027E-1	1.311069E-2
2.400000E0	5.095123E-1	2.805860E-3
2.433333E0	3.084569E-1	-3.157725E-2
2.466667E0	1.372253E-1	-1.291979E-1
2.500000E0	3.757021E-2	-1.424959E-1
2.533333E0	1.020209E-1	-3.269099E-2
2.566667E0	1.722273E-1	-7.391225E-3
2.600000E0	3.139574E-1	1.566093E-2
2.633333E0	4.227533E-1	3.006733E-2
2.666667E0	5.597894E-1	3.369302E-2
2.700000E0	7.794990E-1	3.218983E-2
2.733333E0	8.209315E-1	1.666117E-2
2.766667E0	9.082375E-1	3.038298E-3
2.800000E0	9.402618E-1	-2.492112E-3
2.833333E0	9.285447E-1	-9.747529E-4
2.866667E0	8.308479E-1	4.930296E-2
2.900000E0	8.190844E-1	8.342669E-2
2.933333E0	7.312426E-1	1.359798E-1
2.966667E0	5.767889E-1	1.798554E-1
3.000000E0	5.064804E-1	1.949434E-1
3.033333E0	1.031354E-1	6.996194E-2
3.066667E0	6.125262E-2	7.119712E-2
3.100000E0	-1.537075E-1	3.776575E-2
3.133333E0	-3.045573E-1	-7.502497E-2
3.166667E0	-4.067595E-1	-1.068595E-1
3.200000E0	-4.116139E-1	-5.070784E-2
3.233333E0	-3.385814E-1	-4.160343E-2
3.266667E0	-1.481025E-1	3.572744E-2
3.300000E0	-4.127673E-2	5.449045E-2
3.333333E0	1.366333E-1	7.704923E-2
3.366667E0	3.648367E-1	8.636757E-2
3.400000E0	3.905469E-1	7.676408E-2
3.433333E0	5.043608E-1	6.081897E-2
3.466667E0	5.289158E-1	5.321549E-2
3.500000E0	5.174796E-1	5.492685E-2
3.533333E0	4.937915E-1	7.457525E-2
3.566667E0	4.810201E-1	8.821391E-2
3.600000E0	4.699320E-1	1.006173E-1
3.633333E0	3.630372E-1	1.948898E-1
3.666667E0	2.202603E-1	2.012614E-1
3.700000E0	6.887625E-2	1.377137E-1
3.733333E0	8.007296E-3	1.200887E-1
3.766667E0	-2.527726E-1	-1.158192E-2
3.800000E0	-3.194690E-1	-2.695658E-2
3.833333E0	-4.430738E-1	-1.403918E-1
3.866667E0	-4.402462E-1	-1.312885E-1
3.900000E0	-3.618506E-1	-1.241436E-1
3.933333E0	-1.820475E-1	-1.873753E-2
3.966667E0	-1.237327E-1	-5.230989E-3
4.000000E0	1.557879E-1	3.086876E-2
4.033333E0	2.983065E-1	2.455736E-2
4.066667E0	4.146519E-1	2.221794E-2
4.100000E0	5.554546E-1	4.205699E-4
4.133333E0	5.846743E-1	-6.739888E-3
4.166667E0	6.414236E-1	-2.706410E-2
4.200000E0	6.358087E-1	-5.361599E-3
4.233333E0	6.316253E-1	1.394626E-2
4.266667E0	5.818415E-1	8.226172E-2
4.300000E0	5.634276E-1	8.945757E-2
4.333333E0	4.156011E-1	1.086619E-1
4.366667E0	2.690018E-1	4.546036E-2
4.400000E0	2.518181E-1	3.262402E-2
4.433333E0	2.703865E-3	-9.534777E-2
4.466667E0	-6.778269E-2	-1.601703E-1
4.500000E0	-1.905734E-1	-2.720679E-1
4.533333E0	-1.963856E-1	-2.753204E-1
4.566667E0	-1.015736E-1	-2.239497E-1
4.600000E0	6.115053E-2	-1.711458E-1
4.633333E0	1.429503E-1	-1.407228E-1
4.666667E0	4.297753E-1	-6.814053E-2
4.700000E0	6.255238E-1	-6.262649E-2
4.733333E0	7.960292E-1	-7.765037E-2
4.766667E0	9.209494E-1	-8.161022E-2
4.800000E0	9.504957E-1	-9.095961E-2
4.833333E0	1.058657E0	-1.294198E-1
4.866667E0	1.075305E0	-1.150150E-1
4.900000E0	1.067174E0	-1.211559E-1
4.933333E0	1.001595E0	-1.559194E-2
4.966667E0	9.640008E-1	2.372122E-3
5.000000E0	8.164576E-1	2.505814E-2
5.033333E0	6.570303E-1	-2.892233E-2
5.066667E0	6.258602E-1	-6.417037E-2
5.100000E0	3.746503E-1	-2.110013E-1
5.133333E0	2.869876E-1	-2.534008E-1
5.166667E0	1.590968E-1	-3.709833E-1
5.200000E0	1.611904E-1	-3.492226E-1
5.233333E0	2.629938E-1	-2.926604E-1
5.266667E0	4.151305E-1	-2.551621E-1
5.300000E0	4.571908E-1	-2.316974E-1
5.333333E0	7.219320E-1	-1.531611E-1
5.366667E0	8.985564E-1	-1.480118E-1
5.400000E0	1.048900E0	-1.524563E-1
5.433333E0	1.180680E0	-1.634115E-1
5.466667E0	1.236172E0	-1.732351E-1
5.500000E0	1.306749E0	-1.964362E-1
5.533333E0	1.286531E0	-1.837774E-1
5.566667E0	1.263163E0	-1.652401E-1
5.600000E0	1.195723E0	-8.546488E-2
5.633333E0	1.156165E0	-2.758877E-2
5.666667E0	9.845011E-1	6.912804E-3
5.700000E0	8.476681E-1	-5.035744E-2
5.733333E0	8.231470E-1	-8.196100E-2
5.766667E0	5.704379E-1	-2.257206E-1
5.800000E0	4.557053E-1	-2.761655E-1
5.833333E0	3.258946E-1	-3.745802E-1
5.866667E0	3.431965E-1	-3.515072E-1
5.900000E0	4.618582E-1	-2.803708E-1
5.933333E0	6.247819E-1	-2.322054E-1
5.966667E0	6.568289E-1	-2.043278E-1
6.000000E0	9.328041E-1	-1.552445E-1
6.033333E0	1.027210E0	-1.434417E-1
6.066667E0	1.204657E0	-1.294010E-1
6.100000E0	1.370735E0	-1.471906E-1
6.133333E0	1.424157E0	-1.589323E-1
6.166667E0	1.519195E0	-1.749117E-1
6.200000E0	1.512284E0	-1.416775E-1
6.233333E0	1.501724E0	-1.095692E-1
6.266667E0	1.413959E0	-1.129127E-2
6.300000E0	1.387464E0	1.346549E-2
6.333333E0	1.230375E0	1.886391E-2
6.366667E0	1.076042E0	-3.246935E-2
6.400000E0	1.057663E0	-3.025282E-2
6.433333E0	8.240692E-1	-1.715291E-1
6.466667E0	7.705721E-1	-2.238855E-1
6.500000E0	6.461207E-1	-3.102852E-1
6.533333E0	6.463569E-1	-2.759023E-1
6.566667E0	7.509414E-1	-2.015613E-1
6.600000E0	9.159564E-1	-1.615866E-1
6.633333E0	9.456280E-1	-1.321250E-1
6.666667E0	1.221988E0	-8.923316E-2
6.700000E0	1.375411E0	-4.770582E-2
6.733333E0	1.489425E0	-4.401202E-2
6.766667E0	1.645059E0	-6.812712E-2
6.800000E0	1.681234E0	-8.664281E-2
6.833333E0	1.786717E0	-1.039684E-1
6.866667E0	1.794370E0	-7.662753E-2
6.900000E0	1.780997E0	-4.060649E-2
6.933333E0	1.726986E0	5.954876E-2
6.966667E0	1.685690E0	8.046116E-2
7.000000E0	1.584161E0	9.212354E-2
7.033333E0	1.531170E0	6.646348E-2
7.066667E0	1.496609E0	3.964452E-2
7.100000E0	1.216433E0	-1.271090E-1
7.133333E0	1.126928E0	-1.857644E-1
7.166667E0	1.015214E0	-2.893269E-1
7.200000E0	1.018766E0	-2.663670E-1
7.233333E0	1.126402E0	-1.876096E-1
7.266667E0	1.295880E0	-1.570044E-1
7.300000E0	1.346015E0	-1.249100E-1
7.333333E0	1.604838E0	-8.413002E-2
7.366667E0	1.750831E0	-5.179260E-2
7.400000E0	1.831739E0	-4.320940E-2
7.433333E0	1.984804E0	-5.796579E-2
7.466667E0	2.032003E0	-7.829184E-2
7.500000E0	2.139140E0	-8.571928E-2
7.533333E0	2.144174E0	-6.015443E-2
7.566667E0	2.132941E0	-1.958559E-2
7.600000E0	2.109364E0	6.007088E-2
7.633333E0	2.065720E0	8.716572E-2
7.666667E0	1.969901E0	9.034242E-2
7.700000E0	1.872722E0	3.154575E-2
7.733333E0	1.841781E0	-2.982046E-2
7.766667E0	1.606695E0	-1.602541E-1
7.800000E0	1.560777E0	-1.780363E-1
7.833333E0	1.423900E0	-2.752092E-1
7.866667E0	1.440165E0	-2.479609E-1
7.900000E0	1.551391E0	-1.699059E-1
7.933333E0	1.707834E0	-1.187039E-1
7.966667E0	1.746330E0	-1.065186E-1
8.000000E0	2.000445E0	-1.569160E-2
8.033333E0	2.158658E0	3.961790E-3
8.066667E0	2.226480E0	8.137414E-3
8.100000E0	2.360339E0	4.621422E-3
8.133333E0	2.399537E0	-9.917924E-3
8.166667E0	2.507734E0	-2.151591E-2
8.200000E0	2.514008E0	-3.410387E-3
8.233333E0	2.505630E0	4.936862E-2
8.266667E0	2.469333E0	1.176766E-1
8.300000E0	2.438498E0	1.538647E-1
8.333333E0	2.378549E0	1.632179E-1
8.366667E0	2.246068E0	1.209426E-1
8.400000E0	2.217804E0	1.078871E-1
8.433333E0	2.045943E0	-1.246991E-2
8.466667E0	2.042890E0	-2.228593E-2
8.500000E0	1.916463E0	-1.295535E-1
8.533333E0	1.935057E0	-1.215372E-1
8.566667E0	2.041430E0	-4.086389E-2
8.600000E0	2.220628E0	-9.697462E-3
8.633333E0	2.249883E0	1.251023E-2
8.666667E0	2.520360E0	5.031613E-2
8.700000E0	2.672462E0	9.645426E-2
8.733333E0	2.756311E0	8.031153E-2
8.766667E0	2.884018E0	6.816944E-2
8.800000E0	2.928042E0	6.086975E-2
8.833333E0	3.077063E0	5.009006E-2
8.866667E0	3.091589E0	6.775442E-2
8.900000E0	3.089750E0	1.257039E-1
8.933333E0	3.066806E0	1.992288E-1
8.966667E0	3.051710E0	2.300038E-1
9.000000E0	2.970611E0	2.395170E-1
9.033333E0	2.910094E0	1.874957E-1
9.066667E0	2.828922E0	1.492546E-1
9.100000E0	2.669924E0	4.427733E-2
9.133333E0	2.632265E0	6.134576E-3
9.166667E0	2.518579E0	-9.348146E-2
9.200000E0	2.524405E0	-6.743315E-2
9.233333E0	2.639269E0	-2.796126E-2
9.266667E0	2.795567E0	2.765086E-2
9.300000E0	2.887806E0	4.701955E-2
9.333333E0	3.120920E0	1.022267E-1
9.366667E0	3.307448E0	1.048946E-1
9.400000E0	3.389442E0	8.725792E-2
9.433333E0	3.531843E0	7.857273E-2
9.466667E0	3.613791E0	5.690852E-2
9.500000E0	3.692885E0	1.185920E-2
9.533333E0	3.695387E0	2.575212E-2
9.566667E0	3.724592E0	7.411998E-2
9.600000E0	3.703646E0	1.469221E-1
9.633333E0	3.709971E0	1.868727E-1
9.666667E0	3.682932E0	2.128576E-1
9.700000E0	3.568944E0	1.644580E-1
9.733333E0	3.551552E0	1.154134E-1
9.766667E0	3.390173E0	4.082737E-3
9.800000E0	3.352542E0	-2.940565E-2
9.833333E0	3.250853E0	-1.389670E-1
9.866667E0	3.262693E0	-1.343164E-1
9.900000E0	3.306408E0	-1.165070E-1
9.933333E0	3.517569E0	-3.449865E-2
9.966667E0	3.588669E0	-3.542359E-3
1.000000E1	3.871804E0	2.327496E-2
1.003333E1	4.029914E0	2.549298E-2
1.006667E1	4.134285E0	2.012860E-2
1.010000E1	4.305891E0	3.810125E-3
1.013333E1	4.412444E0	-8.652149E-3
1.016667E1	4.565481E0	-5.033127E-2
1.020000E1	4.611239E0	-5.190854E-2
1.023333E1	4.611747E0	-3.593116E-2
1.026667E1	4.598339E0	6.378422E-2
1.030000E1	4.585760E0	8.882053E-2
1.033333E1	4.560048E0	8.320308E-2
1.036667E1	4.462776E0	4.858115E-2
1.040000E1	4.434109E0	1.645468E-4
1.043333E1	4.300707E0	-1.291432E-1
1.046667E1	4.277715E0	-1.677013E-1
1.050000E1	4.191909E0	-2.817634E-1
1.053333E1	4.201579E0	-2.665032E-1
1.056667E1	4.333856E0	-2.028142E-1
1.060000E1	4.505477E0	-1.621229E-1
1.063333E1	4.552795E0	-1.395328E-1
1.066667E1	4.835851E0	-1.081158E-1
1.070000E1	5.029206E0	-8.996210E-2
1.073333E1	5.170302E0	-7.717188E-2
1.076667E1	5.357095E0	-7.947216E-2
1.080000E1	5.457037E0	-1.011873E-1
1.083333E1	5.585338E0	-1.268031E-1
1.086667E1	5.642926E0	-1.257369E-1
1.090000E1	5.681223E0	-1.050178E-1
1.093333E1	5.670921E0	1.222146E-2
1.096667E1	5.667813E0	3.688820E-2
1.100000E1	5.629369E0	7.240798E-2
1.103333E1	5.534235E0	1.885658E-2
1.106667E1	5.518227E0	-1.795948E-2
1.110000E1	5.380152E0	-1.503986E-1
1.113333E1	5.352918E0	-1.916071E-1
1.116667E1	5.290338E0	-3.036937E-1
1.120000E1	5.346906E0	-2.779124E-1
1.123333E1	5.453617E0	-2.277892E-1
1.126667E1	5.626229E0	-1.702275E-1
1.130000E1	5.684511E0	-1.340225E-1
1.133333E1	5.947593E0	-1.092698E-1
1.136667E1	6.137985E0	-8.753644E-2
1.140000E1	6.281154E0	-6.804928E-2
1.143333E1	6.467966E0	-8.044882E-2
1.146667E1	6.560519E0	-9.758766E-2
1.150000E1	6.675107E0	-1.169846E-1
1.153333E1	6.717131E0	-1.239271E-1
1.156667E1	6.759165E0	-8.937113E-2
1.160000E1	6.746724E0	-3.977451E-3
1.163333E1	6.741526E0	3.049841E-2
1.166667E1	6.719172E0	4.413880E-2
1.170000E1	6.628646E0	1.054995E-2
1.173333E1	6.603019E0	-2.150295E-2
1.176667E1	6.463423E0	-1.581207E-1
1.180000E1	6.445243E0	-1.798078E-1
1.183333E1	6.373849E0	-2.903138E-1
1.186667E1	6.434151E0	-2.798014E-1
1.190000E1	6.489731E0	-2.607554E-1
1.193333E1	6.704139E0	-1.698093E-1
1.196667E1	6.751712E0	-1.345709E-1
1.200000E1	6.917796E0	-1.244364E-1
1.203333E1	7.178442E0	-6.722786E-2
1.206667E1	7.228427E0	-5.042416E-2
1.210000E1	7.411854E0	-6.842652E-2
1.213333E1	7.538141E0	-8.734484E-2
1.216667E1	7.662178E0	-8.965567E-2
1.220000E1	7.760395E0	-7.475983E-2
1.223333E1	7.767265E0	-5.990602E-2
1.226667E1	7.779975E0	1.679354E-2
1.230000E1	7.771344E0	6.656532E-2
1.233333E1	7.745247E0	9.932148E-2
1.236667E1	7.674469E0	4.359870E-2
1.240000E1	7.649984E0	1.405341E-2
1.243333E1	7.557722E0	-1.097099E-1
1.246667E1	7.485311E0	-2.028739E-1
1.250000E1	7.428462E0	-2.941826E-1
1.253333E1	7.455701E0	-2.861879E-1
1.256667E1	7.527130E0	-2.466139E-1
1.260000E1	7.752429E0	-1.506719E-1
1.263333E1	7.807310E0	-1.268600E-1
1.266667E1	8.002623E0	-1.145216E-1
1.270000E1	8.280245E0	-1.104046E-1
1.273333E1	8.339984E0	-1.211022E-1
1.276667E1	8.507523E0	-1.355437E-1
1.280000E1	8.639713E0	-1.471831E-1
1.283333E1	8.748622E0	-1.521144E-1
1.286667E1	8.850032E0	-1.386329E-1
1.290000E1	8.841023E0	-1.247616E-1
1.293333E1	8.867423E0	-2.512570E-2
1.296667E1	8.893000E0	2.491126E-2
1.300000E1	8.906722E0	6.341853E-2
1.303333E1	8.848240E0	5.777406E-3
1.306667E1	8.828686E0	-2.898365E-2
1.310000E1	8.737484E0	-1.353268E-1
1.313333E1	8.689888E0	-2.389658E-1
1.316667E1	8.644666E0	-2.975983E-1
1.320000E1	8.677417E0	-2.942585E-1
1.323333E1	8.729495E0	-2.582387E-1
1.326667E1	8.984472E0	-1.615727E-1
1.330000E1	9.046982E0	-1.392467E-1
1.333333E1	9.234286E0	-1.189749E-1
1.336667E1	9.545011E0	-7.846441E-2
1.340000E1	9.594743E0	-6.793517E-2
1.343333E1	9.779145E0	-7.398767E-2
1.346667E1	9.932900E0	-8.911350E-2
1.350000E1	1.004079E1	-1.038952E-1
1.353333E1	1.013581E1	-8.934321E-2
1.356667E1	1.013691E1	-7.316786E-2
1.360000E1	1.015119E1	-1.452041E-3
1.363333E1	1.015092E1	5.239250E-2
1.366667E1	1.012790E1	1.101504E-1
1.370000E1	1.007542E1	8.103674E-2
1.373333E1	1.004676E1	4.609736E-2
1.376667E1	9.951701E0	-5.025410E-2
1.380000E1	9.892638E0	-1.434846E-1
1.383333E1	9.864071E0	-2.265823E-1
1.386667E1	9.875602E0	-2.178024E-1
1.390000E1	9.934614E0	-1.975144E-1
1.393333E1	1.014775E1	-1.260962E-1
1.396667E1	1.022505E1	-8.301643E-2
1.400000E1	1.038381E1	-5.055605E-2
1.403333E1	1.065604E1	-4.014424E-2
1.406667E1	1.070647E1	-6.045760E-2
1.410000E1	1.087814E1	-6.925182E-2
1.413333E1	1.100484E1	-8.610577E-2
1.416667E1	1.110163E1	-9.090887E-2
1.420000E1	1.119223E1	-8.077869E-2
1.423333E1	1.120487E1	-6.518991E-2
1.426667E1	1.122761E1	9.734500E-3
1.430000E1	1.123594E1	5.718515E-2
1.433333E1	1.120689E1	1.112688E-1
1.436667E1	1.115221E1	7.271580E-2
1.440000E1	1.112422E1	4.757617E-2
1.443333E1	1.104427E1	-5.560572E-2
1.446667E1	1.095552E1	-1.476578E-1
1.450000E1	1.094334E1	-2.329938E-1
1.453333E1	1.096731E1	-2.165387E-1
1.456667E1	1.101322E1	-1.935157E-1
1.460000E1	1.125558E1	-1.028328E-1
1.463333E1	1.130294E1	-7.461048E-2
1.466667E1	1.145244E1	-5.657819E-2
1.470000E1	1.170389E1	-1.821652E-2
1.473333E1	1.174347E1	-1.534185E-2
1.476667E1	1.195418E1	-1.129128E-2
1.480000E1	1.204350E1	-3.686237E-2
1.483333E1	1.214917E1	-7.754353E-2
1.486667E1	1.225032E1	-2.766959E-2
1.490000E1	1.227304E1	1.892753E-2
1.493333E1	1.229096E1	8.111045E-2
1.496667E1	1.230572E1	1.304799E-1
1.500000E1	1.226975E1	1.649392E-1
1.503333E1	1.218892E1	4.455892E-2
1.506667E1	1.215793E1	9.001424E-3
1.510000E1	1.207210E1	-1.247742E-1
1.513333E1	1.204905E1	-1.612090E-1
1.516667E1	1.204644E1	-2.054847E-1
1.520000E1	1.212219E1	-1.593847E-1
1.523333E1	1.219565E1	-1.338352E-1
1.526667E1	1.236198E1	-1.129559E-1
1.530000E1	1.251267E1	-3.269455E-2
1.533333E1	1.268558E1	-4.962072E-3
1.536667E1	1.298037E1	3.260168E-2
1.540000E1	1.303408E1	9.409008E-3
1.543333E1	1.317394E1	-5.551217E-3
1.546667E1	1.327857E1	-2.262049E-2
1.550000E1	1.336842E1	-2.145210E-2
1.553333E1	1.344084E1	1.628580E-2
1.556667E1	1.344973E1	4.158535E-2
1.560000E1	1.346858E1	1.182307E-1
1.563333E1	1.350811E1	1.690634E-1
1.566667E1	1.349097E1	1.842772E-1
1.570000E1	1.342885E1	1.013673E-1
1.573333E1	1.340740E1	5.391139E-2
1.576667E1	1.334324E1	-4.930844E-2
1.580000E1	1.329895E1	-1.347207E-1
1.583333E1	1.328185E1	-1.851284E-1
1.586667E1	1.336722E1	-1.410771E-1
1.590000E1	1.341588E1	-1.196432E-1
1.593333E1	1.359202E1	-1.122896E-1
1.596667E1	1.374384E1	-3.032587E-2
1.600000E1	1.393215E1	-4.651602E-3
1.603333E1	1.421251E1	2.197231E-2
1.606667E1	1.426255E1	6.608806E-3
1.610000E1	1.444600E1	-7.502732E-3
1.613333E1	1.453343E1	-2.398436E-2
1.616667E1	1.460891E1	-2.481359E-2
1.620000E1	1.468959E1	1.502788E-2
1.623333E1	1.472265E1	4.839623E-2
1.626667E1	1.476516E1	1.506038E-1
1.630000E1	1.480387E1	1.784395E-1
1.633333E1	1.478720E1	1.973683E-1
1.636667E1	1.472584E1	1.043308E-1
1.640000E1	1.470227E1	6.233914E-2
1.643333E1	1.464132E1	-5.407778E-2
1.646667E1	1.460218E1	-1.373008E-1
1.650000E1	1.458331E1	-1.979301E-1
1.653333E1	1.466559E1	-1.403787E-1
1.656667E1	1.471995E1	-1.173234E-1
1.660000E1	1.498573E1	-1.248035E-2
1.663333E1	1.504290E1	-2.651204E-3
1.666667E1	1.523761E1	1.860160E-2
1.670000E1	1.551038E1	5.167665E-2
1.673333E1	1.556207E1	5.450748E-2
1.676667E1	1.573621E1	4.620491E-2
1.680000E1	1.581185E1	1.978020E-2
1.683333E1	1.588180E1	-4.400340E-3
1.686667E1	1.596083E1	2.683541E-2
1.690000E1	1.596610E1	4.104128E-2
1.693333E1	1.599462E1	1.428542E-1
1.696667E1	1.602506E1	1.866901E-1
1.700000E1	1.601640E1	2.298400E-1
1.703333E1	1.594585E1	1.267994E-1
1.706667E1	1.593215E1	1.078536E-1
1.710000E1	1.584931E1	3.922987E-3
1.713333E1	1.581619E1	-9.308066E-2
1.716667E1	1.579404E1	-1.369386E-1
1.720000E1	1.586505E1	-8.013271E-2
1.723333E1	1.592194E1	-5.254268E-2
1.726667E1	1.609120E1	-2.268831E-2
1.730000E1	1.623780E1	4.959562E-2
1.733333E1	1.640495E1	8.319632E-2
1.736667E1	1.665745E1	1.074399E-1
1.740000E1	1.669036E1	8.451758E-2
1.743333E1	1.681636E1	6.779399E-2
1.746667E1	1.692246E1	4.501565E-2
1.750000E1	1.698857E1	4.561684E-2
1.753333E1	1.708032E1	8.886308E-2
1.756667E1	1.709697E1	1.111589E-1
1.760000E1	1.712149E1	1.939668E-1
1.763333E1	1.712503E1	2.382628E-1
1.766667E1	1.710349E1	2.432908E-1
1.770000E1	1.703096E1	1.197449E-1
1.773333E1	1.698422E1	8.180357E-2
1.776667E1	1.688862E1	-4.426407E-2
1.780000E1	1.686651E1	-9.732882E-2
1.783333E1	1.685406E1	-1.564054E-1
1.786667E1	1.691709E1	-8.676716E-2
1.790000E1	1.698361E1	-6.939819E-2
1.793333E1	1.709164E1	-4.118179E-2
1.796667E1	1.725698E1	3.924163E-2
1.800000E1	1.742636E1	7.220919E-2
1.803333E1	1.768955E1	9.146576E-2
1.806667E1	1.773898E1	7.706799E-2
1.810000E1	1.787072E1	5.846250E-2
1.813333E1	1.794318E1	3.356152E-2
1.816667E1	1.802550E1	-1.768474E-3
1.820000E1	1.810079E1	3.028254E-2
1.823333E1	1.812004E1	5.187946E-2
1.826667E1	1.815067E1	1.564480E-1
1.830000E1	1.817460E1	1.847860E-1
1.833333E1	1.816711E1	2.169182E-1
1.836667E1	1.810965E1	1.204033E-1
1.840000E1	1.807458E1	9.681447E-2
1.843333E1	1.799801E1	-4.867647E-2
1.846667E1	1.797140E1	-1.294307E-1
1.850000E1	1.795756E1	-1.789443E-1
1.853333E1	1.801700E1	-1.111573E-1
1.856667E1	1.808968E1	-1.012538E-1
1.860000E1	1.824750E1	-4.404069E-2
1.863333E1	1.838929E1	1.424487E-2
1.866667E1	1.854716E1	3.131144E-2
1.870000E1	1.880829E1	4.768005E-2
1.873333E1	1.885007E1	4.926654E-2
1.876667E1	1.896881E1	5.018443E-2
1.880000E1	1.906083E1	1.661756E-2
1.883333E1	1.910847E1	-4.215360E-3
1.886667E1	1.918359E1	3.493337E-2
1.890000E1	1.919454E1	5.589664E-2
1.893333E1	1.922856E1	1.547795E-1
1.896667E1	1.925141E1	1.833931E-1
1.900000E1	1.924258E1	2.194028E-1
1.903333E1	1.915274E1	1.054930E-1
1.906667E1	1.913133E1	5.293546E-2
1.910000E1	1.903238E1	-5.667842E-2
1.913333E1	1.899127E1	-1.471576E-1
1.916667E1	1.894797E1	-1.923822E-1
1.920000E1	1.899610E1	-1.412116E-1
1.923333E1	1.903231E1	-1.209316E-1
1.926667E1	1.921237E1	-2.933180E-2
1.930000E1	1.930585E1	7.673621E-3
1.933333E1	1.945926E1	3.840625E-2
1.936667E1	1.970345E1	6.856259E-2
1.940000E1	1.973135E1	6.969044E-2
1.943333E1	1.984845E1	5.430722E-2
1.946667E1	1.989590E1	2.676782E-2
1.950000E1	1.994846E1	8.651137E-4
1.953333E1	2.000197E1	4.026697E-2
1.956667E1	1.999769E1	8.042473E-2
1.960000E1	2.000268E1	1.730446E-1
1.963333E1	1.999893E1	1.885160E-1
1.966667E1	1.996937E1	2.071600E-1
1.970000E1	1.987903E1	1.166872E-1
1.973333E1	1.983689E1	6.434651E-2
1.976667E1	1.972133E1	-5.530892E-2
1.980000E1	1.969174E1	-1.266123E-1
1.983333E1	1.966601E1	-1.783150E-1
1.986667E1	1.969614E1	-1.204986E-1
1.990000E1	1.971705E1	-1.137859E-1
1.993333E1	1.990329E1	-2.622386E-2
1.996667E1	2.000631E1	1.262509E-2
2.000000E1	2.016690E1	2.265723E-2
2.003333E1	2.039901E1	1.774342E-2
2.006667E1	2.044638E1	4.951212E-3
2.010000E1	2.055276E1	-1.214041E-2
2.013333E1	2.060968E1	-4.442143E-2
2.016667E1	2.068522E1	-7.301485E-2
2.020000E1	2.072626E1	-5.725957E-2
2.023333E1	2.076439E1	-1.157083E-2
2.026667E1	2.080702E1	7.910719E-2
2.030000E1	2.083809E1	1.113541E-1
2.033333E1	2.083207E1	1.604842E-1
2.036667E1	2.081676E1	1.236505E-1
2.040000E1	2.073903E1	2.466815E-2
2.043333E1	2.070276E1	-1.045575E-1
2.046667E1	2.067410E1	-1.151748E-1
2.050000E1	2.065764E1	-2.193019E-1
2.053333E1	2.069227E1	-2.013444E-1
2.056667E1	2.079617E1	-1.415277E-1
2.060000E1	2.094481E1	-1.137459E-1
2.063333E1	2.099931E1	-9.030654E-2
2.066667E1	2.126531E1	-2.604681E-2
2.070000E1	2.141578E1	-1.282213E-2
2.073333E1	2.152215E1	2.454447E-3
2.076667E1	2.166562E1	-6.358163E-3
2.080000E1	2.170864E1	-2.258024E-2
2.083333E1	2.182214E1	-3.617373E-2
2.086667E1	2.187845E1	-2.298046E-2
2.090000E1	2.192773E1	2.991029E-2
2.093333E1	2.197985E1	1.156781E-1
2.096667E1	2.200633E1	1.419038E-1
2.100000E1	2.201057E1	1.757598E-1
2.103333E1	2.198592E1	1.237524E-1
2.106667E1	2.196513E1	6.076323E-2
2.110000E1	2.189278E1	-6.419764E-2
2.113333E1	2.186581E1	-1.218698E-1
2.116667E1	2.183537E1	-2.229088E-1
2.120000E1	2.185556E1	-2.017516E-1
2.123333E1	2.195872E1	-1.399076E-1
2.126667E1	2.210703E1	-1.053727E-1
2.130000E1	2.214879E1	-5.944500E-2
2.133333E1	2.240715E1	-2.618407E-2
2.136667E1	2.255732E1	-4.734432E-3
2.140000E1	2.259163E1	-2.067996E-3
2.143333E1	2.277584E1	-3.873916E-3
2.146667E1	2.282187E1	-1.808000E-2
2.150000E1	2.295036E1	-2.576201E-2
2.153333E1	2.300558E1	4.282194E-3
2.156667E1	2.303135E1	6.453884E-2
2.160000E1	2.309399E1	1.322973E-1
2.163333E1	2.313494E1	1.664316E-1
2.166667E1	2.314886E1	1.889952E-1
2.170000E1	2.312887E1	1.522220E-1
2.173333E1	2.310433E1	1.039395E-1
2.176667E1	2.301924E1	-5.865994E-2
2.180000E1	2.299367E1	-1.072304E-1
2.183333E1	2.296431E1	-1.936518E-1
2.186667E1	2.298446E1	-1.808814E-1
2.190000E1	2.302102E1	-1.638161E-1
2.193333E1	2.316475E1	-8.889783E-2
2.196667E1	2.325715E1	-3.561958E-2
2.200000E1	2.348509E1	1.887379E-2
2.203333E1	2.363880E1	1.538404E-2
2.206667E1	2.369392E1	1.083439E-2
2.210000E1	2.383632E1	1.990124E-3
2.213333E1	2.387680E1	-9.914502E-3
2.216667E1	2.397053E1	-1.771710E-2
2.220000E1	2.402037E1	1.378610E-3
2.223333E1	2.404852E1	6.597185E-2
2.226667E1	2.411482E1	1.531789E-1
2.230000E1	2.414444E1	1.708285E-1
2.233333E1	2.415763E1	2.022235E-1
2.236667E1	2.413001E1	1.552802E-1
2.240000E1	2.412408E1	1.166656E-1
2.243333E1	2.404314E1	-5.431159E-3
2.246667E1	2.401025E1	-6.495825E-2
2.250000E1	2.398454E1	-1.598230E-1
2.253333E1	2.400119E1	-1.371556E-1
2.256667E1	2.401654E1	-1.212531E-1
2.260000E1	2.416930E1	-2.254765E-2
2.263333E1	2.426422E1	1.014287E-2
2.266667E1	2.452305E1	4.794787E-2
2.270000E1	2.465580E1	6.909056E-2
2.273333E1	2.472954E1	6.684915E-2
2.276667E1	2.484013E1	6.612187E-2
2.280000E1	2.487573E1	5.106040E-2
2.283333E1	2.497318E1	5.201508E-2
2.286667E1	2.502007E1	7.052237E-2
2.290000E1	2.503294E1	1.038101E-1
2.293333E1	2.510999E1	1.984669E-1
2.296667E1	2.514171E1	2.175786E-1
2.300000E1	2.514978E1	2.502792E-1
2.303333E1	2.512841E1	1.893170E-1
2.306667E1	2.510424E1	1.310123E-1
2.310000E1	2.499044E1	1.495854E-2
2.313333E1	2.497858E1	-2.162679E-2
2.316667E1	2.491450E1	-1.182912E-1
2.320000E1	2.494903E1	-9.559430E-2
2.323333E1	2.498733E1	-5.048185E-2
2.326667E1	2.514234E1	4.447899E-2
2.330000E1	2.519364E1	7.020664E-2
2.333333E1	2.541493E1	9.906324E-2
2.336667E1	2.555620E1	9.393045E-2
2.340000E1	2.560420E1	8.375533E-2
2.343333E1	2.570794E1	7.524022E-2
2.346667E1	2.573683E1	6.205430E-2
2.350000E1	2.582183E1	5.099763E-2
2.353333E1	2.584244E1	7.473795E-2
2.356667E1	2.587031E1	1.098511E-1
2.360000E1	2.590971E1	2.182939E-1
2.363333E1	2.593897E1	2.434619E-1
2.366667E1	2.593550E1	2.727513E-1
2.370000E1	2.589676E1	2.153862E-1
2.373333E1	2.585413E1	1.459163E-1
2.376667E1	2.577011E1	1.502972E-2
2.380000E1	2.576311E1	-1.493548E-2
2.383333E1	2.568846E1	-1.179930E-1
2.386667E1	2.571474E1	-8.630898E-2
2.390000E1	2.575072E1	-6.144389E-2
2.393333E1	2.587355E1	3.985815E-2
2.396667E1	2.592572E1	7.370874E-2
2.400000E1	2.613741E1	9.685379E-2
2.403333E1	2.626916E1	9.723517E-2
2.406667E1	2.630197E1	8.328343E-2
2.410000E1	2.640097E1	7.208706E-2
2.413333E1	2.644133E1	5.191617E-2
2.416667E1	2.652773E1	4.077959E-2
2.420000E1	2.655372E1	6.770068E-2
2.423333E1	2.657938E1	1.012003E-1
2.426667E1	2.662549E1	2.076141E-1
2.430000E1	2.665659E1	2.322344E-1
2.433333E1	2.666648E1	2.618901E-1
2.436667E1	2.663450E1	2.123090E-1
2.440000E1	2.658208E1	1.503943E-1
2.443333E1	2.648532E1	1.671534E-2
2.446667E1	2.648124E1	-1.468786E-2
2.450000E1	2.641980E1	-1.126537E-1
2.453333E1	2.644388E1	-9.204563E-2
2.456667E1	2.648421E1	-5.069520E-2
2.460000E1	2.663522E1	4.960370E-2
2.463333E1	2.667731E1	6.766171E-2
2.466667E1	2.688101E1	9.564567E-2
2.470000E1	2.698871E1	1.007994E-1
2.473333E1	2.704246E1	8.724042E-2
2.476667E1	2.713654E1	7.222140E-2
2.480000E1	2.717023E1	5.481350E-2
2.483333E1	2.723979E1	4.394513E-2
2.486667E1	2.727144E1	6.994968E-2
2.490000E1	2.729638E1	9.935460E-2
2.493333E1	2.735261E1	2.006929E-1
2.496667E1	2.737788E1	2.263614E-1
2.500000E1	2.739216E1	2.651685E-1
2.503333E1	2.735468E1	2.150058E-1
2.506667E1	2.732201E1	1.486647E-1
2.510000E1	2.724252E1	6.141758E-2
2.513333E1	2.722205E1	5.195124E-2
2.516667E1	2.712810E1	-9.461705E-2
2.520000E1	2.714911E1	-6.947575E-2
2.523333E1	2.717633E1	-5.360653E-2
2.526667E1	2.731086E1	5.275878E-2
2.530000E1	2.735181E1	7.910488E-2
2.533333E1	2.755404E1	9.758263E-2
2.536667E1	2.767542E1	9.512696E-2
2.540000E1	2.771355E1	8.432253E-2
2.543333E1	2.779764E1	6.899822E-2
2.546667E1	2.781789E1	5.259938E-2
2.550000E1	2.787592E1	4.467658E-2
2.553333E1	2.790153E1	7.062073E-2
2.556667E1	2.790189E1	1.012251E-1
2.560000E1	2.794565E1	2.049611E-1
2.563333E1	2.796066E1	2.290576E-1
2.566667E1	2.795907E1	2.612007E-1
2.570000E1	2.792193E1	2.124450E-1
2.573333E1	2.788363E1	1.452159E-1
2.576667E1	2.778075E1	1.245512E-2
2.580000E1	2.777193E1	-1.673629E-2
2.583333E1	2.770599E1	-1.281410E-1
2.586667E1	2.772092E1	-1.088337E-1
2.590000E1	2.776762E1	-6.978756E-2
2.593333E1	2.787848E1	4.292521E-3
2.596667E1	2.791764E1	3.241643E-2
2.600000E1	2.811637E1	5.839013E-2
2.603333E1	2.821117E1	8.054121E-2
2.606667E1	2.825708E1	7.010291E-2
2.610000E1	2.833903E1	6.281854E-2
2.613333E1	2.837063E1	4.748893E-2
2.616667E1	2.842911E1	3.499000E-2
2.620000E1	2.847714E1	3.896459E-2
2.623333E1	2.847961E1	8.652760E-2
2.626667E1	2.852457E1	1.943935E-1
2.630000E1	2.854212E1	2.140398E-1
2.633333E1	2.854224E1	2.538728E-1
2.636667E1	2.851746E1	1.981738E-1
2.640000E1	2.849746E1	1.552876E-1
2.643333E1	2.840246E1	8.282142E-3
2.646667E1	2.837993E1	-3.152027E-2
2.650000E1	2.831623E1	-1.422655E-1
2.653333E1	2.831866E1	-1.222807E-1
2.656667E1	2.836594E1	-7.479160E-2
2.660000E1	2.846968E1	-1.226482E-2
2.663333E1	2.852542E1	1.417630E-2
2.666667E1	2.872016E1	5.287059E-2
2.670000E1	2.884682E1	7.577110E-2
2.673333E1	2.890162E1	6.096284E-2
2.676667E1	2.898978E1	5.276287E-2
2.680000E1	2.902203E1	4.066990E-2
2.683333E1	2.908520E1	3.316025E-2
2.686667E1	2.913676E1	4.152886E-2
2.690000E1	2.917453E1	1.085908E-1
2.693333E1	2.921245E1	1.751285E-1
2.696667E1	2.926117E1	2.079438E-1
2.700000E1	2.928512E1	2.515733E-1
2.703333E1	2.927774E1	1.965729E-1
2.706667E1	2.923096E1	1.036358E-1
2.710000E1	2.918882E1	3.982356E-2
2.713333E1	2.914162E1	-2.125967E-2
2.716667E1	2.908902E1	-1.331634E-1
2.720000E1	2.909777E1	-1.180455E-1
2.723333E1	2.915000E1	-7.886728E-2
2.726667E1	2.927732E1	2.761707E-3
2.730000E1	2.932724E1	1.785597E-2
2.733333E1	2.947477E1	3.321849E-2
2.736667E1	2.957364E1	3.554707E-2
2.740000E1	2.961182E1	1.678670E-2
2.743333E1	2.968638E1	4.034774E-3
2.746667E1	2.969363E1	-1.683593E-2
2.750000E1	2.973629E1	-1.962187E-2
2.753333E1	2.976728E1	-2.561094E-3
2.756667E1	2.977745E1	6.105690E-2
2.760000E1	2.982882E1	1.170126E-1
2.763333E1	2.984723E1	1.610974E-1
2.766667E1	2.988012E1	2.039684E-1
2.770000E1	2.986695E1	1.444215E-1
2.773333E1	2.984716E1	8.701685E-2
2.776667E1	2.975747E1	-5.876736E-2
2.780000E1	2.973186E1	-8.510090E-2
2.783333E1	2.963023E1	-2.181396E-1
2.786667E1	2.961948E1	-1.984348E-1
2.790000E1	2.966716E1	-1.468806E-1
2.793333E1	2.974737E1	-6.990996E-2
2.796667E1	2.979978E1	-5.058288E-2
2.800000E1	2.996347E1	-2.070368E-2
2.803333E1	3.005050E1	3.289469E-3
2.806667E1	3.007249E1	1.072027E-2
2.810000E1	3.014712E1	-3.233584E-4
2.813333E1	3.016822E1	-1.583255E-2
2.816667E1	3.021423E1	-2.264828E-2
2.820000E1	3.025846E1	1.843248E-4
2.823333E1	3.027287E1	5.189734E-2
2.826667E1	3.031849E1	1.244100E-1
2.830000E1	3.033827E1	1.587885E-1
2.833333E1	3.034407E1	1.764350E-1
2.836667E1	3.033093E1	1.090785E-1
2.840000E1	3.028760E1	2.293591E-2
2.843333E1	3.021609E1	-1.224737E-1
2.846667E1	3.021689E1	-1.421039E-1
2.850000E1	3.016860E1	-2.733616E-1
2.853333E1	3.017153E1	-2.574771E-1
2.856667E1	3.020203E1	-2.371762E-1
2.860000E1	3.030271E1	-1.557985E-1
2.863333E1	3.035180E1	-1.190329E-1
2.866667E1	3.050202E1	-9.252352E-2
2.870000E1	3.067543E1	-4.728693E-2
2.873333E1	3.070156E1	-5.628287E-2
2.876667E1	3.077791E1	-6.320878E-2
2.880000E1	3.080172E1	-7.783522E-2
2.883333E1	3.085627E1	-8.135406E-2
2.886667E1	3.093682E1	-6.103261E-2
2.890000E1	3.095989E1	-5.048125E-2
2.893333E1	3.104177E1	5.171606E-2
2.896667E1	3.107993E1	8.799486E-2
2.900000E1	3.113701E1	1.123482E-1
2.903333E1	3.113732E1	6.029801E-2
2.906667E1	3.111350E1	1.111843E-3
2.910000E1	3.105721E1	-1.385727E-1
2.913333E1	3.103629E1	-1.735193E-1
2.916667E1	3.099267E1	-2.694403E-1
2.920000E1	3.098353E1	-2.804231E-1
2.923333E1	3.098115E1	-2.581696E-1
2.926667E1	3.111727E1	-1.688991E-1
2.930000E1	3.118248E1	-1.371873E-1
2.933333E1	3.129740E1	-1.105325E-1
2.936667E1	3.147840E1	-8.784352E-2
2.940000E1	3.151281E1	-6.296566E-2
2.943333E1	3.160926E1	-6.612043E-2
2.946667E1	3.165885E1	-8.258234E-2
2.950000E1	3.172318E1	-7.555162E-2
2.953333E1	3.180274E1	-2.260018E-2
2.956667E1	3.183688E1	4.315758E-2
2.960000E1	3.189434E1	8.643827E-2
2.963333E1	3.195559E1	1.440463E-1
2.966667E1	3.198730E1	1.458538E-1
2.970000E1	3.197342E1	2.392201E-2
2.973333E1	3.196505E1	-1.986193E-2
2.976667E1	3.191925E1	-1.439614E-1
2.980000E1	3.189104E1	-1.740089E-1
2.983333E1	3.185912E1	-2.528315E-1
2.986667E1	3.191573E1	-2.035555E-1
2.990000E1	3.196785E1	-1.674366E-1
2.993333E1	3.206529E1	-1.223511E-1
2.996667E1	3.218115E1	-7.197658E-2
3.000000E1	3.230758E1	-3.821035E-2
3.003333E1	3.248390E1	-2.587743E-2
3.006667E1	3.250633E1	-2.227432E-3
3.010000E1	3.260741E1	-7.451674E-3
3.013333E1	3.265155E1	-2.398115E-2
3.016667E1	3.272746E1	-1.770553E-2
3.020000E1	3.283045E1	3.643843E-2
3.023333E1	3.287278E1	1.113292E-1
3.026667E1	3.295188E1	1.662878E-1
3.030000E1	3.303014E1	2.215455E-1
3.033333E1	3.308948E1	2.300068E-1
3.036667E1	3.312873E1	1.164731E-1
3.040000E1	3.311847E1	8.039319E-2
3.043333E1	3.309713E1	-4.472430E-2
3.046667E1	3.310326E1	-9.423224E-2
3.050000E1	3.310526E1	-1.488139E-1
3.053333E1	3.316803E1	-8.230960E-2
3.056667E1	3.321880E1	-6.138460E-2
3.060000E1	3.331799E1	-1.775811E-2
3.063333E1	3.346520E1	4.986024E-2
3.066667E1	3.360420E1	8.520767E-2
3.070000E1	3.378830E1	1.148799E-1
3.073333E1	3.381288E1	1.346139E-1
3.076667E1	3.391321E1	1.319413E-1
3.080000E1	3.397181E1	1.160553E-1
3.083333E1	3.404093E1	1.252642E-1
3.086667E1	3.415883E1	1.660949E-1
3.090000E1	3.420527E1	1.927441E-1
3.093333E1	3.431341E1	2.803634E-1
3.096667E1	3.438138E1	3.205907E-1
3.100000E1	3.446371E1	3.182793E-1
3.103333E1	3.450937E1	2.071290E-1
3.106667E1	3.449061E1	1.575433E-1
3.110000E1	3.447323E1	2.513482E-2
3.113333E1	3.447296E1	-1.592846E-2
3.116667E1	3.446760E1	-7.656874E-2
3.120000E1	3.454048E1	-1.727531E-2
3.123333E1	3.460123E1	1.227620E-2
3.126667E1	3.474125E1	9.627252E-2
3.130000E1	3.484498E1	1.069736E-1
3.133333E1	3.497552E1	1.209333E-1
3.136667E1	3.516169E1	1.553849E-1
3.140000E1	3.517753E1	1.503448E-1
3.143333E1	3.527459E1	1.396607E-1
3.146667E1	3.532102E1	1.177799E-1
3.150000E1	3.539042E1	1.191537E-1
3.153333E1	3.549917E1	1.670370E-1
3.156667E1	3.553932E1	2.131154E-1
3.160000E1	3.563503E1	2.889040E-1
3.163333E1	3.571946E1	3.482425E-1
3.166667E1	3.577580E1	3.685531E-1
3.170000E1	3.581491E1	2.686089E-1
3.173333E1	3.582758E1	2.421890E-1
3.176667E1	3.580953E1	8.917992E-2
3.180000E1	3.578032E1	4.000201E-2
3.183333E1	3.576346E1	-1.690013E-2
3.186667E1	3.580781E1	2.996321E-2
3.190000E1	3.587931E1	4.427855E-2
3.193333E1	3.594864E1	9.966272E-2
3.196667E1	3.605393E1	1.557288E-1
3.200000E1	3.618524E1	1.847895E-1
3.203333E1	3.635708E1	2.265502E-1
3.206667E1	3.636795E1	2.230989E-1
3.210000E1	3.644172E1	2.061185E-1
3.213333E1	3.648096E1	1.905345E-1
3.216667E1	3.653158E1	1.896074E-1
3.220000E1	3.663844E1	2.282844E-1
3.223333E1	3.666324E1	2.483960E-1
3.226667E1	3.676886E1	3.481948E-1
3.230000E1	3.683591E1	3.764137E-1
3.233333E1	3.690297E1	3.806629E-1
3.236667E1	3.695465E1	2.712694E-1
3.240000E1	3.693544E1	2.389315E-1
3.243333E1	3.691492E1	1.003552E-1
3.246667E1	3.691903E1	5.071538E-2
3.250000E1	3.690879E1	-5.674602E-5
3.253333E1	3.695929E1	3.767541E-2
3.256667E1	3.700407E1	7.888821E-2
3.260000E1	3.709058E1	1.060833E-1
3.263333E1	3.720459E1	1.607084E-1
3.266667E1	3.733467E1	1.891028E-1
3.270000E1	3.748700E1	2.230848E-1
3.273333E1	3.750801E1	2.193667E-1
3.276667E1	3.758115E1	2.036208E-1
3.280000E1	3.761816E1	1.895270E-1
3.283333E1	3.767352E1	1.857515E-1
3.286667E1	3.775504E1	2.371771E-1
3.290000E1	3.779590E1	2.575667E-1
3.293333E1	3.790136E1	3.831242E-1
3.296667E1	3.795616E1	3.893237E-1
3.300000E1	3.801194E1	3.834134E-1
3.303333E1	3.803861E1	2.710666E-1
3.306667E1	3.804030E1	2.324297E-1
3.310000E1	3.801326E1	9.313337E-2
3.313333E1	3.799205E1	4.442567E-2
3.316667E1	3.797475E1	-1.884807E-2
3.320000E1	3.801219E1	4.938086E-2
3.323333E1	3.803086E1	7.310769E-2
3.326667E1	3.813515E1	1.291959E-1
3.330000E1	3.819119E1	1.790802E-1
3.333333E1	3.830424E1	1.985138E-1
3.336667E1	3.841417E1	2.347350E-1
3.340000E1	3.843544E1	2.288229E-1
3.343333E1	3.847216E1	2.066882E-1
3.346667E1	3.850219E1	1.915999E-1
3.350000E1	3.853779E1	1.853128E-1
3.353333E1	3.857415E1	2.368269E-1
3.356667E1	3.860322E1	2.631937E-1
3.360000E1	3.866053E1	3.217006E-1
3.363333E1	3.871811E1	3.652156E-1
3.366667E1	3.875390E1	3.602449E-1
3.370000E1	3.873702E1	2.405641E-1
3.373333E1	3.872322E1	1.964334E-1
3.376667E1	3.865921E1	7.077929E-2
3.380000E1	3.861234E1	2.413792E-2
3.383333E1	3.858540E1	-6.088999E-2
3.386667E1	3.860475E1	-1.219426E-2
3.390000E1	3.861861E1	2.330109E-2
3.393333E1	3.872997E1	6.501654E-2
3.396667E1	3.879298E1	1.191378E-1
3.400000E1	3.887672E1	1.541738E-1
3.403333E1	3.896506E1	1.778793E-1
3.406667E1	3.896412E1	1.655782E-1
3.410000E1	3.898543E1	1.490075E-1
3.413333E1	3.901269E1	1.358750E-1
3.416667E1	3.903430E1	1.410927E-1
3.420000E1	3.907880E1	1.782097E-1
3.423333E1	3.910305E1	2.080323E-1
3.426667E1	3.918897E1	3.115869E-1
3.430000E1	3.924410E1	3.164956E-1
3.433333E1	3.928185E1	2.976253E-1
3.436667E1	3.929974E1	1.610807E-1
3.440000E1	3.928367E1	1.199993E-1
3.443333E1	3.923991E1	-1.070179E-2
3.446667E1	3.920264E1	-5.852291E-2
3.450000E1	3.916825E1	-1.289464E-1
3.453333E1	3.918261E1	-7.205271E-2
3.456667E1	3.919357E1	-4.517181E-2
3.460000E1	3.928349E1	-4.558215E-3
3.463333E1	3.937376E1	3.676393E-2
3.466667E1	3.944727E1	8.658727E-2
3.470000E1	3.956898E1	1.263443E-1
3.473333E1	3.958407E1	1.391316E-1
3.476667E1	3.960886E1	1.355858E-1
3.480000E1	3.961238E1	1.244648E-1
3.483333E1	3.962878E1	1.263472E-1
3.486667E1	3.971208E1	1.727652E-1
3.490000E1	3.973948E1	1.966374E-1
3.493333E1	3.982744E1	2.555990E-1
3.496667E1	3.987433E1	3.023450E-1
3.500000E1	3.992847E1	2.867523E-1
3.503333E1	3.994229E1	1.489911E-1
3.506667E1	3.993858E1	1.123014E-1
3.510000E1	3.989701E1	-5.769238E-3
3.513333E1	3.986057E1	-3.257991E-2
3.516667E1	3.981749E1	-1.131328E-1
3.520000E1	3.983790E1	-3.109732E-2
3.523333E1	3.987563E1	-9.368606E-3
3.526667E1	3.996195E1	2.363814E-2
3.530000E1	4.004437E1	8.005400E-2
3.533333E1	4.013030E1	1.224603E-1
3.536667E1	4.022443E1	1.556516E-1
3.540000E1	4.023609E1	1.540875E-1
3.543333E1	4.025865E1	1.459991E-1
3.546667E1	4.026676E1	1.295190E-1
3.550000E1	4.031206E1	1.343074E-1
3.553333E1	4.036175E1	1.771995E-1
3.556667E1	4.039029E1	2.118652E-1
3.560000E1	4.046685E1	2.503374E-1
3.563333E1	4.052993E1	2.860812E-1
3.566667E1	4.056284E1	2.877608E-1
3.570000E1	4.059790E1	1.516976E-1
3.573333E1	4.058716E1	1.118753E-1
3.576667E1	4.054252E1	-7.046774E-3
3.580000E1	4.049829E1	-5.392244E-2
3.583333E1	4.046747E1	-1.335546E-1
3.586667E1	4.048532E1	-9.667163E-2
3.590000E1	4.051664E1	-6.387471E-2
3.593333E1	4.058791E1	-3.722278E-2
3.596667E1	4.066578E1	2.089567E-2
3.600000E1	4.076556E1	5.400400E-2
3.603333E1	4.083997E1	1.062536E-1
3.606667E1	4.086415E1	9.577560E-2
3.610000E1	4.090222E1	8.710624E-2
3.613333E1	4.090480E1	6.719549E-2
3.616667E1	4.093099E1	6.353360E-2
3.620000E1	4.100156E1	1.037598E-1
3.623333E1	4.103036E1	1.281441E-1
3.626667E1	4.111201E1	1.710539E-1
3.630000E1	4.118390E1	2.230783E-1
3.633333E1	4.123666E1	2.163580E-1
3.636667E1	4.125853E1	7.534948E-2
3.640000E1	4.123627E1	2.652719E-2
3.643333E1	4.122361E1	-9.593369E-2
3.646667E1	4.120395E1	-1.608426E-1
3.650000E1	4.119726E1	-2.197241E-1
3.653333E1	4.121589E1	-1.642995E-1
3.656667E1	4.124046E1	-1.365224E-1
3.660000E1	4.134952E1	-7.920653E-2
3.663333E1	4.139611E1	-3.752859E-2
3.666667E1	4.150658E1	6.223706E-3
3.670000E1	4.164063E1	6.336744E-2
3.673333E1	4.165788E1	7.274414E-2
3.676667E1	4.168412E1	5.642173E-2
3.680000E1	4.169160E1	4.633505E-2
3.683333E1	4.171716E1	5.216398E-2
3.686667E1	4.178296E1	6.929628E-2
3.690000E1	4.180825E1	9.460547E-2
3.693333E1	4.191178E1	1.873750E-1
3.696667E1	4.195263E1	2.226196E-1
3.700000E1	4.207298E1	2.299672E-1
3.703333E1	4.211099E1	1.656703E-1
3.706667E1	4.210451E1	6.676094E-2
3.710000E1	4.208768E1	-6.614769E-2
3.713333E1	4.208925E1	-9.574426E-2
3.716667E1	4.206185E1	-2.070228E-1
3.720000E1	4.208236E1	-1.958591E-1
3.723333E1	4.211513E1	-1.739008E-1
3.726667E1	4.222794E1	-8.418995E-2
3.730000E1	4.225958E1	-5.246929E-2
3.733333E1	4.238982E1	9.274229E-3
3.736667E1	4.244943E1	3.407412E-2
3.740000E1	4.248534E1	2.892090E-2
3.743333E1	4.251533E1	1.740819E-2
3.746667E1	4.253625E1	5.308218E-3
3.750000E1	4.257557E1	-1.326477E-2
3.753333E1	4.265926E1	7.287124E-3
3.756667E1	4.271421E1	6.306415E-2
3.760000E1	4.281616E1	1.459984E-1
3.763333E1	4.285475E1	1.633694E-1
3.766667E1	4.298743E1	1.754705E-1
3.770000E1	4.303114E1	1.116162E-1
3.773333E1	4.303372E1	2.014224E-2
3.776667E1	4.302209E1	-1.258441E-1
3.780000E1	4.302020E1	-1.572161E-1
3.783333E1	4.300162E1	-2.750156E-1
3.786667E1	4.301893E1	-2.717529E-1
3.790000E1	4.305678E1	-2.499819E-1
3.793333E1	4.316874E1	-1.569815E-1
3.796667E1	4.319180E1	-1.325534E-1
3.800000E1	4.332681E1	-5.355123E-2
3.803333E1	4.343173E1	-2.442752E-2
3.806667E1	4.346179E1	-3.680653E-3
3.810000E1	4.349841E1	4.347613E-3
3.813333E1	4.353266E1	-5.046665E-3
3.816667E1	4.360816E1	-2.534644E-2
3.820000E1	4.365648E1	-1.235889E-3
3.823333E1	4.371574E1	6.048269E-2
3.826667E1	4.382414E1	1.216854E-1
3.830000E1	4.387881E1	1.577880E-1
3.833333E1	4.400841E1	1.729615E-1
3.836667E1	4.407122E1	1.093382E-1
3.840000E1	4.406264E1	1.293647E-2
3.843333E1	4.404543E1	-1.265450E-1
3.846667E1	4.404178E1	-1.562812E-1
3.850000E1	4.401974E1	-2.719118E-1
3.853333E1	4.404471E1	-2.661738E-1
3.856667E1	4.410175E1	-2.203935E-1
3.860000E1	4.420939E1	-1.604677E-1
3.863333E1	4.424484E1	-1.226955E-1
3.866667E1	4.439194E1	-5.625923E-2
3.870000E1	4.448424E1	-2.604337E-2
3.873333E1	4.451058E1	3.665469E-3
3.876667E1	4.457038E1	6.072163E-3
3.880000E1	4.457139E1	-5.169611E-4
3.883333E1	4.465810E1	-9.320719E-3
3.886667E1	4.471519E1	9.785272E-3
3.890000E1	4.477567E1	6.063441E-2
3.893333E1	4.487647E1	1.354235E-1
3.896667E1	4.494418E1	1.627695E-1
3.900000E1	4.510672E1	1.652849E-1
3.903333E1	4.516488E1	1.129223E-1
3.906667E1	4.519273E1	2.126172E-2
3.910000E1	4.519386E1	-1.232887E-1
3.913333E1	4.519585E1	-1.553353E-1
3.916667E1	4.517182E1	-2.690842E-1
3.920000E1	4.519779E1	-2.643572E-1
3.923333E1	4.526726E1	-2.312574E-1
3.926667E1	4.536246E1	-1.484286E-1
3.930000E1	4.540584E1	-1.238705E-1
3.933333E1	4.553907E1	-6.472722E-2
3.936667E1	4.561098E1	-2.790453E-2
3.940000E1	4.564158E1	2.072041E-4
3.943333E1	4.567113E1	1.038693E-2
3.946667E1	4.569872E1	2.804711E-3
3.950000E1	4.577414E1	-4.428302E-3
3.953333E1	4.581979E1	1.318325E-2
3.956667E1	4.587330E1	6.154408E-2
3.960000E1	4.601286E1	1.668908E-1
3.963333E1	4.607905E1	1.650619E-1
3.966667E1	4.619875E1	1.759589E-1
3.970000E1	4.627354E1	1.295352E-1
3.973333E1	4.626552E1	1.631665E-2
3.976667E1	4.626037E1	-1.240525E-1
3.980000E1	4.625724E1	-1.566957E-1
3.983333E1	4.624248E1	-2.704902E-1
3.986667E1	4.626481E1	-2.577595E-1
3.990000E1	4.629330E1	-2.360093E-1
3.993333E1	4.640063E1	-1.369286E-1
3.996667E1	4.642727E1	-1.141100E-1
4.000000E1	4.655875E1	-2.924853E-2
4.003333E1	4.659888E1	2.025407E-3
4.006667E1	4.662618E1	1.197859E-2
4.010000E1	4.663460E1	1.357056E-2
4.013333E1	4.663193E1	6.549803E-3
4.016667E1	4.668108E1	-1.091411E-2
4.020000E1	4.673799E1	1.397600E-2
4.023333E1	4.679533E1	5.718337E-2
4.026667E1	4.690801E1	1.241110E-1
4.030000E1	4.696729E1	1.713899E-1
4.033333E1	4.712470E1	1.683969E-1
4.036667E1	4.715940E1	1.234643E-1
4.040000E1	4.714103E1	1.811047E-2
4.043333E1	4.712584E1	-1.201706E-1
4.046667E1	4.711844E1	-1.522687E-1
4.050000E1	4.708740E1	-2.616160E-1
4.053333E1	4.709487E1	-2.584243E-1
4.056667E1	4.714384E1	-2.278319E-1
4.060000E1	4.724104E1	-1.470452E-1
4.063333E1	4.728283E1	-1.165653E-1
4.066667E1	4.740832E1	-2.478511E-2
4.070000E1	4.746386E1	6.071835E-3
4.073333E1	4.748324E1	1.596751E-2
4.076667E1	4.749537E1	1.632281E-2
4.080000E1	4.749043E1	8.446654E-3
4.083333E1	4.754812E1	-1.034496E-2
4.086667E1	4.759086E1	1.070253E-2
4.090000E1	4.764164E1	4.683984E-2
4.093333E1	4.776461E1	1.273523E-1
4.096667E1	4.781189E1	1.666908E-1
4.100000E1	4.797972E1	1.596371E-1
4.103333E1	4.801924E1	7.600043E-2
4.106667E1	4.800232E1	-1.003483E-2
4.110000E1	4.798489E1	-1.412354E-1
4.113333E1	4.798085E1	-1.709975E-1
4.116667E1	4.793674E1	-2.758941E-1
4.120000E1	4.794601E1	-2.543976E-1
4.123333E1	4.797199E1	-2.252180E-1
4.126667E1	4.805419E1	-1.532783E-1
4.130000E1	4.809887E1	-1.223422E-1
4.133333E1	4.821738E1	-5.077850E-2
4.136667E1	4.824488E1	-1.631137E-2
4.140000E1	4.826003E1	5.847353E-3
4.143333E1	4.825779E1	6.620108E-3
4.146667E1	4.825454E1	-1.006727E-2
4.150000E1	4.828945E1	-1.558710E-2
4.153333E1	4.830906E1	3.361952E-3
4.156667E1	4.834437E1	5.461064E-2
4.160000E1	4.843328E1	1.070441E-1
4.163333E1	4.849641E1	1.400127E-1
4.166667E1	4.859212E1	1.441790E-1
4.170000E1	4.888650E1	2.957760E-1
4.173333E1	4.888651E1	2.642576E-1
4.176667E1	4.886486E1	1.433915E-1
4.180000E1	4.886553E1	1.250198E-1
4.183333E1	4.877163E1	-1.363166E-3
4.186667E1	4.874773E1	1.437991E-2
4.190000E1	4.875916E1	4.414886E-2
4.193333E1	4.882386E1	1.313884E-1
4.196667E1	4.884289E1	1.525931E-1
4.200000E1	4.888883E1	1.756683E-1
4.203333E1	4.889806E1	1.833534E-1
4.206667E1	4.887964E1	1.852605E-1
4.210000E1	4.886156E1	1.766078E-1
4.213333E1	4.886424E1	1.672337E-1
4.216667E1	4.886955E1	1.429850E-1
4.220000E1	4.888057E1	1.590701E-1
4.223333E1	4.890210E1	1.951594E-1
4.226667E1	4.899189E1	2.829931E-1
4.230000E1	4.901559E1	3.032200E-1
4.233333E1	4.909553E1	3.138291E-1
4.236667E1	4.911843E1	2.688239E-1
4.240000E1	4.910835E1	1.881802E-1
4.243333E1	4.906405E1	9.652970E-2
4.246667E1	4.901679E1	6.044326E-2
4.250000E1	4.890231E1	-5.325488E-2
4.253333E1	4.887577E1	-3.418655E-2
4.256667E1	4.888071E1	2.138707E-2
4.260000E1	4.889433E1	7.696450E-2
4.263333E1	4.889675E1	9.830956E-2
4.266667E1	4.890477E1	1.406066E-1
4.270000E1	4.889458E1	1.757848E-1
4.273333E1	4.886952E1	1.743731E-1
4.276667E1	4.881219E1	1.661873E-1
4.280000E1	4.878645E1	1.587683E-1
4.283333E1	4.876888E1	1.345028E-1
4.286667E1	4.875068E1	1.591542E-1
4.290000E1	4.875712E1	1.889394E-1
4.293333E1	4.879964E1	2.808663E-1
4.296667E1	4.883453E1	3.029321E-1
4.300000E1	4.888682E1	3.148335E-1
4.303333E1	4.889131E1	2.394501E-1
4.306667E1	4.888652E1	1.743005E-1
4.310000E1	4.877652E1	2.773403E-2
4.313333E1	4.873838E1	-6.528638E-3
4.316667E1	4.859253E1	-1.124098E-1
4.320000E1	4.856738E1	-8.828932E-2
4.323333E1	4.859376E1	-2.301311E-2
4.326667E1	4.859590E1	4.079470E-2
4.330000E1	4.859341E1	5.299760E-2
4.333333E1	4.859372E1	1.354437E-1
4.336667E1	4.857539E1	1.563137E-1
4.340000E1	4.855203E1	1.643018E-1
4.343333E1	4.845522E1	1.660637E-1
4.346667E1	4.843705E1	1.562619E-1
4.350000E1	4.842330E1	1.278474E-1
4.353333E1	4.843419E1	1.513691E-1
4.356667E1	4.845314E1	1.898037E-1
4.360000E1	4.850500E1	2.855177E-1
4.363333E1	4.854112E1	3.045366E-1
4.366667E1	4.862455E1	3.082167E-1
4.370000E1	4.864613E1	2.699757E-1
4.373333E1	4.868613E1	1.998827E-1
4.376667E1	4.868926E1	1.444973E-1
4.380000E1	4.868082E1	1.322866E-1
4.383333E1	4.870175E1	1.022076E-1
4.386667E1	4.870632E1	8.912890E-2
4.390000E1	4.870099E1	9.080337E-2
4.393333E1	4.870360E1	8.197028E-2
4.396667E1	4.870117E1	7.685960E-2
4.400000E1	4.874526E1	-4.355534E-3
4.403333E1	4.874679E1	-3.963322E-2
