	masse A		
t	x	y	
0.000000E0	-7.105427E-15	0.000000E0
3.333333E-2	-5.097111E-4	-2.793942E-3
6.666667E-2	-4.467254E-3	-3.582263E-3
1.000000E-1	-9.658634E-3	-5.584702E-3
1.333333E-1	-3.223061E-2	-3.321741E-3
1.666667E-1	-1.293263E-1	-2.302828E-2
2.000000E-1	-1.778949E-1	-1.341101E-2
2.333333E-1	-2.400887E-1	-1.648261E-2
2.666667E-1	-4.167481E-1	-5.796524E-2
3.000000E-1	-4.490571E-1	-6.416237E-2
3.333333E-1	-6.641383E-1	-9.147391E-2
3.666667E-1	-8.018904E-1	-1.157878E-1
4.000000E-1	-8.384989E-1	-1.363536E-1
4.333333E-1	-9.901342E-1	-1.647345E-1
4.666667E-1	-1.008689E0	-1.723271E-1
5.000000E-1	-9.725499E-1	-1.779833E-1
5.333333E-1	-8.561678E-1	-1.464682E-1
5.666667E-1	-7.447123E-1	-1.334085E-1
6.000000E-1	-5.418982E-1	-1.321247E-1
6.333333E-1	-4.332451E-1	-1.101422E-1
6.666667E-1	-1.013098E-1	-1.233016E-1
7.000000E-1	1.449010E-1	-1.478797E-1
7.333333E-1	2.639164E-1	-1.464288E-1
7.666667E-1	4.555323E-1	-1.570836E-1
8.000000E-1	5.229545E-1	-1.665069E-1
8.333333E-1	6.014677E-1	-1.593031E-1
8.666667E-1	6.461157E-1	-1.338474E-1
9.000000E-1	6.584929E-1	-1.198795E-1
9.333333E-1	6.705691E-1	-2.791734E-2
9.666667E-1	6.645843E-1	1.554881E-3
1.000000E0	6.182157E-1	6.120344E-2
1.033333E0	5.258614E-1	5.832706E-2
1.066667E0	4.828154E-1	6.253511E-2
1.100000E0	2.180353E-1	-5.811899E-2
1.133333E0	1.533367E-1	-8.256962E-2
1.166667E0	-8.509705E-2	-2.038428E-1
1.200000E0	-1.906931E-1	-2.548084E-1
1.233333E0	-2.241730E-1	-2.834834E-1
1.266667E0	-2.226019E-1	-2.870662E-1
1.300000E0	-2.074419E-1	-2.812300E-1
1.333333E0	2.888068E-2	-2.427507E-1
1.366667E0	2.420379E-1	-2.094382E-1
1.400000E0	3.082627E-1	-2.176314E-1
1.433333E0	6.586007E-1	-2.153109E-1
1.466667E0	8.178104E-1	-2.126849E-1
1.500000E0	1.020164E0	-2.121733E-1
1.533333E0	1.103529E0	-2.224820E-1
1.566667E0	1.115781E0	-2.189302E-1
1.600000E0	1.147352E0	-2.007914E-1
1.633333E0	1.139935E0	-1.886284E-1
1.666667E0	1.052784E0	-8.045881E-2
1.700000E0	9.755797E-1	1.665976E-3
1.733333E0	8.930332E-1	-6.333026E-3
1.766667E0	7.052881E-1	-1.642837E-2
1.800000E0	5.982561E-1	-6.225260E-2
1.833333E0	3.684408E-1	-1.770479E-1
1.866667E0	2.181106E-1	-2.594304E-1
1.900000E0	1.729618E-1	-2.908726E-1
1.933333E0	1.116667E-1	-2.844958E-1
1.966667E0	1.220680E-1	-2.649286E-1
2.000000E0	2.611097E-1	-1.689186E-1
2.033333E0	3.960486E-1	-1.342467E-1
2.066667E0	4.550451E-1	-1.369879E-1
2.100000E0	6.656275E-1	-1.273310E-1
2.133333E0	7.285754E-1	-1.261185E-1
2.166667E0	8.242121E-1	-1.345818E-1
2.200000E0	8.336283E-1	-1.323914E-1
2.233333E0	8.379270E-1	-1.346889E-1
2.266667E0	7.812055E-1	-9.703459E-2
2.300000E0	7.420455E-1	-5.045007E-2
2.333333E0	5.661389E-1	5.110007E-2
2.366667E0	4.389285E-1	9.064936E-2
2.400000E0	4.196713E-1	7.044002E-2
2.433333E0	1.512167E-1	5.009879E-2
2.466667E0	-9.644161E-4	-3.897140E-2
2.500000E0	-2.786066E-1	-1.264465E-1
2.533333E0	-4.196621E-1	-2.032771E-1
2.566667E0	-4.476668E-1	-2.108806E-1
2.600000E0	-4.788560E-1	-1.822543E-1
2.633333E0	-4.865675E-1	-1.597417E-1
2.666667E0	-3.463302E-1	-9.228148E-2
2.700000E0	-2.101339E-1	-5.551256E-2
2.733333E0	-1.616726E-1	-5.244922E-2
2.766667E0	3.184486E-2	-4.948903E-2
2.800000E0	5.963491E-2	-4.596401E-2
2.833333E0	1.469105E-1	-5.467229E-2
2.866667E0	1.714878E-1	-7.215605E-2
2.900000E0	1.467853E-1	-7.122689E-2
2.933333E0	1.110326E-1	-5.820904E-2
2.966667E0	6.474162E-2	-3.071625E-2
3.000000E0	-6.585804E-2	8.488642E-2
3.033333E0	-1.856372E-1	9.166902E-2
3.066667E0	-2.207464E-1	7.215620E-2
3.100000E0	-4.856276E-1	4.518436E-2
3.133333E0	-6.199456E-1	-6.049546E-2
3.166667E0	-9.174853E-1	-1.784950E-1
3.200000E0	-1.059455E0	-2.337976E-1
3.233333E0	-1.090332E0	-2.301178E-1
3.266667E0	-1.109602E0	-2.223947E-1
3.300000E0	-1.083009E0	-2.018785E-1
3.333333E0	-9.246399E-1	-1.277371E-1
3.366667E0	-7.614491E-1	-8.902766E-2
3.400000E0	-6.762805E-1	-5.524805E-2
3.433333E0	-4.943677E-1	-4.981586E-2
3.466667E0	-4.674874E-1	-4.848417E-2
3.500000E0	-2.614290E-1	-5.473189E-2
3.533333E0	-2.355822E-1	-6.896829E-2
3.566667E0	-2.190074E-1	-7.162184E-2
3.600000E0	-2.202224E-1	-6.022485E-2
3.633333E0	-2.287365E-1	-4.997681E-2
3.666667E0	-3.368953E-1	4.185802E-2
3.700000E0	-4.194931E-1	6.807776E-2
3.733333E0	-4.432924E-1	5.059651E-2
3.766667E0	-6.249664E-1	-5.752966E-2
3.800000E0	-7.264949E-1	-9.440427E-2
3.833333E0	-9.614757E-1	-2.179561E-1
3.866667E0	-1.050336E0	-2.998952E-1
3.900000E0	-1.088510E0	-3.141325E-1
3.933333E0	-1.087866E0	-3.182541E-1
3.966667E0	-1.068159E0	-2.815946E-1
4.000000E0	-8.819695E-1	-2.162026E-1
4.033333E0	-6.907805E-1	-1.678349E-1
4.066667E0	-6.163107E-1	-1.563132E-1
4.100000E0	-4.093549E-1	-1.316235E-1
4.133333E0	-3.371664E-1	-1.198251E-1
4.166667E0	-1.786580E-1	-1.334045E-1
4.200000E0	-8.361542E-2	-1.496910E-1
4.233333E0	-4.591009E-2	-1.488782E-1
4.266667E0	-4.297171E-2	-1.367529E-1
4.300000E0	-6.556649E-2	-1.243977E-1
4.333333E0	-1.276938E-1	-3.282451E-2
4.366667E0	-1.955101E-1	1.170219E-2
4.400000E0	-2.231954E-1	-3.915310E-3
4.433333E0	-3.738729E-1	-2.355328E-2
4.466667E0	-4.820445E-1	-1.241748E-1
4.500000E0	-6.730444E-1	-2.787776E-1
4.533333E0	-7.695206E-1	-3.477739E-1
4.566667E0	-7.914276E-1	-3.697359E-1
4.600000E0	-7.870559E-1	-3.858640E-1
4.633333E0	-7.692267E-1	-3.507212E-1
4.666667E0	-5.636236E-1	-2.796879E-1
4.700000E0	-3.853491E-1	-2.359861E-1
4.733333E0	-3.298060E-1	-2.232031E-1
4.766667E0	-8.568592E-2	-2.024301E-1
4.800000E0	5.519396E-2	-1.835729E-1
4.833333E0	2.362230E-1	-2.061013E-1
4.866667E0	3.358259E-1	-2.412166E-1
4.900000E0	3.758712E-1	-2.318544E-1
4.933333E0	3.977052E-1	-2.145418E-1
4.966667E0	4.090830E-1	-1.955608E-1
5.000000E0	3.582718E-1	-9.490730E-2
5.033333E0	3.055166E-1	-6.275668E-2
5.066667E0	2.657934E-1	-7.850309E-2
5.100000E0	1.298040E-1	-9.010556E-2
5.133333E0	2.495189E-2	-1.771770E-1
5.166667E0	-1.570555E-1	-2.835056E-1
5.200000E0	-2.578908E-1	-3.713057E-1
5.233333E0	-2.743458E-1	-3.754896E-1
5.266667E0	-2.832095E-1	-3.704758E-1
5.300000E0	-2.733758E-1	-3.543764E-1
5.333333E0	-7.587652E-2	-2.862317E-1
5.366667E0	1.133930E-1	-2.341188E-1
5.400000E0	1.579303E-1	-2.254996E-1
5.433333E0	4.164585E-1	-2.084911E-1
5.466667E0	5.703713E-1	-1.977867E-1
5.500000E0	7.138716E-1	-2.127726E-1
5.533333E0	8.628106E-1	-2.699744E-1
5.566667E0	8.853890E-1	-2.824536E-1
5.600000E0	9.189775E-1	-2.652675E-1
5.633333E0	9.374031E-1	-2.477263E-1
5.666667E0	8.947051E-1	-1.558035E-1
5.700000E0	8.174877E-1	-7.248031E-2
5.733333E0	7.825505E-1	-6.820264E-2
5.766667E0	6.942295E-1	-9.391718E-2
5.800000E0	5.723964E-1	-1.689435E-1
5.833333E0	4.461913E-1	-2.529810E-1
5.866667E0	3.120245E-1	-4.064535E-1
5.900000E0	2.946242E-1	-4.280277E-1
5.933333E0	3.077820E-1	-4.257493E-1
5.966667E0	3.195342E-1	-4.140548E-1
6.000000E0	4.451205E-1	-3.614742E-1
6.033333E0	7.143743E-1	-2.883439E-1
6.066667E0	8.115171E-1	-2.729031E-1
6.100000E0	1.007420E0	-2.774777E-1
6.133333E0	1.219098E0	-2.492326E-1
6.166667E0	1.378955E0	-2.388999E-1
6.200000E0	1.551632E0	-2.793154E-1
6.233333E0	1.597767E0	-2.891475E-1
6.266667E0	1.642188E0	-2.688289E-1
6.300000E0	1.668993E0	-2.487291E-1
6.333333E0	1.649427E0	-1.603394E-1
6.366667E0	1.607769E0	-8.109184E-2
6.400000E0	1.574353E0	-7.732720E-2
6.433333E0	1.458785E0	-1.478690E-1
6.466667E0	1.409788E0	-1.707448E-1
6.500000E0	1.298138E0	-2.659673E-1
6.533333E0	1.172355E0	-4.050454E-1
6.566667E0	1.157683E0	-4.317450E-1
6.600000E0	1.174883E0	-4.231333E-1
6.633333E0	1.184094E0	-4.121305E-1
6.666667E0	1.311734E0	-3.521400E-1
6.700000E0	1.576199E0	-2.926867E-1
6.733333E0	1.689115E0	-2.745675E-1
6.766667E0	1.886480E0	-2.742962E-1
6.800000E0	2.082279E0	-2.349627E-1
6.833333E0	2.221903E0	-2.169374E-1
6.866667E0	2.395987E0	-2.584854E-1
6.900000E0	2.425712E0	-2.739120E-1
6.933333E0	2.477928E0	-2.633647E-1
6.966667E0	2.488402E0	-2.283669E-1
7.000000E0	2.487579E0	-1.423009E-1
7.033333E0	2.457434E0	-6.985378E-2
7.066667E0	2.429361E0	-7.058166E-2
7.100000E0	2.363096E0	-9.518133E-2
7.133333E0	2.264877E0	-1.536599E-1
7.166667E0	2.175310E0	-2.427653E-1
7.200000E0	2.045186E0	-3.612947E-1
7.233333E0	2.029965E0	-3.754830E-1
7.266667E0	2.035985E0	-3.631517E-1
7.300000E0	2.078421E0	-3.374508E-1
7.333333E0	2.204005E0	-2.809501E-1
7.366667E0	2.482922E0	-2.169254E-1
7.400000E0	2.536774E0	-2.184245E-1
7.433333E0	2.738138E0	-2.067406E-1
7.466667E0	2.944190E0	-1.711795E-1
7.500000E0	3.087266E0	-1.399223E-1
7.533333E0	3.271618E0	-1.764909E-1
7.566667E0	3.326146E0	-1.727288E-1
7.600000E0	3.377611E0	-1.422272E-1
7.633333E0	3.389721E0	-1.147967E-1
7.666667E0	3.383120E0	-3.592876E-2
7.700000E0	3.356627E0	2.779898E-2
7.733333E0	3.345940E0	1.284849E-2
7.766667E0	3.284793E0	-1.765673E-2
7.800000E0	3.200306E0	-8.436753E-2
7.833333E0	3.113676E0	-1.683102E-1
7.866667E0	3.003497E0	-2.852688E-1
7.900000E0	3.008169E0	-3.014698E-1
7.933333E0	3.032322E0	-2.858085E-1
7.966667E0	3.058465E0	-2.688399E-1
8.000000E0	3.220693E0	-2.056311E-1
8.033333E0	3.500123E0	-1.562467E-1
8.066667E0	3.548239E0	-1.530053E-1
8.100000E0	3.757349E0	-1.379647E-1
8.133333E0	3.945587E0	-1.195683E-1
8.166667E0	4.204208E0	-1.280407E-1
8.200000E0	4.354566E0	-1.563617E-1
8.233333E0	4.407762E0	-1.538350E-1
8.266667E0	4.488880E0	-1.370385E-1
8.300000E0	4.488818E0	-9.750373E-2
8.333333E0	4.476191E0	-6.066491E-3
8.366667E0	4.447501E0	4.953854E-2
8.400000E0	4.431821E0	5.442395E-2
8.433333E0	4.314081E0	-4.019671E-2
8.466667E0	4.284724E0	-8.423749E-2
8.500000E0	4.191810E0	-1.718410E-1
8.533333E0	4.150505E0	-2.379634E-1
8.566667E0	4.152975E0	-2.544472E-1
8.600000E0	4.175676E0	-2.600502E-1
8.633333E0	4.281231E0	-2.184894E-1
8.666667E0	4.444567E0	-1.620689E-1
8.700000E0	4.726243E0	-9.507855E-2
8.733333E0	4.766104E0	-9.304191E-2
8.766667E0	4.979049E0	-6.382075E-2
8.800000E0	5.164438E0	-3.395859E-2
8.833333E0	5.306162E0	-4.107695E-2
8.866667E0	5.460595E0	-9.436546E-2
8.900000E0	5.479985E0	-8.485854E-2
8.933333E0	5.510627E0	-5.139686E-2
8.966667E0	5.523464E0	-2.911205E-2
9.000000E0	5.532318E0	5.313839E-2
9.033333E0	5.471486E0	1.154282E-1
9.066667E0	5.429983E0	1.223062E-1
9.100000E0	5.344119E0	7.552295E-2
9.133333E0	5.234353E0	-6.306061E-3
9.166667E0	5.137828E0	-8.549950E-2
9.200000E0	5.011890E0	-2.040665E-1
9.233333E0	5.021836E0	-2.096086E-1
9.266667E0	5.045473E0	-1.910711E-1
9.300000E0	5.100359E0	-1.386949E-1
9.333333E0	5.232985E0	-8.865986E-2
9.366667E0	5.478956E0	-4.708120E-2
9.400000E0	5.523767E0	-5.560769E-2
9.433333E0	5.693153E0	-5.731342E-2
9.466667E0	5.836730E0	-3.760975E-2
9.500000E0	5.955460E0	-6.742585E-2
9.533333E0	6.075940E0	-9.373712E-2
9.566667E0	6.103511E0	-8.589378E-2
9.600000E0	6.105888E0	-4.929613E-2
9.633333E0	6.093767E0	-3.639211E-2
9.666667E0	6.077671E0	3.575760E-2
9.700000E0	5.977767E0	8.028419E-2
9.733333E0	5.938037E0	6.758463E-2
9.766667E0	5.817940E0	5.145862E-2
9.800000E0	5.661926E0	-4.518973E-2
9.833333E0	5.526060E0	-1.302663E-1
9.866667E0	5.390312E0	-2.484622E-1
9.900000E0	5.379714E0	-2.343912E-1
9.933333E0	5.393183E0	-1.901281E-1
9.966667E0	5.411590E0	-1.518012E-1
1.000000E1	5.530148E0	-9.467562E-2
1.003333E1	5.718719E0	-4.290851E-2
1.006667E1	5.804262E0	-4.663949E-2
1.010000E1	5.951494E0	-5.994582E-2
1.013333E1	6.017916E0	-4.676762E-2
1.016667E1	6.132484E0	-7.684371E-2
1.020000E1	6.209299E0	-1.070746E-1
1.023333E1	6.195965E0	-9.174456E-2
1.026667E1	6.172072E0	-4.999443E-2
1.030000E1	6.143003E0	-2.562981E-2
1.033333E1	6.074730E0	5.465898E-2
1.036667E1	5.966919E0	1.156547E-1
1.040000E1	5.930627E0	1.224207E-1
1.043333E1	5.815993E0	1.105624E-1
1.046667E1	5.623259E0	1.014587E-3
1.050000E1	5.461586E0	-6.551854E-2
1.053333E1	5.307512E0	-1.766460E-1
1.056667E1	5.296130E0	-1.579600E-1
1.060000E1	5.299048E0	-1.163035E-1
1.063333E1	5.324133E0	-8.344028E-2
1.066667E1	5.440961E0	-2.250139E-2
1.070000E1	5.614232E0	1.800907E-2
1.073333E1	5.662662E0	1.215473E-2
1.076667E1	5.811778E0	9.933869E-3
1.080000E1	5.887736E0	2.171261E-2
1.083333E1	5.989443E0	-1.122993E-2
1.086667E1	6.043596E0	-4.421389E-2
1.090000E1	6.041697E0	-5.457523E-2
1.093333E1	6.015339E0	-2.746539E-2
1.096667E1	5.982353E0	2.124083E-2
1.100000E1	5.910713E0	8.694293E-2
1.103333E1	5.763951E0	1.344433E-1
1.106667E1	5.728715E0	1.363819E-1
1.110000E1	5.605447E0	1.196900E-1
1.113333E1	5.413272E0	8.606332E-3
1.116667E1	5.240993E0	-5.712660E-2
1.120000E1	5.082555E0	-1.781834E-1
1.123333E1	5.076950E0	-1.612260E-1
1.126667E1	5.085161E0	-1.251210E-1
1.130000E1	5.113628E0	-8.611529E-2
1.133333E1	5.229475E0	-3.463527E-2
1.136667E1	5.410610E0	1.180966E-2
1.140000E1	5.483827E0	7.501518E-3
1.143333E1	5.609691E0	7.371507E-3
1.146667E1	5.694386E0	9.557864E-3
1.150000E1	5.789954E0	-1.925114E-2
1.153333E1	5.878697E0	-5.302091E-2
1.156667E1	5.896011E0	-6.070495E-2
1.160000E1	5.884044E0	-2.338364E-2
1.163333E1	5.866439E0	1.859784E-2
1.166667E1	5.820929E0	9.047091E-2
1.170000E1	5.714693E0	1.357935E-1
1.173333E1	5.688416E0	1.316042E-1
1.176667E1	5.568768E0	6.224262E-2
1.180000E1	5.415237E0	-1.240246E-2
1.183333E1	5.273020E0	-9.596565E-2
1.186667E1	5.122790E0	-2.128291E-1
1.190000E1	5.112479E0	-2.162549E-1
1.193333E1	5.131422E0	-1.899387E-1
1.196667E1	5.175399E0	-1.598034E-1
1.200000E1	5.304753E0	-1.108502E-1
1.203333E1	5.547936E0	-7.951518E-2
1.206667E1	5.618233E0	-7.281186E-2
1.210000E1	5.767079E0	-6.863011E-2
1.213333E1	5.907990E0	-5.002171E-2
1.216667E1	6.037920E0	-8.818569E-2
1.220000E1	6.175318E0	-1.329546E-1
1.223333E1	6.196973E0	-1.428021E-1
1.226667E1	6.210781E0	-1.213389E-1
1.230000E1	6.204222E0	-8.580665E-2
1.233333E1	6.193467E0	-1.547148E-2
1.236667E1	6.158067E0	4.597932E-2
1.240000E1	6.154026E0	4.466843E-2
1.243333E1	6.042636E0	-5.588916E-2
1.246667E1	6.015336E0	-9.682476E-2
1.250000E1	5.910695E0	-1.967218E-1
1.253333E1	5.847623E0	-3.264790E-1
1.256667E1	5.840088E0	-3.455865E-1
1.260000E1	5.900710E0	-3.218020E-1
1.263333E1	5.940107E0	-2.731799E-1
1.266667E1	6.117354E0	-2.444267E-1
1.270000E1	6.384151E0	-1.982067E-1
1.273333E1	6.428701E0	-2.091177E-1
1.276667E1	6.620256E0	-2.062161E-1
1.280000E1	6.837216E0	-1.606447E-1
1.283333E1	6.966137E0	-1.806639E-1
1.286667E1	7.135126E0	-2.271167E-1
1.290000E1	7.160517E0	-2.197324E-1
1.293333E1	7.237964E0	-1.839308E-1
1.296667E1	7.273445E0	-1.614248E-1
1.300000E1	7.294839E0	-8.274602E-2
1.303333E1	7.301295E0	-2.367228E-2
1.306667E1	7.301481E0	-2.446488E-2
1.310000E1	7.278403E0	-8.306732E-2
1.313333E1	7.208783E0	-1.604744E-1
1.316667E1	7.152772E0	-2.384676E-1
1.320000E1	7.111422E0	-3.540959E-1
1.323333E1	7.128060E0	-3.584498E-1
1.326667E1	7.187449E0	-3.368262E-1
1.330000E1	7.276042E0	-3.028848E-1
1.333333E1	7.435240E0	-2.484970E-1
1.336667E1	7.713800E0	-2.014714E-1
1.340000E1	7.785888E0	-2.036844E-1
1.343333E1	7.975879E0	-2.049695E-1
1.346667E1	8.204584E0	-1.625967E-1
1.350000E1	8.350488E0	-1.712114E-1
1.353333E1	8.514546E0	-1.982120E-1
1.356667E1	8.547173E0	-2.023608E-1
1.360000E1	8.620433E0	-1.805038E-1
1.363333E1	8.655798E0	-1.590226E-1
1.366667E1	8.684047E0	-8.017687E-2
1.370000E1	8.713257E0	-2.032328E-2
1.373333E1	8.698661E0	-1.870302E-2
1.376667E1	8.672081E0	-7.936942E-2
1.380000E1	8.624386E0	-1.511902E-1
1.383333E1	8.575343E0	-2.389978E-1
1.386667E1	8.547076E0	-3.163836E-1
1.390000E1	8.557637E0	-3.253494E-1
1.393333E1	8.602623E0	-3.309149E-1
1.396667E1	8.661654E0	-3.215259E-1
1.400000E1	8.895472E0	-2.240829E-1
1.403333E1	9.099722E0	-1.911319E-1
1.406667E1	9.156411E0	-2.071103E-1
1.410000E1	9.425250E0	-1.999492E-1
1.413333E1	9.594261E0	-1.368742E-1
1.416667E1	9.853200E0	-1.585349E-1
1.420000E1	9.999012E0	-1.686190E-1
1.423333E1	1.005858E1	-1.601892E-1
1.426667E1	1.017151E1	-1.351547E-1
1.430000E1	1.020364E1	-1.239718E-1
1.433333E1	1.028016E1	-2.177172E-2
1.436667E1	1.030081E1	2.328160E-2
1.440000E1	1.028652E1	9.130258E-3
1.443333E1	1.027011E1	-1.778363E-2
1.446667E1	1.025176E1	-5.257922E-2
1.450000E1	1.016306E1	-1.983757E-1
1.453333E1	1.013518E1	-2.949477E-1
1.456667E1	1.014537E1	-3.129199E-1
1.460000E1	1.020073E1	-2.985852E-1
1.463333E1	1.023892E1	-2.852032E-1
1.466667E1	1.037603E1	-2.229973E-1
1.470000E1	1.064615E1	-1.496180E-1
1.473333E1	1.073905E1	-1.564317E-1
1.476667E1	1.098061E1	-1.292766E-1
1.480000E1	1.112603E1	-6.753221E-2
1.483333E1	1.139006E1	-8.965368E-2
1.486667E1	1.151148E1	-9.578148E-2
1.490000E1	1.156740E1	-8.914569E-2
1.493333E1	1.167117E1	-6.947581E-2
1.496667E1	1.167993E1	-4.852771E-2
1.500000E1	1.177134E1	5.316175E-2
1.503333E1	1.180566E1	8.888432E-2
1.506667E1	1.179254E1	7.805701E-2
1.510000E1	1.177564E1	5.394781E-2
1.513333E1	1.176440E1	2.477913E-2
1.516667E1	1.166819E1	-1.343299E-1
1.520000E1	1.164007E1	-2.180287E-1
1.523333E1	1.164506E1	-2.264346E-1
1.526667E1	1.167158E1	-2.224396E-1
1.530000E1	1.171769E1	-2.054745E-1
1.533333E1	1.192723E1	-1.178693E-1
1.536667E1	1.210814E1	-8.759325E-2
1.540000E1	1.217082E1	-8.022460E-2
1.543333E1	1.242577E1	-6.253560E-2
1.546667E1	1.255677E1	-3.885531E-2
1.550000E1	1.282346E1	-7.168295E-2
1.553333E1	1.292676E1	-8.859675E-2
1.556667E1	1.297148E1	-8.076482E-2
1.560000E1	1.307862E1	-7.013385E-2
1.563333E1	1.310533E1	-5.675000E-2
1.566667E1	1.316692E1	6.317218E-2
1.570000E1	1.317577E1	1.092423E-1
1.573333E1	1.314891E1	1.322915E-1
1.576667E1	1.310918E1	1.038637E-1
1.580000E1	1.308227E1	5.995847E-2
1.583333E1	1.296996E1	-6.859308E-2
1.586667E1	1.292940E1	-1.435524E-1
1.590000E1	1.293472E1	-1.653183E-1
1.593333E1	1.296358E1	-1.551902E-1
1.596667E1	1.297932E1	-1.342159E-1
1.600000E1	1.320237E1	-5.055888E-2
1.603333E1	1.337958E1	-2.220890E-2
1.606667E1	1.344349E1	-1.652303E-2
1.610000E1	1.367327E1	-1.573580E-3
1.613333E1	1.380767E1	1.969012E-2
1.616667E1	1.402911E1	-7.898110E-3
1.620000E1	1.413267E1	-3.085244E-2
1.623333E1	1.419467E1	-1.807503E-2
1.626667E1	1.427857E1	1.406225E-3
1.630000E1	1.430712E1	9.118106E-3
1.633333E1	1.434522E1	1.287909E-1
1.636667E1	1.436429E1	1.865327E-1
1.640000E1	1.434718E1	2.052208E-1
1.643333E1	1.429202E1	1.904819E-1
1.646667E1	1.425875E1	1.515273E-1
1.650000E1	1.411009E1	2.528923E-2
1.653333E1	1.405457E1	-5.743392E-2
1.656667E1	1.405819E1	-7.894934E-2
1.660000E1	1.407556E1	-8.559048E-2
1.663333E1	1.409304E1	-5.946358E-2
1.666667E1	1.425636E1	2.430288E-2
1.670000E1	1.440134E1	5.205443E-2
1.673333E1	1.448494E1	7.039299E-2
1.676667E1	1.469093E1	7.758774E-2
1.680000E1	1.479219E1	9.342139E-2
1.683333E1	1.495912E1	5.364233E-2
1.686667E1	1.504850E1	3.671431E-2
1.690000E1	1.506837E1	4.761582E-2
1.693333E1	1.511443E1	6.085250E-2
1.696667E1	1.510731E1	7.733903E-2
1.700000E1	1.509756E1	1.915366E-1
1.703333E1	1.508098E1	2.395305E-1
1.706667E1	1.505580E1	2.333148E-1
1.710000E1	1.493086E1	2.171583E-1
1.713333E1	1.489739E1	1.843261E-1
1.716667E1	1.469410E1	6.930584E-2
1.720000E1	1.460195E1	-9.548895E-3
1.723333E1	1.456950E1	-3.223340E-2
1.726667E1	1.455461E1	5.844011E-4
1.730000E1	1.458159E1	1.850131E-2
1.733333E1	1.472504E1	9.830406E-2
1.736667E1	1.486416E1	1.184570E-1
1.740000E1	1.490081E1	1.242127E-1
1.743333E1	1.507336E1	1.463197E-1
1.746667E1	1.516010E1	1.551633E-1
1.750000E1	1.529382E1	1.250998E-1
1.753333E1	1.534997E1	1.084279E-1
1.756667E1	1.537767E1	1.200343E-1
1.760000E1	1.538268E1	1.409377E-1
1.763333E1	1.537615E1	1.545884E-1
1.766667E1	1.533288E1	2.611974E-1
1.770000E1	1.526868E1	3.119256E-1
1.773333E1	1.521763E1	3.010377E-1
1.776667E1	1.508061E1	2.777831E-1
1.780000E1	1.499328E1	2.369321E-1
1.783333E1	1.480567E1	1.264973E-1
1.786667E1	1.468750E1	3.662430E-2
1.790000E1	1.463583E1	3.023199E-2
1.793333E1	1.461447E1	4.711049E-2
1.796667E1	1.461071E1	7.257242E-2
1.800000E1	1.472816E1	1.400156E-1
1.803333E1	1.484171E1	1.712573E-1
1.806667E1	1.489871E1	1.511223E-1
1.810000E1	1.504343E1	1.534235E-1
1.813333E1	1.511797E1	1.548388E-1
1.816667E1	1.522738E1	1.179115E-1
1.820000E1	1.527712E1	9.377599E-2
1.823333E1	1.530256E1	8.130964E-2
1.826667E1	1.530539E1	9.109661E-2
1.830000E1	1.530047E1	9.876415E-2
1.833333E1	1.526284E1	2.022294E-1
1.836667E1	1.520066E1	2.566123E-1
1.840000E1	1.517540E1	2.674014E-1
1.843333E1	1.504700E1	2.545769E-1
1.846667E1	1.497070E1	2.032166E-1
1.850000E1	1.477571E1	1.012268E-1
1.853333E1	1.467987E1	6.348265E-3
1.856667E1	1.464963E1	-1.079083E-2
1.860000E1	1.464092E1	-1.138503E-3
1.863333E1	1.465535E1	1.227483E-2
1.866667E1	1.480338E1	7.786087E-2
1.870000E1	1.493602E1	1.048421E-1
1.873333E1	1.496856E1	8.827352E-2
1.876667E1	1.519138E1	8.722069E-2
1.880000E1	1.525738E1	1.003300E-1
1.883333E1	1.538983E1	5.278381E-2
1.886667E1	1.544940E1	2.223609E-2
1.890000E1	1.547469E1	5.873035E-3
1.893333E1	1.549198E1	1.691984E-2
1.896667E1	1.550674E1	2.674177E-2
1.900000E1	1.549212E1	1.308417E-1
1.903333E1	1.546376E1	1.733428E-1
1.906667E1	1.542092E1	1.592093E-1
1.910000E1	1.532417E1	1.309305E-1
1.913333E1	1.525870E1	6.847404E-2
1.916667E1	1.507889E1	-4.448041E-2
1.920000E1	1.498869E1	-1.416228E-1
1.923333E1	1.498590E1	-1.522215E-1
1.926667E1	1.499466E1	-1.588056E-1
1.930000E1	1.501676E1	-1.367066E-1
1.933333E1	1.517212E1	-8.040869E-2
1.936667E1	1.530515E1	-4.551150E-2
1.940000E1	1.532839E1	-5.711706E-2
1.943333E1	1.554583E1	-5.664640E-2
1.946667E1	1.564114E1	-4.057404E-2
1.950000E1	1.579585E1	-7.975159E-2
1.953333E1	1.586632E1	-1.034482E-1
1.956667E1	1.589741E1	-9.035462E-2
1.960000E1	1.591548E1	-6.908246E-2
1.963333E1	1.589952E1	-5.690910E-2
1.966667E1	1.588373E1	4.752089E-2
1.970000E1	1.586801E1	9.497016E-2
1.973333E1	1.584466E1	7.949779E-2
1.976667E1	1.572335E1	5.535376E-2
1.980000E1	1.567133E1	4.526949E-5
1.983333E1	1.550399E1	-1.284517E-1
1.986667E1	1.544108E1	-2.166184E-1
1.990000E1	1.542396E1	-2.234136E-1
1.993333E1	1.542946E1	-2.187968E-1
1.996667E1	1.544940E1	-2.057738E-1
2.000000E1	1.561159E1	-1.383544E-1
2.003333E1	1.574522E1	-1.050471E-1
2.006667E1	1.577275E1	-8.527401E-2
2.010000E1	1.599134E1	-5.973921E-2
2.013333E1	1.608110E1	-5.164405E-2
2.016667E1	1.622605E1	-7.183700E-2
2.020000E1	1.635177E1	-1.083010E-1
2.023333E1	1.639503E1	-1.306481E-1
2.026667E1	1.642339E1	-1.268109E-1
2.030000E1	1.644694E1	-1.156772E-1
2.033333E1	1.644909E1	-1.454872E-2
2.036667E1	1.644945E1	2.982932E-2
2.040000E1	1.642431E1	1.720372E-2
2.043333E1	1.634838E1	-1.939494E-2
2.046667E1	1.630130E1	-5.184300E-2
2.050000E1	1.616494E1	-1.944711E-1
2.053333E1	1.610537E1	-2.920330E-1
2.056667E1	1.608778E1	-3.093391E-1
2.060000E1	1.609919E1	-2.979838E-1
2.063333E1	1.611567E1	-2.786595E-1
2.066667E1	1.629875E1	-2.024582E-1
2.070000E1	1.646597E1	-1.682529E-1
2.073333E1	1.654060E1	-1.599215E-1
2.076667E1	1.674125E1	-1.401204E-1
2.080000E1	1.685550E1	-1.318170E-1
2.083333E1	1.703691E1	-1.606229E-1
2.086667E1	1.714208E1	-1.702566E-1
2.090000E1	1.718726E1	-1.643460E-1
2.093333E1	1.724056E1	-1.449261E-1
2.096667E1	1.724908E1	-1.306333E-1
2.100000E1	1.726981E1	-2.390503E-2
2.103333E1	1.726101E1	2.265453E-2
2.106667E1	1.723306E1	1.565263E-2
2.110000E1	1.717411E1	-1.728658E-2
2.113333E1	1.712872E1	-6.031658E-2
2.116667E1	1.698558E1	-2.063261E-1
2.120000E1	1.693961E1	-2.820869E-1
2.123333E1	1.694300E1	-2.999794E-1
2.126667E1	1.696140E1	-2.960059E-1
2.130000E1	1.697357E1	-2.825812E-1
2.133333E1	1.717054E1	-2.072788E-1
2.136667E1	1.733989E1	-1.659091E-1
2.140000E1	1.739177E1	-1.542238E-1
2.143333E1	1.761223E1	-1.412753E-1
2.146667E1	1.772077E1	-1.252169E-1
2.150000E1	1.790727E1	-1.545042E-1
2.153333E1	1.800997E1	-1.659660E-1
2.156667E1	1.806002E1	-1.607659E-1
2.160000E1	1.811538E1	-1.426063E-1
2.163333E1	1.812915E1	-1.296388E-1
2.166667E1	1.816414E1	-2.624610E-2
2.170000E1	1.817317E1	1.348705E-2
2.173333E1	1.815283E1	1.241172E-2
2.176667E1	1.810493E1	-2.058348E-2
2.180000E1	1.808060E1	-4.598416E-2
2.183333E1	1.796784E1	-1.885923E-1
2.186667E1	1.792599E1	-2.755402E-1
2.190000E1	1.790686E1	-2.977001E-1
2.193333E1	1.792317E1	-2.845807E-1
2.196667E1	1.792996E1	-2.743938E-1
2.200000E1	1.811480E1	-1.835249E-1
2.203333E1	1.827663E1	-1.709465E-1
2.206667E1	1.831902E1	-1.585075E-1
2.210000E1	1.854666E1	-1.421235E-1
2.213333E1	1.867185E1	-1.301400E-1
2.216667E1	1.868060E1	-1.354454E-1
2.220000E1	1.896400E1	-1.776567E-1
2.223333E1	1.899160E1	-1.671033E-1
2.226667E1	1.906848E1	-1.437410E-1
2.230000E1	1.908720E1	-1.259745E-1
2.233333E1	1.911911E1	-4.480828E-2
2.236667E1	1.914095E1	2.637838E-2
2.240000E1	1.912458E1	2.833895E-2
2.243333E1	1.909571E1	-3.747991E-3
2.246667E1	1.905344E1	-5.023343E-2
2.250000E1	1.897911E1	-1.466707E-1
2.253333E1	1.891754E1	-2.700764E-1
2.256667E1	1.890263E1	-2.941572E-1
2.260000E1	1.892643E1	-2.887960E-1
2.263333E1	1.895134E1	-2.674800E-1
2.266667E1	1.908762E1	-2.062291E-1
2.270000E1	1.932993E1	-1.419768E-1
2.273333E1	1.937104E1	-1.456897E-1
2.276667E1	1.963677E1	-1.338843E-1
2.280000E1	1.981877E1	-1.122602E-1
2.283333E1	1.993402E1	-1.400389E-1
2.286667E1	2.006403E1	-1.702849E-1
2.290000E1	2.008311E1	-1.561633E-1
2.293333E1	2.012818E1	-1.317132E-1
2.296667E1	2.015699E1	-9.652611E-2
2.300000E1	2.017441E1	-8.175475E-3
2.303333E1	2.018944E1	6.294397E-2
2.306667E1	2.018088E1	6.829387E-2
2.310000E1	2.012233E1	1.318820E-3
2.313333E1	2.006969E1	-6.113874E-2
2.316667E1	1.999259E1	-1.497465E-1
2.320000E1	1.992178E1	-2.720405E-1
2.323333E1	1.991580E1	-2.806454E-1
2.326667E1	1.999266E1	-2.448951E-1
2.330000E1	2.002964E1	-1.803349E-1
2.333333E1	2.018424E1	-1.493358E-1
2.336667E1	2.041560E1	-1.110247E-1
2.340000E1	2.044313E1	-1.281219E-1
2.343333E1	2.062977E1	-1.339879E-1
2.346667E1	2.081428E1	-9.436343E-2
2.350000E1	2.090578E1	-1.175185E-1
2.353333E1	2.104055E1	-1.563840E-1
2.356667E1	2.106805E1	-1.510294E-1
2.360000E1	2.110192E1	-1.148960E-1
2.363333E1	2.114020E1	-8.870379E-2
2.366667E1	2.115952E1	-8.789037E-3
2.370000E1	2.114293E1	6.569299E-2
2.373333E1	2.112652E1	6.597370E-2
2.376667E1	2.104465E1	2.461807E-3
2.380000E1	2.099131E1	-6.690632E-2
2.383333E1	2.091318E1	-1.446293E-1
2.386667E1	2.082903E1	-2.648053E-1
2.390000E1	2.083484E1	-2.738293E-1
2.393333E1	2.085724E1	-2.592784E-1
2.396667E1	2.092587E1	-2.075549E-1
2.400000E1	2.104653E1	-1.507604E-1
2.403333E1	2.126462E1	-1.097985E-1
2.406667E1	2.129907E1	-1.147851E-1
2.410000E1	2.146824E1	-1.256823E-1
2.413333E1	2.162020E1	-1.111590E-1
2.416667E1	2.170998E1	-1.398480E-1
2.420000E1	2.182991E1	-1.627618E-1
2.423333E1	2.185289E1	-1.523606E-1
2.426667E1	2.187863E1	-1.208369E-1
2.430000E1	2.189065E1	-7.501801E-2
2.433333E1	2.192270E1	-5.992368E-3
2.436667E1	2.191414E1	6.529296E-2
2.440000E1	2.189930E1	7.006451E-2
2.443333E1	2.181554E1	2.213806E-3
2.446667E1	2.176393E1	-6.255799E-2
2.450000E1	2.168963E1	-1.418558E-1
2.453333E1	2.159129E1	-2.772545E-1
2.456667E1	2.157431E1	-2.812308E-1
2.460000E1	2.162969E1	-2.328286E-1
2.463333E1	2.165905E1	-1.947910E-1
2.466667E1	2.177225E1	-1.449456E-1
2.470000E1	2.198547E1	-9.241846E-2
2.473333E1	2.203104E1	-7.221958E-2
2.476667E1	2.222484E1	-6.410640E-2
2.480000E1	2.234543E1	-5.917768E-2
2.483333E1	2.242572E1	-8.307909E-2
2.486667E1	2.252862E1	-1.182035E-1
2.490000E1	2.252948E1	-1.259044E-1
2.493333E1	2.254503E1	-9.035677E-2
2.496667E1	2.255721E1	-5.268098E-2
2.500000E1	2.256519E1	1.517885E-2
2.503333E1	2.253043E1	8.616682E-2
2.506667E1	2.251715E1	7.166002E-2
2.510000E1	2.241072E1	1.134960E-2
2.513333E1	2.232848E1	-6.398574E-2
2.516667E1	2.223025E1	-1.572966E-1
2.520000E1	2.209827E1	-2.782427E-1
2.523333E1	2.206945E1	-2.808528E-1
2.526667E1	2.209188E1	-2.451823E-1
2.530000E1	2.212045E1	-1.755257E-1
2.533333E1	2.222662E1	-1.284554E-1
2.536667E1	2.241859E1	-7.297376E-2
2.540000E1	2.247184E1	-6.318077E-2
2.543333E1	2.261501E1	-5.974176E-2
2.546667E1	2.267963E1	-5.844193E-2
2.550000E1	2.281257E1	-9.835673E-2
2.553333E1	2.287095E1	-1.398728E-1
2.556667E1	2.287195E1	-1.400254E-1
2.560000E1	2.286601E1	-9.756650E-2
2.563333E1	2.285784E1	-6.073985E-2
2.566667E1	2.284351E1	1.269207E-2
2.570000E1	2.279280E1	8.238929E-2
2.573333E1	2.274941E1	8.178523E-2
2.576667E1	2.263393E1	-9.423618E-3
2.580000E1	2.255011E1	-5.810382E-2
2.583333E1	2.243398E1	-1.450234E-1
2.586667E1	2.229272E1	-2.765500E-1
2.590000E1	2.227601E1	-2.812544E-1
2.593333E1	2.229219E1	-2.470482E-1
2.596667E1	2.230177E1	-1.995408E-1
2.600000E1	2.241235E1	-1.474271E-1
2.603333E1	2.258567E1	-9.516922E-2
2.606667E1	2.264682E1	-7.285656E-2
2.610000E1	2.277418E1	-6.660739E-2
2.613333E1	2.286038E1	-6.927118E-2
2.616667E1	2.291720E1	-9.435415E-2
2.620000E1	2.297566E1	-1.262314E-1
2.623333E1	2.299225E1	-1.309722E-1
2.626667E1	2.299501E1	-8.878453E-2
2.630000E1	2.298844E1	-4.968906E-2
2.633333E1	2.298243E1	-4.553294E-4
2.636667E1	2.292288E1	6.375475E-2
2.640000E1	2.288280E1	5.180349E-2
2.643333E1	2.270218E1	-5.671103E-2
2.646667E1	2.268294E1	-8.156427E-2
2.650000E1	2.256724E1	-1.644078E-1
2.653333E1	2.243384E1	-2.895524E-1
2.656667E1	2.241828E1	-2.929996E-1
2.660000E1	2.241835E1	-2.634323E-1
2.663333E1	2.245437E1	-2.397908E-1
2.666667E1	2.256622E1	-1.699091E-1
2.670000E1	2.272600E1	-1.340091E-1
2.673333E1	2.275242E1	-1.327520E-1
2.676667E1	2.292570E1	-1.335203E-1
2.680000E1	2.300975E1	-1.346425E-1
2.683333E1	2.307866E1	-1.545256E-1
2.686667E1	2.314469E1	-1.988893E-1
2.690000E1	2.315156E1	-2.043121E-1
2.693333E1	2.315606E1	-1.787063E-1
2.696667E1	2.314547E1	-1.135286E-1
2.700000E1	2.313999E1	-5.650349E-2
2.703333E1	2.310791E1	1.719444E-3
2.706667E1	2.308356E1	-9.697204E-3
2.710000E1	2.291969E1	-1.322114E-1
2.713333E1	2.290375E1	-1.540132E-1
2.716667E1	2.280736E1	-2.443758E-1
2.720000E1	2.268964E1	-3.495128E-1
2.723333E1	2.269379E1	-3.553439E-1
2.726667E1	2.270894E1	-3.339483E-1
2.730000E1	2.275988E1	-2.908844E-1
2.733333E1	2.287220E1	-2.526720E-1
2.736667E1	2.306951E1	-2.332366E-1
2.740000E1	2.311819E1	-2.133762E-1
2.743333E1	2.328726E1	-2.070562E-1
2.746667E1	2.339472E1	-1.861620E-1
2.750000E1	2.346665E1	-2.088076E-1
2.753333E1	2.357847E1	-2.346309E-1
2.756667E1	2.359189E1	-2.210412E-1
2.760000E1	2.360316E1	-1.921738E-1
2.763333E1	2.359623E1	-1.342370E-1
2.766667E1	2.359465E1	-7.475994E-2
2.770000E1	2.357201E1	-1.420129E-2
2.773333E1	2.355969E1	-1.033493E-2
2.776667E1	2.343656E1	-1.344572E-1
2.780000E1	2.341865E1	-1.590591E-1
2.783333E1	2.330497E1	-2.596872E-1
2.786667E1	2.319563E1	-3.976007E-1
2.790000E1	2.320188E1	-4.171281E-1
2.793333E1	2.325538E1	-3.690650E-1
2.796667E1	2.329145E1	-3.279492E-1
2.800000E1	2.341756E1	-2.897353E-1
2.803333E1	2.361784E1	-2.544348E-1
2.806667E1	2.366386E1	-2.643384E-1
2.810000E1	2.384513E1	-2.609112E-1
2.813333E1	2.399755E1	-2.215810E-1
2.816667E1	2.409040E1	-2.340403E-1
2.820000E1	2.421220E1	-2.444190E-1
2.823333E1	2.423945E1	-2.315816E-1
2.826667E1	2.427376E1	-1.915079E-1
2.830000E1	2.430675E1	-1.451676E-1
2.833333E1	2.432268E1	-8.542772E-2
2.836667E1	2.432770E1	-2.120403E-2
2.840000E1	2.433171E1	-1.488207E-2
2.843333E1	2.424713E1	-1.332995E-1
2.846667E1	2.422604E1	-1.608309E-1
2.850000E1	2.414088E1	-2.516428E-1
2.853333E1	2.407962E1	-3.977563E-1
2.856667E1	2.407575E1	-4.181605E-1
2.860000E1	2.412661E1	-3.683281E-1
2.863333E1	2.420524E1	-3.086780E-1
2.866667E1	2.434211E1	-2.622613E-1
2.870000E1	2.458398E1	-2.338976E-1
2.873333E1	2.462435E1	-2.181667E-1
2.876667E1	2.483585E1	-2.087955E-1
2.880000E1	2.499132E1	-1.936102E-1
2.883333E1	2.510831E1	-2.175600E-1
2.886667E1	2.524763E1	-2.366072E-1
2.890000E1	2.527579E1	-2.206544E-1
2.893333E1	2.534015E1	-1.888313E-1
2.896667E1	2.538164E1	-1.295227E-1
2.900000E1	2.541617E1	-5.901617E-2
2.903333E1	2.546237E1	-3.874686E-3
2.906667E1	2.544605E1	-2.829704E-3
2.910000E1	2.542322E1	-3.078441E-2
2.913333E1	2.534137E1	-1.122148E-1
2.916667E1	2.530175E1	-1.902431E-1
2.920000E1	2.523053E1	-3.274770E-1
2.923333E1	2.522893E1	-3.474734E-1
2.926667E1	2.530638E1	-3.096413E-1
2.930000E1	2.533685E1	-2.517372E-1
2.933333E1	2.549307E1	-2.093806E-1
2.936667E1	2.573694E1	-1.586742E-1
2.940000E1	2.579612E1	-1.388899E-1
2.943333E1	2.598975E1	-1.331219E-1
2.946667E1	2.611869E1	-1.269594E-1
2.950000E1	2.620507E1	-1.368424E-1
2.953333E1	2.635154E1	-1.524076E-1
2.956667E1	2.639111E1	-1.477581E-1
2.960000E1	2.643274E1	-1.094254E-1
2.963333E1	2.647018E1	-8.304050E-2
2.966667E1	2.650126E1	5.937383E-3
2.970000E1	2.651592E1	8.352191E-2
2.973333E1	2.650790E1	7.849047E-2
2.976667E1	2.645244E1	2.826230E-3
2.980000E1	2.638877E1	-6.027862E-2
2.983333E1	2.635979E1	-9.037022E-2
2.986667E1	2.622630E1	-2.522066E-1
2.990000E1	2.622919E1	-2.795676E-1
2.993333E1	2.627350E1	-2.300087E-1
2.996667E1	2.631253E1	-1.867340E-1
3.000000E1	2.644419E1	-1.362713E-1
3.003333E1	2.665578E1	-8.075878E-2
3.006667E1	2.671383E1	-6.918377E-2
3.010000E1	2.689637E1	-6.883665E-2
3.013333E1	2.701676E1	-6.303200E-2
3.016667E1	2.711929E1	-8.456122E-2
3.020000E1	2.721895E1	-1.143383E-1
3.023333E1	2.724826E1	-1.249824E-1
3.026667E1	2.729961E1	-8.543877E-2
3.030000E1	2.731121E1	-4.125233E-2
3.033333E1	2.732831E1	3.124832E-2
3.036667E1	2.732476E1	1.004559E-1
3.040000E1	2.730659E1	8.978092E-2
3.043333E1	2.724192E1	2.241399E-2
3.046667E1	2.717863E1	-4.984474E-2
3.050000E1	2.710018E1	-1.352410E-1
3.053333E1	2.703523E1	-2.207859E-1
3.056667E1	2.702380E1	-2.375443E-1
3.060000E1	2.703466E1	-2.383524E-1
3.063333E1	2.704259E1	-2.080841E-1
3.066667E1	2.719627E1	-1.274839E-1
3.070000E1	2.734021E1	-9.473749E-2
3.073333E1	2.741383E1	-8.124076E-2
3.076667E1	2.759870E1	-6.602159E-2
3.080000E1	2.771798E1	-5.461840E-2
3.083333E1	2.787143E1	-8.296743E-2
3.086667E1	2.795888E1	-1.192437E-1
3.090000E1	2.801313E1	-1.216747E-1
3.093333E1	2.806469E1	-1.094534E-1
3.096667E1	2.810250E1	-9.622975E-2
3.100000E1	2.812807E1	2.125939E-2
3.103333E1	2.813664E1	7.713771E-2
3.106667E1	2.813284E1	7.007181E-2
3.110000E1	2.807548E1	5.901243E-2
3.113333E1	2.803914E1	1.099808E-2
3.116667E1	2.790745E1	-1.329874E-1
3.120000E1	2.784461E1	-2.208826E-1
3.123333E1	2.782287E1	-2.424854E-1
3.126667E1	2.780580E1	-2.526735E-1
3.130000E1	2.783238E1	-2.362951E-1
3.133333E1	2.799577E1	-1.414002E-1
3.136667E1	2.813395E1	-1.235699E-1
3.140000E1	2.818065E1	-1.102608E-1
3.143333E1	2.838669E1	-1.268315E-1
3.146667E1	2.847661E1	-1.196366E-1
3.150000E1	2.860859E1	-1.420759E-1
3.153333E1	2.868303E1	-1.676308E-1
3.156667E1	2.872091E1	-1.520531E-1
3.160000E1	2.877086E1	-1.420237E-1
3.163333E1	2.876690E1	-1.309483E-1
3.166667E1	2.878745E1	-3.451452E-3
3.170000E1	2.881630E1	4.449380E-2
3.173333E1	2.879252E1	6.539467E-2
3.176667E1	2.875202E1	3.870216E-2
3.180000E1	2.869695E1	5.296871E-3
3.183333E1	2.854871E1	-1.453815E-1
3.186667E1	2.847894E1	-2.262667E-1
3.190000E1	2.846157E1	-2.440174E-1
3.193333E1	2.845699E1	-2.407880E-1
3.196667E1	2.846843E1	-2.126057E-1
3.200000E1	2.861007E1	-1.254217E-1
3.203333E1	2.874542E1	-9.464928E-2
3.206667E1	2.877845E1	-8.312305E-2
3.210000E1	2.898731E1	-6.440999E-2
3.213333E1	2.906191E1	-5.890648E-2
3.216667E1	2.918524E1	-8.113729E-2
3.220000E1	2.927176E1	-9.605238E-2
3.223333E1	2.930411E1	-8.545600E-2
3.226667E1	2.934636E1	-7.222871E-2
3.230000E1	2.934410E1	-5.728996E-2
3.233333E1	2.938397E1	5.373449E-2
3.236667E1	2.938736E1	9.333653E-2
3.240000E1	2.936682E1	8.822988E-2
3.243333E1	2.932970E1	5.532123E-2
3.246667E1	2.926944E1	5.949644E-3
3.250000E1	2.914222E1	-1.285432E-1
3.253333E1	2.909759E1	-2.244725E-1
3.256667E1	2.909050E1	-2.409689E-1
3.260000E1	2.908922E1	-2.315867E-1
3.263333E1	2.910624E1	-2.096490E-1
3.266667E1	2.925967E1	-1.258819E-1
3.270000E1	2.939496E1	-9.686224E-2
3.273333E1	2.950932E1	-7.670880E-2
3.276667E1	2.969369E1	-6.924422E-2
3.280000E1	2.975181E1	-6.570993E-2
3.283333E1	2.989519E1	-7.742992E-2
3.286667E1	2.997141E1	-9.178193E-2
3.290000E1	3.001008E1	-8.486609E-2
3.293333E1	3.006609E1	-7.133676E-2
3.296667E1	3.006708E1	-5.284145E-2
3.300000E1	3.009863E1	5.657612E-2
3.303333E1	3.011296E1	1.033816E-1
3.306667E1	3.009120E1	8.957521E-2
3.310000E1	3.005128E1	5.942842E-2
3.313333E1	2.999700E1	1.745498E-2
3.316667E1	2.985862E1	-1.398899E-1
3.320000E1	2.979505E1	-2.132434E-1
3.323333E1	2.980032E1	-2.331935E-1
3.326667E1	2.981083E1	-2.402450E-1
3.330000E1	2.982128E1	-2.079226E-1
3.333333E1	2.996765E1	-1.142562E-1
3.336667E1	3.010712E1	-8.699085E-2
3.340000E1	3.014077E1	-8.584289E-2
3.343333E1	3.034396E1	-6.428945E-2
3.346667E1	3.042980E1	-5.536019E-2
3.350000E1	3.054130E1	-5.978070E-2
3.353333E1	3.061566E1	-8.060009E-2
3.356667E1	3.064628E1	-7.706380E-2
3.360000E1	3.067291E1	-5.399053E-2
3.363333E1	3.068427E1	-4.600035E-2
3.366667E1	3.071983E1	4.422123E-2
3.370000E1	3.070435E1	8.895203E-2
3.373333E1	3.067601E1	8.581013E-2
3.376667E1	3.061678E1	5.387528E-2
3.380000E1	3.055739E1	7.504077E-3
3.383333E1	3.040413E1	-1.383832E-1
3.386667E1	3.033615E1	-2.305260E-1
3.390000E1	3.031838E1	-2.382938E-1
3.393333E1	3.030654E1	-2.261333E-1
3.396667E1	3.032306E1	-2.011763E-1
3.400000E1	3.048228E1	-1.018351E-1
3.403333E1	3.059704E1	-6.385445E-2
3.406667E1	3.063293E1	-7.193554E-2
3.410000E1	3.084387E1	-5.848821E-2
3.413333E1	3.093253E1	-5.308359E-2
3.416667E1	3.104519E1	-5.929148E-2
3.420000E1	3.111995E1	-7.706770E-2
3.423333E1	3.114708E1	-7.748352E-2
3.426667E1	3.117374E1	-4.629543E-2
3.430000E1	3.118542E1	-4.012004E-2
3.433333E1	3.121032E1	5.393252E-2
3.436667E1	3.119328E1	1.023205E-1
3.440000E1	3.116882E1	9.055231E-2
3.443333E1	3.109965E1	5.633766E-2
3.446667E1	3.104779E1	1.141983E-2
3.450000E1	3.089753E1	-1.263189E-1
3.453333E1	3.082531E1	-2.216039E-1
3.456667E1	3.077408E1	-2.620995E-1
3.460000E1	3.075772E1	-2.565533E-1
3.463333E1	3.077562E1	-2.440470E-1
3.466667E1	3.091719E1	-1.391090E-1
3.470000E1	3.103840E1	-1.086875E-1
3.473333E1	3.107282E1	-1.173987E-1
3.476667E1	3.125547E1	-1.186866E-1
3.480000E1	3.135018E1	-1.130274E-1
3.483333E1	3.147808E1	-1.259306E-1
3.486667E1	3.156464E1	-1.461812E-1
3.490000E1	3.159213E1	-1.399522E-1
3.493333E1	3.163701E1	-1.223764E-1
3.496667E1	3.163724E1	-1.143633E-1
3.500000E1	3.165102E1	-1.121508E-2
3.503333E1	3.163250E1	3.475957E-2
3.506667E1	3.159688E1	2.771713E-2
3.510000E1	3.153363E1	-4.490298E-3
3.513333E1	3.148312E1	-4.796452E-2
3.516667E1	3.133776E1	-1.869169E-1
3.520000E1	3.125815E1	-2.808481E-1
3.523333E1	3.123995E1	-3.005485E-1
3.526667E1	3.123980E1	-2.916351E-1
3.530000E1	3.125599E1	-2.709728E-1
3.533333E1	3.142172E1	-1.729948E-1
3.536667E1	3.154389E1	-1.374896E-1
3.540000E1	3.158173E1	-1.383125E-1
3.543333E1	3.178753E1	-1.274326E-1
3.546667E1	3.189386E1	-1.053351E-1
3.550000E1	3.204289E1	-1.033033E-1
3.553333E1	3.211368E1	-1.094025E-1
3.556667E1	3.215285E1	-1.302749E-1
3.560000E1	3.220150E1	-1.013300E-1
3.563333E1	3.219985E1	-7.115154E-2
3.566667E1	3.221953E1	4.322291E-2
3.570000E1	3.220663E1	9.257551E-2
3.573333E1	3.217573E1	9.263676E-2
3.576667E1	3.211223E1	6.488904E-2
3.580000E1	3.206032E1	1.867275E-2
3.583333E1	3.191439E1	-1.192335E-1
3.586667E1	3.182922E1	-2.137506E-1
3.590000E1	3.181707E1	-2.316069E-1
3.593333E1	3.181304E1	-2.326691E-1
3.596667E1	3.183222E1	-2.004021E-1
3.600000E1	3.198419E1	-1.103730E-1
3.603333E1	3.212185E1	-8.448900E-2
3.606667E1	3.214930E1	-8.792701E-2
3.610000E1	3.235401E1	-6.296962E-2
3.613333E1	3.246298E1	-4.628215E-2
3.616667E1	3.262058E1	-7.528774E-2
3.620000E1	3.270844E1	-9.972295E-2
3.623333E1	3.274504E1	-8.862286E-2
3.626667E1	3.279740E1	-7.435097E-2
3.630000E1	3.279064E1	-5.940511E-2
3.633333E1	3.281440E1	6.240712E-2
3.636667E1	3.284311E1	1.134202E-1
3.640000E1	3.281625E1	1.355970E-1
3.643333E1	3.277106E1	1.254396E-1
3.646667E1	3.272518E1	7.714071E-2
3.650000E1	3.259363E1	-4.735643E-2
3.653333E1	3.253661E1	-1.490144E-1
3.656667E1	3.253351E1	-1.687998E-1
3.660000E1	3.253184E1	-1.888240E-1
3.663333E1	3.256856E1	-1.748337E-1
3.666667E1	3.272752E1	-8.472912E-2
3.670000E1	3.285253E1	-5.639636E-2
3.673333E1	3.290425E1	-6.474074E-2
3.676667E1	3.313875E1	-5.631588E-2
3.680000E1	3.324306E1	-3.785753E-2
3.683333E1	3.341445E1	-7.125230E-2
3.686667E1	3.352064E1	-1.051972E-1
3.690000E1	3.355209E1	-8.732847E-2
3.693333E1	3.361694E1	-6.903278E-2
3.696667E1	3.364163E1	-5.864430E-2
3.700000E1	3.369898E1	5.952527E-2
3.703333E1	3.371671E1	1.019849E-1
3.706667E1	3.370017E1	9.806097E-2
3.710000E1	3.366886E1	6.106064E-2
3.713333E1	3.363526E1	4.895090E-2
3.716667E1	3.353196E1	-8.607874E-2
3.720000E1	3.347417E1	-1.853813E-1
3.723333E1	3.348105E1	-2.261735E-1
3.726667E1	3.350227E1	-2.289990E-1
3.730000E1	3.351655E1	-2.123699E-1
3.733333E1	3.376804E1	-8.650455E-2
3.736667E1	3.391455E1	-6.287966E-2
3.740000E1	3.398118E1	-6.267777E-2
3.743333E1	3.420605E1	-6.409101E-2
3.746667E1	3.427445E1	-5.280239E-2
3.750000E1	3.441936E1	-8.134764E-2
3.753333E1	3.449779E1	-1.049987E-1
3.756667E1	3.453519E1	-8.336912E-2
3.760000E1	3.458471E1	-5.506605E-2
3.763333E1	3.458556E1	-4.012925E-2
3.766667E1	3.463834E1	6.378701E-2
3.770000E1	3.464099E1	1.092519E-1
3.773333E1	3.461075E1	1.057415E-1
3.776667E1	3.456231E1	5.431687E-2
3.780000E1	3.450760E1	1.864634E-3
3.783333E1	3.438577E1	-1.429375E-1
3.786667E1	3.433326E1	-2.297191E-1
3.790000E1	3.433831E1	-2.245938E-1
3.793333E1	3.435697E1	-1.895242E-1
3.796667E1	3.439297E1	-1.588717E-1
3.800000E1	3.459468E1	-8.329825E-2
3.803333E1	3.470993E1	-5.076072E-2
3.806667E1	3.480802E1	-6.351491E-2
3.810000E1	3.498172E1	-5.886335E-2
3.813333E1	3.505025E1	-5.179961E-2
3.816667E1	3.519814E1	-7.999570E-2
3.820000E1	3.527484E1	-9.780322E-2
3.823333E1	3.530201E1	-8.467686E-2
3.826667E1	3.534094E1	-5.141764E-2
3.830000E1	3.536054E1	-4.132409E-2
3.833333E1	3.540521E1	6.186555E-2
3.836667E1	3.541292E1	1.028811E-1
3.840000E1	3.539749E1	7.065646E-2
3.843333E1	3.535928E1	4.234155E-2
3.846667E1	3.529095E1	-3.911649E-2
3.850000E1	3.518665E1	-1.818525E-1
3.853333E1	3.515487E1	-2.650014E-1
3.856667E1	3.515336E1	-2.801678E-1
3.860000E1	3.520048E1	-2.475493E-1
3.863333E1	3.522751E1	-2.136052E-1
3.866667E1	3.543552E1	-1.352718E-1
3.870000E1	3.557073E1	-1.174819E-1
3.873333E1	3.563382E1	-1.183516E-1
3.876667E1	3.586479E1	-1.229577E-1
3.880000E1	3.593517E1	-1.105422E-1
3.883333E1	3.603196E1	-1.340933E-1
3.886667E1	3.615833E1	-1.618981E-1
3.890000E1	3.618439E1	-1.532000E-1
3.893333E1	3.622898E1	-1.235502E-1
3.896667E1	3.626344E1	-7.297842E-2
3.900000E1	3.630682E1	-5.661264E-3
3.903333E1	3.633874E1	6.189961E-2
3.906667E1	3.634024E1	6.511559E-2
3.910000E1	3.630238E1	-1.669590E-3
3.913333E1	3.624761E1	-6.460158E-2
3.916667E1	3.617912E1	-1.598454E-1
3.920000E1	3.608643E1	-2.841458E-1
3.923333E1	3.608071E1	-2.932419E-1
3.926667E1	3.611020E1	-2.779993E-1
3.930000E1	3.615946E1	-2.313814E-1
3.933333E1	3.628852E1	-1.591423E-1
3.936667E1	3.650437E1	-1.040529E-1
3.940000E1	3.656402E1	-8.413167E-2
3.943333E1	3.674947E1	-6.855985E-2
3.946667E1	3.686868E1	-5.341001E-2
3.950000E1	3.696409E1	-6.164674E-2
3.953333E1	3.707515E1	-8.596778E-2
3.956667E1	3.709770E1	-7.995521E-2
3.960000E1	3.712970E1	-4.014452E-2
3.963333E1	3.717395E1	-1.502323E-2
3.966667E1	3.718798E1	6.181212E-2
3.970000E1	3.719637E1	1.434799E-1
3.973333E1	3.719115E1	1.425632E-1
3.976667E1	3.713250E1	7.291348E-2
3.980000E1	3.708492E1	1.006888E-2
3.983333E1	3.701144E1	-8.752467E-2
3.986667E1	3.690044E1	-2.172133E-1
3.990000E1	3.688236E1	-2.264523E-1
3.993333E1	3.689232E1	-1.991661E-1
3.996667E1	3.693666E1	-1.442694E-1
4.000000E1	3.706014E1	-7.590268E-2
4.003333E1	3.725701E1	-3.247301E-2
4.006667E1	3.732855E1	-8.951958E-3
4.010000E1	3.746956E1	1.346005E-3
4.013333E1	3.757599E1	1.414815E-2
4.016667E1	3.766052E1	-2.454861E-3
4.020000E1	3.777002E1	-2.080808E-2
4.023333E1	3.780044E1	-1.187623E-2
4.026667E1	3.782738E1	1.524293E-2
4.030000E1	3.783651E1	5.063198E-2
4.033333E1	3.783748E1	1.343081E-1
4.036667E1	3.783721E1	1.977915E-1
4.040000E1	3.781152E1	1.990953E-1
4.043333E1	3.769678E1	1.074336E-1
4.046667E1	3.768048E1	5.435011E-2
4.050000E1	3.756336E1	-3.872459E-2
4.053333E1	3.746745E1	-1.839760E-1
4.056667E1	3.744700E1	-2.068312E-1
4.060000E1	3.747332E1	-1.759606E-1
4.063333E1	3.750922E1	-1.064506E-1
4.066667E1	3.760920E1	-4.513403E-2
4.070000E1	3.779995E1	7.991108E-3
4.073333E1	3.785965E1	6.562027E-3
4.076667E1	3.802978E1	7.214533E-3
4.080000E1	3.814029E1	1.676988E-2
4.083333E1	3.822077E1	-6.351857E-4
4.086667E1	3.832126E1	-4.286653E-2
4.090000E1	3.833824E1	-5.223300E-2
4.093333E1	3.837171E1	-1.155086E-2
4.096667E1	3.837722E1	2.661425E-2
4.100000E1	3.839281E1	9.947446E-2
4.103333E1	3.840064E1	1.572715E-1
4.106667E1	3.837695E1	1.512074E-1
4.110000E1	3.831952E1	1.145295E-1
4.113333E1	3.821651E1	3.071009E-2
4.116667E1	3.814744E1	-6.275976E-2
4.120000E1	3.804532E1	-1.925546E-1
4.123333E1	3.802522E1	-2.118835E-1
4.126667E1	3.803556E1	-1.969414E-1
4.130000E1	3.806887E1	-1.436647E-1
4.133333E1	3.819031E1	-9.079126E-2
4.136667E1	3.837106E1	-6.315779E-3
4.140000E1	3.844196E1	-2.925479E-3
4.143333E1	3.859576E1	-2.026251E-4
4.146667E1	3.867809E1	3.450895E-3
4.150000E1	3.874440E1	-8.476515E-3
4.153333E1	3.881198E1	-4.558453E-2
4.156667E1	3.882884E1	-4.903953E-2
4.160000E1	3.886127E1	-2.425611E-2
4.163333E1	3.887019E1	1.567970E-2
4.166667E1	3.888331E1	8.628349E-2
4.170000E1	3.887432E1	1.512286E-1
4.173333E1	3.885622E1	1.448681E-1
4.176667E1	3.876437E1	5.734810E-2
4.180000E1	3.868664E1	1.151232E-2
4.183333E1	3.858755E1	-7.545890E-2
4.186667E1	3.846341E1	-2.126071E-1
4.190000E1	3.844610E1	-2.200117E-1
4.193333E1	3.844422E1	-1.848062E-1
4.196667E1	3.847383E1	-1.585755E-1
4.200000E1	3.857851E1	-8.428681E-2
4.203333E1	3.873777E1	-4.295097E-2
4.206667E1	3.880068E1	-4.962417E-2
4.210000E1	3.894867E1	-5.953228E-2
4.213333E1	3.901614E1	-4.872605E-2
4.216667E1	3.907944E1	-6.612390E-2
4.220000E1	3.917302E1	-9.410119E-2
4.223333E1	3.917713E1	-8.255873E-2
4.226667E1	3.917964E1	-5.100041E-2
4.230000E1	3.919578E1	-2.094068E-2
4.233333E1	3.919982E1	5.815314E-2
4.236667E1	3.918514E1	1.331381E-1
4.240000E1	3.916459E1	1.423512E-1
4.243333E1	3.905933E1	4.072171E-2
4.246667E1	3.899186E1	2.747369E-2
4.250000E1	3.890708E1	-9.324898E-2
4.253333E1	3.878841E1	-2.023422E-1
4.256667E1	3.878959E1	-2.193798E-1
4.260000E1	3.881240E1	-1.785183E-1
4.263333E1	3.882395E1	-1.285105E-1
4.266667E1	3.893560E1	-6.688350E-2
4.270000E1	3.910896E1	-1.363310E-2
4.273333E1	3.917989E1	-9.220377E-3
4.276667E1	3.932885E1	-1.300321E-3
4.280000E1	3.939232E1	7.486767E-3
4.283333E1	3.944239E1	-5.178759E-3
4.286667E1	3.953476E1	-2.985984E-2
4.290000E1	3.954673E1	-1.906035E-2
4.293333E1	3.955368E1	9.387207E-3
4.296667E1	3.956669E1	6.774413E-2
4.300000E1	3.959940E1	1.382172E-1
4.303333E1	3.959843E1	2.105093E-1
4.306667E1	3.958308E1	2.116413E-1
4.310000E1	3.952802E1	1.803676E-1
4.313333E1	3.942039E1	1.061177E-1
4.316667E1	3.934586E1	-1.062799E-2
4.320000E1	3.920200E1	-1.351854E-1
4.323333E1	3.917811E1	-1.424612E-1
4.326667E1	3.917917E1	-1.276733E-1
4.330000E1	3.920158E1	-8.723781E-2
4.333333E1	3.930060E1	-1.300803E-2
4.336667E1	3.945435E1	2.644626E-2
4.340000E1	3.950577E1	2.187191E-2
4.343333E1	3.965829E1	1.202456E-2
4.346667E1	3.973009E1	2.163027E-2
4.350000E1	3.978628E1	8.170932E-3
4.353333E1	3.987232E1	-1.323949E-2
4.356667E1	3.988998E1	-6.261562E-3
4.360000E1	3.990060E1	2.023640E-2
4.363333E1	3.990325E1	5.246825E-2
4.366667E1	3.990082E1	1.348840E-1
4.370000E1	3.989188E1	2.034511E-1
4.373333E1	3.987412E1	2.037910E-1
4.376667E1	3.975200E1	1.026539E-1
4.380000E1	3.970953E1	7.168534E-2
4.383333E1	3.961606E1	-3.162662E-2
4.386667E1	3.946534E1	-1.499983E-1
4.390000E1	3.945167E1	-1.547982E-1
4.393333E1	3.945048E1	-1.181391E-1
4.396667E1	3.946961E1	-7.911407E-2
4.400000E1	3.956603E1	-8.739294E-3
4.403333E1	3.973127E1	3.175061E-2
4.406667E1	3.977333E1	1.318187E-2
4.410000E1	3.988584E1	1.014853E-2
4.413333E1	3.995215E1	2.075239E-2
4.416667E1	4.001208E1	5.564965E-3
4.420000E1	4.007315E1	-2.254203E-2
4.423333E1	4.009752E1	-1.151089E-2
4.426667E1	4.010829E1	1.850162E-2
4.430000E1	4.011419E1	5.239484E-2
4.433333E1	4.011754E1	1.384761E-1
4.436667E1	4.011173E1	2.000712E-1
4.440000E1	4.009388E1	2.047508E-1
4.443333E1	3.998709E1	1.129445E-1
4.446667E1	3.992072E1	7.898610E-2
4.450000E1	3.981189E1	-9.493846E-3
4.453333E1	3.968697E1	-1.288795E-1
4.456667E1	3.966611E1	-1.410814E-1
4.460000E1	3.965818E1	-1.148864E-1
4.463333E1	3.968546E1	-8.926282E-2
4.466667E1	3.978831E1	-1.137369E-2
4.470000E1	3.993868E1	3.117251E-2
4.473333E1	3.998405E1	9.930987E-3
4.476667E1	4.010815E1	8.405916E-3
4.480000E1	4.019282E1	1.697075E-2
4.483333E1	4.023402E1	4.673897E-3
4.486667E1	4.031355E1	-2.565581E-2
4.490000E1	4.032519E1	-1.315416E-2
4.493333E1	4.032890E1	1.553034E-2
4.496667E1	4.033366E1	5.552565E-2
4.500000E1	4.033932E1	1.346408E-1
4.503333E1	4.032880E1	2.067274E-1
4.506667E1	4.031387E1	2.051546E-1
4.510000E1	4.018688E1	1.054963E-1
4.513333E1	4.013590E1	6.181958E-2
4.516667E1	4.001111E1	-3.869054E-2
4.520000E1	3.992071E1	-1.218055E-1
4.523333E1	3.988257E1	-1.673349E-1
4.526667E1	3.986170E1	-1.461900E-1
4.530000E1	3.987866E1	-1.082212E-1
4.533333E1	3.998091E1	-6.377632E-2
4.536667E1	4.012114E1	-4.268546E-5
4.540000E1	4.016800E1	4.639918E-3
4.543333E1	4.029026E1	5.771237E-3
4.546667E1	4.035043E1	5.840872E-3
4.550000E1	4.038696E1	2.778763E-4
4.553333E1	4.044787E1	-2.690066E-2
4.556667E1	4.046349E1	-1.370783E-2
4.560000E1	4.046431E1	1.823068E-2
4.563333E1	4.046159E1	5.377904E-2
4.566667E1	4.046250E1	1.386464E-1
4.570000E1	4.045189E1	2.042045E-1
4.573333E1	4.043861E1	2.004378E-1
4.576667E1	4.031986E1	9.685440E-2
4.580000E1	4.026793E1	5.152229E-2
4.583333E1	4.016598E1	-3.158395E-2
4.586667E1	4.003317E1	-1.434841E-1
4.590000E1	4.002219E1	-1.526944E-1
4.593333E1	4.002298E1	-1.229006E-1
4.596667E1	4.005102E1	-9.411658E-2
4.600000E1	4.014070E1	-2.136629E-2
4.603333E1	4.029368E1	2.714074E-2
4.606667E1	4.033793E1	7.110704E-3
4.610000E1	4.045908E1	8.657986E-3
4.613333E1	4.053472E1	1.170369E-2
4.616667E1	4.059614E1	-1.254082E-2
4.620000E1	4.066001E1	-4.323653E-2
4.623333E1	4.068163E1	-5.304717E-2
4.626667E1	4.072102E1	-6.425584E-3
4.630000E1	4.073232E1	2.868636E-2
4.633333E1	4.076114E1	1.018430E-1
4.636667E1	4.077278E1	1.523939E-1
4.640000E1	4.075723E1	1.442394E-1
4.643333E1	4.069716E1	7.998330E-2
4.646667E1	4.062304E1	1.161578E-2
4.650000E1	4.055979E1	-8.532825E-2
4.653333E1	4.046004E1	-1.998470E-1
4.656667E1	4.045769E1	-2.196802E-1
4.660000E1	4.048506E1	-2.094989E-1
4.663333E1	4.053235E1	-1.772998E-1
4.666667E1	4.063448E1	-1.152806E-1
4.670000E1	4.082861E1	-6.379617E-2
4.673333E1	4.088809E1	-6.661443E-2
4.676667E1	4.106072E1	-6.333144E-2
4.680000E1	4.115387E1	-4.709453E-2
4.683333E1	4.124390E1	-6.949636E-2
4.686667E1	4.137396E1	-1.055290E-1
4.690000E1	4.140961E1	-8.754429E-2
4.693333E1	4.146461E1	-5.467812E-2
4.696667E1	4.151582E1	-1.226028E-2
4.700000E1	4.157714E1	7.010698E-2
4.703333E1	4.166994E1	1.446294E-1
4.706667E1	4.168225E1	1.334167E-1
4.710000E1	4.166252E1	7.945138E-2
4.713333E1	4.164307E1	5.977674E-3
4.716667E1	4.158176E1	-7.762315E-2
4.720000E1	4.157930E1	-1.170269E-1
4.723333E1	4.157870E1	-1.930076E-1
4.726667E1	4.160867E1	-2.371499E-1
4.730000E1	4.162209E1	-2.137945E-1
4.733333E1	4.177905E1	-1.275553E-1
4.736667E1	4.191457E1	-9.248496E-2
4.740000E1	4.201205E1	-6.403736E-2
4.743333E1	4.221372E1	-6.737467E-2
4.746667E1	4.228926E1	-5.662933E-2
4.750000E1	4.240910E1	-6.390840E-2
4.753333E1	4.249423E1	-8.689643E-2
4.756667E1	4.252980E1	-7.781207E-2
4.760000E1	4.262239E1	-7.271892E-2
4.763333E1	4.264248E1	-5.968470E-2
4.766667E1	4.274198E1	5.911788E-2
4.770000E1	4.281398E1	1.132366E-1
4.773333E1	4.284322E1	1.287952E-1
4.776667E1	4.284670E1	9.496832E-2
4.780000E1	4.284178E1	5.737825E-2
4.783333E1	4.274883E1	-7.195598E-2
4.786667E1	4.273735E1	-1.658031E-1
4.790000E1	4.274027E1	-1.999553E-1
4.793333E1	4.276404E1	-2.299440E-1
4.796667E1	4.278122E1	-2.065865E-1
4.800000E1	4.295494E1	-9.147972E-2
4.803333E1	4.308142E1	-6.189880E-2
4.806667E1	4.315486E1	-6.208971E-2
4.810000E1	4.332840E1	-5.256954E-2
4.813333E1	4.338019E1	-3.963493E-2
4.816667E1	4.352912E1	-4.600824E-2
4.820000E1	4.361666E1	-6.919103E-2
4.823333E1	4.366103E1	-6.800868E-2
4.826667E1	4.374211E1	-5.493287E-2
4.830000E1	4.376884E1	-4.984371E-2
4.833333E1	4.386536E1	6.272752E-2
4.836667E1	4.390808E1	1.070136E-1
4.840000E1	4.392604E1	9.320179E-2
4.843333E1	4.393097E1	5.788910E-2
4.846667E1	4.392564E1	3.624556E-2
4.850000E1	4.383084E1	-8.339326E-2
4.853333E1	4.379258E1	-1.747869E-1
4.856667E1	4.377224E1	-1.965322E-1
4.860000E1	4.378357E1	-2.127310E-1
4.863333E1	4.379211E1	-1.949657E-1
4.866667E1	4.394413E1	-8.881131E-2
4.870000E1	4.405942E1	-5.170662E-2
4.873333E1	4.416065E1	-5.438091E-2
4.876667E1	4.431027E1	-4.849360E-2
4.880000E1	4.436979E1	-4.453577E-2
4.883333E1	4.447116E1	-5.276788E-2
4.886667E1	4.453691E1	-6.376785E-2
4.890000E1	4.458993E1	-6.797626E-2
4.893333E1	4.462844E1	-5.521305E-2
4.896667E1	4.464182E1	-4.135718E-2
4.900000E1	4.472228E1	6.864117E-2
4.903333E1	4.478420E1	1.308257E-1
4.906667E1	4.478951E1	1.382062E-1
4.910000E1	4.479446E1	1.265922E-1
4.913333E1	4.479049E1	1.203454E-1
4.916667E1	4.466229E1	-2.397407E-2
4.920000E1	4.461033E1	-8.965379E-2
4.923333E1	4.460597E1	-1.180431E-1
4.926667E1	4.461437E1	-1.409694E-1
4.930000E1	4.463200E1	-1.218836E-1
4.933333E1	4.477106E1	-1.476018E-2
4.936667E1	4.489869E1	1.092767E-2
4.940000E1	4.494915E1	6.675586E-3
4.943333E1	4.507736E1	1.532924E-2
4.946667E1	4.511971E1	3.282024E-2
4.950000E1	4.521308E1	6.626694E-3
4.953333E1	4.526242E1	-4.576168E-3
4.956667E1	4.530202E1	-4.810410E-3
4.960000E1	4.534009E1	1.852634E-2
4.963333E1	4.535466E1	2.754514E-2
4.966667E1	4.542797E1	1.402167E-1
4.970000E1	4.547691E1	2.079720E-1
4.973333E1	4.548300E1	2.080240E-1
4.976667E1	4.545822E1	1.643362E-1
4.980000E1	4.546691E1	1.274454E-1
4.983333E1	4.535416E1	7.116138E-3
4.986667E1	4.528199E1	-6.634584E-2
4.990000E1	4.524020E1	-1.101703E-1
4.993333E1	4.523433E1	-1.344087E-1
4.996667E1	4.522818E1	-1.159906E-1
5.000000E1	4.534423E1	-1.667558E-2
5.003333E1	4.545150E1	1.234107E-2
5.006667E1	4.549059E1	2.160525E-2
5.010000E1	4.560603E1	2.531329E-2
5.013333E1	4.564424E1	2.628361E-2
5.016667E1	4.569454E1	2.110118E-3
5.020000E1	4.574632E1	-1.371730E-2
5.023333E1	4.577997E1	-1.591893E-2
5.026667E1	4.581039E1	-3.715606E-3
5.030000E1	4.580805E1	7.848115E-3
5.033333E1	4.585340E1	1.249349E-1
5.036667E1	4.590891E1	1.797552E-1
5.040000E1	4.591739E1	1.922966E-1
5.043333E1	4.589641E1	1.518802E-1
5.046667E1	4.589086E1	1.196529E-1
5.050000E1	4.578286E1	3.942159E-3
5.053333E1	4.569647E1	-7.580810E-2
5.056667E1	4.566339E1	-1.209568E-1
5.060000E1	4.563422E1	-1.401000E-1
5.063333E1	4.564259E1	-1.227589E-1
5.066667E1	4.576273E1	-4.316127E-2
5.070000E1	4.585900E1	-2.216237E-2
5.073333E1	4.592584E1	-1.033027E-3
5.076667E1	4.602775E1	6.886960E-3
5.080000E1	4.604689E1	9.756805E-3
5.083333E1	4.609452E1	3.925354E-3
5.086667E1	4.612227E1	-2.391492E-2
5.090000E1	4.614599E1	-1.794525E-2
5.093333E1	4.617363E1	-2.754307E-3
5.096667E1	4.617055E1	1.012511E-2
5.100000E1	4.623261E1	1.099070E-1
5.103333E1	4.627560E1	1.502610E-1
5.106667E1	4.628350E1	1.386908E-1
5.110000E1	4.627133E1	1.043560E-1
5.113333E1	4.626559E1	5.281296E-2
5.116667E1	4.614869E1	-5.578859E-2
5.120000E1	4.608867E1	-1.318089E-1
5.123333E1	4.604432E1	-1.649786E-1
5.126667E1	4.603533E1	-1.677780E-1
5.130000E1	4.605493E1	-1.447210E-1
5.133333E1	4.616562E1	-7.704988E-2
5.136667E1	4.623415E1	-4.431840E-2
5.140000E1	4.631455E1	-3.116745E-2
5.143333E1	4.638718E1	4.479633E-3
5.146667E1	4.640322E1	1.756452E-2
5.150000E1	4.646345E1	8.772138E-3
5.153333E1	4.650161E1	-2.112565E-2
5.156667E1	4.651968E1	-1.202941E-2
5.160000E1	4.655141E1	5.251102E-3
5.163333E1	4.657065E1	1.986240E-2
5.166667E1	4.665505E1	1.151583E-1
5.170000E1	4.669806E1	1.558431E-1
5.173333E1	4.671363E1	1.441861E-1
5.176667E1	4.669916E1	1.061084E-1
5.180000E1	4.669511E1	4.508353E-2
5.183333E1	4.658363E1	-7.716578E-2
5.186667E1	4.646962E1	-1.927475E-1
5.190000E1	4.647351E1	-2.071493E-1
5.193333E1	4.648610E1	-1.877662E-1
5.196667E1	4.650845E1	-1.700172E-1
5.200000E1	4.664027E1	-9.198788E-2
5.203333E1	4.674869E1	-5.742556E-2
5.206667E1	4.678426E1	-4.534334E-2
5.210000E1	4.687669E1	-4.303279E-2
5.213333E1	4.690277E1	-2.761196E-2
5.216667E1	4.694277E1	-4.350763E-2
5.220000E1	4.697753E1	-6.725714E-2
5.223333E1	4.700427E1	-6.069652E-2
5.226667E1	4.705342E1	-2.191298E-2
5.230000E1	4.707091E1	1.865671E-2
5.233333E1	4.715755E1	9.206397E-2
5.236667E1	4.720280E1	1.221997E-1
5.240000E1	4.719428E1	9.297055E-2
5.243333E1	4.717745E1	-3.050845E-2
5.246667E1	4.714398E1	-4.339727E-2
5.250000E1	4.703827E1	-1.699987E-1
5.253333E1	4.699834E1	-2.406245E-1
5.256667E1	4.698656E1	-2.340961E-1
5.260000E1	4.699055E1	-1.892604E-1
5.263333E1	4.701284E1	-1.806115E-1
5.266667E1	4.714489E1	-1.202394E-1
5.270000E1	4.725911E1	-8.943519E-2
5.273333E1	4.731262E1	-6.251062E-2
5.276667E1	4.740143E1	-4.075999E-2
5.280000E1	4.742776E1	-4.192006E-2
5.283333E1	4.746533E1	-6.161835E-2
5.286667E1	4.748628E1	-7.894834E-2
5.290000E1	4.751121E1	-6.596809E-2
5.293333E1	4.753179E1	-5.122444E-2
5.296667E1	4.755029E1	-6.109936E-3
5.300000E1	4.764376E1	7.365220E-2
5.303333E1	4.768224E1	7.893567E-2
5.306667E1	4.766490E1	4.887467E-2
5.310000E1	4.761553E1	-4.661069E-2
5.313333E1	4.761106E1	-9.224254E-2
5.316667E1	4.747014E1	-1.978050E-1
5.320000E1	4.741380E1	-2.585350E-1
5.323333E1	4.740434E1	-2.685836E-1
5.326667E1	4.741226E1	-2.457740E-1
5.330000E1	4.742900E1	-2.013838E-1
5.333333E1	4.754349E1	-1.310429E-1
5.336667E1	4.760757E1	-1.167210E-1
5.340000E1	4.766315E1	-1.047003E-1
5.343333E1	4.770437E1	-6.214114E-2
5.346667E1	4.772536E1	-5.511523E-2
5.350000E1	4.771935E1	-6.767985E-2
5.353333E1	4.773066E1	-7.706153E-2
5.356667E1	4.773120E1	-6.278925E-2
5.360000E1	4.773354E1	-4.430115E-2
5.363333E1	4.774177E1	-2.617274E-2
5.366667E1	4.779686E1	7.778540E-2
5.370000E1	4.781587E1	9.471460E-2
5.373333E1	4.779713E1	5.666402E-2
5.376667E1	4.771269E1	-6.326775E-2
5.380000E1	4.768093E1	-9.666699E-2
5.383333E1	4.751218E1	-1.926813E-1
5.386667E1	4.739643E1	-2.500935E-1
5.390000E1	4.738960E1	-2.266854E-1
5.393333E1	4.735285E1	-2.007426E-1
5.396667E1	4.736728E1	-1.677869E-1
5.400000E1	4.743648E1	-1.188932E-1
5.403333E1	4.748748E1	-5.913179E-2
5.406667E1	4.750898E1	-3.228013E-2
5.410000E1	4.753142E1	-1.089522E-2
5.413333E1	4.751884E1	-6.974122E-3
5.416667E1	4.749732E1	-2.184386E-2
5.420000E1	4.749442E1	-3.450673E-2
5.423333E1	4.749668E1	-2.021584E-2
5.426667E1	4.749333E1	1.082319E-2
5.430000E1	4.750240E1	2.263563E-2
5.433333E1	4.752682E1	1.102591E-1
5.436667E1	4.753307E1	1.311663E-1
5.440000E1	4.752267E1	1.071887E-1
5.443333E1	4.749983E1	3.941253E-2
5.446667E1	4.748672E1	-9.880914E-3
5.450000E1	4.735311E1	-1.239801E-1
5.453333E1	4.723808E1	-1.888138E-1
5.456667E1	4.720084E1	-1.728972E-1
5.460000E1	4.718791E1	-1.353766E-1
5.463333E1	4.721138E1	-1.368477E-1
5.466667E1	4.725816E1	-5.891321E-2
5.470000E1	4.728401E1	-2.477538E-2
5.473333E1	4.731509E1	-2.051103E-2
5.476667E1	4.733696E1	-4.693484E-3
5.480000E1	4.734932E1	-8.282485E-4
5.483333E1	4.734091E1	-2.100598E-2
5.486667E1	4.734591E1	-3.415368E-2
5.490000E1	4.735156E1	-2.254752E-2
5.493333E1	4.734903E1	1.274411E-3
5.496667E1	4.735734E1	1.106739E-2
5.500000E1	4.739573E1	9.775907E-2
5.503333E1	4.739820E1	1.088847E-1
5.506667E1	4.738167E1	9.462565E-2
5.510000E1	4.736267E1	7.451746E-3
5.513333E1	4.734759E1	-3.112671E-2
5.516667E1	4.723118E1	-1.527605E-1
5.520000E1	4.710914E1	-1.963157E-1
5.523333E1	4.707432E1	-1.818513E-1
5.526667E1	4.705639E1	-1.582161E-1
5.530000E1	4.707499E1	-1.516017E-1
5.533333E1	4.713352E1	-7.840361E-2
5.536667E1	4.719545E1	-5.308287E-2
5.540000E1	4.721966E1	-3.189848E-2
5.543333E1	4.723277E1	-1.616831E-2
5.546667E1	4.722504E1	-8.644369E-3
5.550000E1	4.722282E1	-2.764693E-2
5.553333E1	4.722668E1	-3.779449E-2
5.556667E1	4.723472E1	-3.699424E-2
5.560000E1	4.724626E1	-1.060340E-2
5.563333E1	4.724750E1	5.390667E-3
5.566667E1	4.729627E1	8.743215E-2
5.570000E1	4.738830E1	1.302768E-1
5.573333E1	4.740362E1	1.196954E-1
5.576667E1	4.749118E1	7.690005E-2
5.580000E1	4.752369E1	2.067491E-2
5.583333E1	4.753800E1	-2.332385E-2
5.586667E1	4.756513E1	-7.673852E-2
5.590000E1	4.759807E1	-1.012412E-1
5.593333E1	4.765230E1	-1.054271E-1
