	masse A		
t	x	y	
0.000000E0	-7.105427E-15	0.000000E0
3.333333E-2	-1.122446E-2	-4.764274E-4
6.666667E-2	-2.498707E-2	-8.104115E-4
1.000000E-1	-9.437820E-2	-3.106853E-3
1.333333E-1	-1.052395E-1	-1.556390E-3
1.666667E-1	-2.744791E-1	-1.612518E-2
2.000000E-1	-4.091001E-1	-2.354480E-2
2.333333E-1	-4.964173E-1	-1.758111E-2
2.666667E-1	-6.845525E-1	-2.131332E-2
3.000000E-1	-7.943641E-1	-3.593289E-2
3.333333E-1	-1.016762E0	-1.070766E-1
3.666667E-1	-1.094108E0	-1.157536E-1
4.000000E-1	-1.071825E0	-1.430923E-1
4.333333E-1	-1.014102E0	-1.534212E-1
4.666667E-1	-9.303665E-1	-1.457678E-1
5.000000E-1	-6.357220E-1	-1.140307E-1
5.333333E-1	-3.887406E-1	-6.831395E-2
5.666667E-1	-3.487783E-1	-5.533240E-2
6.000000E-1	5.071090E-2	-5.618157E-2
6.333333E-1	2.031111E-1	-5.636480E-2
6.666667E-1	6.210754E-1	-7.019406E-2
7.000000E-1	8.022126E-1	-7.735854E-2
7.333333E-1	8.729641E-1	-6.381606E-2
7.666667E-1	9.949207E-1	-5.495738E-2
8.000000E-1	1.041155E0	-4.897656E-2
8.333333E-1	1.089825E0	7.999473E-3
8.666667E-1	1.081712E0	8.155058E-2
9.000000E-1	1.064260E0	1.061051E-1
9.333333E-1	9.445228E-1	1.581886E-1
9.666667E-1	9.018402E-1	1.703191E-1
1.000000E0	6.464700E-1	1.134250E-1
1.033333E0	4.320227E-1	2.887363E-2
1.066667E0	1.633673E-1	-1.077602E-1
1.100000E0	3.732908E-2	-1.352562E-1
1.133333E0	-3.697660E-3	-1.604164E-1
1.166667E0	-1.101870E-1	-1.886425E-1
1.200000E0	-9.866823E-2	-1.775984E-1
1.233333E0	-1.703429E-2	-1.787690E-1
1.266667E0	2.047689E-1	-1.829154E-1
1.300000E0	3.603609E-1	-1.304472E-1
1.333333E0	7.968876E-1	-1.168642E-1
1.366667E0	1.073748E0	-1.140708E-1
1.400000E0	1.242605E0	-7.858909E-2
1.433333E0	1.447467E0	-6.888581E-2
1.466667E0	1.512020E0	-8.077655E-2
1.500000E0	1.611831E0	-7.491187E-2
1.533333E0	1.596264E0	-4.980430E-2
1.566667E0	1.547016E0	-8.051420E-3
1.600000E0	1.437994E0	1.113428E-1
1.633333E0	1.378138E0	1.357062E-1
1.666667E0	1.143117E0	1.749038E-1
1.700000E0	9.513484E-1	1.177082E-1
1.733333E0	7.152058E-1	2.895209E-2
1.766667E0	5.807904E-1	-1.120448E-2
1.800000E0	5.028228E-1	-7.860058E-2
1.833333E0	3.528455E-1	-1.668767E-1
1.866667E0	3.518376E-1	-1.410425E-1
1.900000E0	3.812354E-1	-1.098521E-1
1.933333E0	5.132873E-1	-5.345561E-2
1.966667E0	6.279934E-1	1.773804E-3
2.000000E0	9.240341E-1	4.987659E-2
2.033333E0	1.098147E0	3.450466E-2
2.066667E0	1.201344E0	3.582256E-2
2.100000E0	1.341728E0	2.109521E-2
2.133333E0	1.375556E0	1.349543E-2
2.166667E0	1.371790E0	1.341799E-2
2.200000E0	1.318777E0	5.644316E-2
2.233333E0	1.243343E0	1.069263E-1
2.266667E0	1.066181E0	2.145497E-1
2.300000E0	9.643583E-1	2.395118E-1
2.333333E0	6.690809E-1	2.163745E-1
2.366667E0	4.282453E-1	1.548700E-1
2.400000E0	2.561033E-1	8.016712E-2
2.433333E0	7.841887E-2	5.509722E-2
2.466667E0	-1.591142E-2	-1.053905E-3
2.500000E0	-1.270099E-1	-2.595941E-2
2.533333E0	-1.152613E-1	2.221321E-2
2.566667E0	2.836157E-3	8.297837E-2
2.600000E0	1.339716E-1	1.046012E-1
2.633333E0	1.948127E-1	1.086579E-1
2.666667E0	5.033760E-1	1.461484E-1
2.700000E0	6.855219E-1	1.571629E-1
2.733333E0	7.658471E-1	1.644188E-1
2.766667E0	9.087884E-1	1.578047E-1
2.800000E0	9.446618E-1	1.517570E-1
2.833333E0	9.511786E-1	1.498437E-1
2.866667E0	8.837266E-1	1.858888E-1
2.900000E0	8.345627E-1	2.244401E-1
2.933333E0	6.751468E-1	3.324662E-1
2.966667E0	6.027665E-1	3.214653E-1
3.000000E0	4.030825E-1	3.072804E-1
3.033333E0	7.758466E-2	2.156521E-1
3.066667E0	-4.250059E-2	1.718772E-1
3.100000E0	-2.064089E-1	1.386184E-1
3.133333E0	-3.646754E-1	3.627330E-2
3.166667E0	-4.823589E-1	-2.288140E-2
3.200000E0	-4.783784E-1	-2.398624E-3
3.233333E0	-4.590123E-1	1.690586E-2
3.266667E0	-3.372502E-1	3.654452E-2
3.300000E0	-1.490917E-1	1.018366E-1
3.333333E0	6.386071E-2	1.279818E-1
3.366667E0	3.746864E-1	1.510369E-1
3.400000E0	3.941701E-1	1.504829E-1
3.433333E0	5.966431E-1	1.578177E-1
3.466667E0	6.899009E-1	1.392042E-1
3.500000E0	7.288540E-1	1.360358E-1
3.533333E0	7.118139E-1	1.665832E-1
3.566667E0	6.960790E-1	1.832898E-1
3.600000E0	6.092498E-1	1.954940E-1
3.633333E0	5.132019E-1	2.706389E-1
3.666667E0	3.659802E-1	2.845037E-1
3.700000E0	9.535489E-2	1.862870E-1
3.733333E0	4.056818E-2	1.479302E-1
3.766667E0	-2.066673E-1	2.809595E-2
3.800000E0	-2.698637E-1	-2.226331E-3
3.833333E0	-3.535681E-1	-8.996598E-2
3.866667E0	-3.348653E-1	-4.361051E-2
3.900000E0	-3.101852E-1	-4.117049E-2
3.933333E0	-1.571703E-1	-3.698495E-2
3.966667E0	-2.925108E-2	1.381591E-3
4.000000E0	2.733805E-1	7.703664E-2
4.033333E0	6.135298E-1	9.391840E-2
4.066667E0	7.014566E-1	9.673870E-2
4.100000E0	8.994149E-1	8.011259E-2
4.133333E0	1.009383E0	5.956745E-2
4.166667E0	1.088954E0	4.019890E-2
4.200000E0	1.097074E0	4.977962E-2
4.233333E0	1.077377E0	7.598951E-2
4.266667E0	1.005453E0	1.222465E-1
4.300000E0	9.294129E-1	1.820106E-1
4.333333E0	8.082285E-1	1.826700E-1
4.366667E0	5.845712E-1	8.896230E-2
4.400000E0	5.451458E-1	5.860295E-2
4.433333E0	3.538890E-1	-3.499699E-2
4.466667E0	3.087759E-1	-7.325537E-2
4.500000E0	1.899543E-1	-1.873051E-1
4.533333E0	2.290951E-1	-1.893613E-1
4.566667E0	2.579519E-1	-1.879252E-1
4.600000E0	3.739914E-1	-1.739484E-1
4.633333E0	6.278066E-1	-7.395750E-2
4.666667E0	8.397680E-1	-4.944613E-2
4.700000E0	1.206706E0	-2.953451E-2
4.733333E0	1.263044E0	-5.028859E-2
4.766667E0	1.459778E0	-5.631698E-2
4.800000E0	1.598300E0	-7.987614E-2
4.833333E0	1.667639E0	-8.030306E-2
4.866667E0	1.685142E0	-4.790568E-2
4.900000E0	1.658627E0	-2.607629E-2
4.933333E0	1.579665E0	4.588197E-2
4.966667E0	1.527942E0	7.758385E-2
5.000000E0	1.399407E0	9.538859E-2
5.033333E0	1.168068E0	-5.307079E-3
5.066667E0	1.049326E0	-6.546300E-2
5.100000E0	8.469464E-1	-1.869364E-1
5.133333E0	8.332605E-1	-2.189028E-1
5.166667E0	7.345131E-1	-2.884828E-1
5.200000E0	7.584465E-1	-2.655719E-1
5.233333E0	7.832040E-1	-2.524856E-1
5.266667E0	9.450185E-1	-2.163343E-1
5.300000E0	1.147079E0	-1.389882E-1
5.333333E0	1.363260E0	-1.058490E-1
5.366667E0	1.706415E0	-9.932164E-2
5.400000E0	1.781714E0	-1.003646E-1
5.433333E0	1.992467E0	-1.248939E-1
5.466667E0	2.109011E0	-1.478164E-1
5.500000E0	2.204792E0	-1.457958E-1
5.533333E0	2.198230E0	-1.024901E-1
5.566667E0	2.161647E0	-8.387652E-2
5.600000E0	2.072796E0	1.585194E-2
5.633333E0	2.014509E0	5.010924E-2
5.666667E0	1.882642E0	2.143218E-2
5.700000E0	1.646242E0	-1.052997E-1
5.733333E0	1.594529E0	-1.349927E-1
5.766667E0	1.427917E0	-2.581680E-1
5.800000E0	1.396967E0	-3.028897E-1
5.833333E0	1.348910E0	-3.258324E-1
5.866667E0	1.453585E0	-2.700869E-1
5.900000E0	1.492148E0	-2.437964E-1
5.933333E0	1.668718E0	-2.290319E-1
5.966667E0	1.905793E0	-1.496664E-1
6.000000E0	2.102237E0	-1.276345E-1
6.033333E0	2.410872E0	-1.171676E-1
6.066667E0	2.490174E0	-1.098673E-1
6.100000E0	2.669407E0	-1.331128E-1
6.133333E0	2.746657E0	-1.461761E-1
6.166667E0	2.806418E0	-1.418277E-1
6.200000E0	2.801938E0	-8.893199E-2
6.233333E0	2.786821E0	-5.346421E-2
6.266667E0	2.693793E0	5.702283E-2
6.300000E0	2.645183E0	8.406402E-2
6.333333E0	2.519781E0	7.177951E-2
6.366667E0	2.290819E0	-4.290996E-2
6.400000E0	2.247266E0	-7.819727E-2
6.433333E0	2.092735E0	-1.965718E-1
6.466667E0	2.059559E0	-2.209243E-1
6.500000E0	2.025737E0	-2.634233E-1
6.533333E0	2.113481E0	-1.998283E-1
6.566667E0	2.158049E0	-1.828786E-1
6.600000E0	2.312441E0	-1.733581E-1
6.633333E0	2.520206E0	-1.042669E-1
6.666667E0	2.738907E0	-9.721459E-2
6.700000E0	3.082282E0	-7.047303E-2
6.733333E0	3.162621E0	-6.596625E-2
6.766667E0	3.333562E0	-6.734771E-2
6.800000E0	3.418611E0	-8.366480E-2
6.833333E0	3.468215E0	-6.230409E-2
6.866667E0	3.461940E0	8.924592E-3
6.900000E0	3.441091E0	4.031128E-2
6.933333E0	3.384718E0	1.075937E-1
6.966667E0	3.322685E0	1.355869E-1
7.000000E0	3.201601E0	1.435078E-1
7.033333E0	2.996079E0	3.457705E-2
7.066667E0	2.960763E0	9.007632E-3
7.100000E0	2.815644E0	-1.147023E-1
7.133333E0	2.752130E0	-1.720754E-1
7.166667E0	2.717998E0	-2.194583E-1
7.200000E0	2.832455E0	-1.453010E-1
7.233333E0	2.876729E0	-1.079257E-1
7.266667E0	3.041677E0	-8.299856E-2
7.300000E0	3.263457E0	-1.745704E-2
7.333333E0	3.456574E0	1.417188E-2
7.366667E0	3.758669E0	4.014566E-2
7.400000E0	3.818273E0	2.383516E-2
7.433333E0	3.984839E0	1.129055E-2
7.466667E0	4.086236E0	3.718690E-3
7.500000E0	4.155381E0	9.439398E-3
7.533333E0	4.167871E0	7.195631E-2
7.566667E0	4.156973E0	1.040412E-1
7.600000E0	4.111121E0	1.635713E-1
7.633333E0	4.061405E0	1.995035E-1
7.666667E0	3.939773E0	2.185627E-1
7.700000E0	3.754303E0	1.098414E-1
7.733333E0	3.710565E0	8.113225E-2
7.766667E0	3.589849E0	-1.674682E-2
7.800000E0	3.498641E0	-7.731251E-2
7.833333E0	3.479662E0	-1.070552E-1
7.866667E0	3.574908E0	-4.827328E-2
7.900000E0	3.634801E0	-4.441804E-2
7.933333E0	3.775856E0	-3.264633E-2
7.966667E0	4.011434E0	6.190545E-2
8.000000E0	4.201900E0	8.050425E-2
8.033333E0	4.487185E0	9.798989E-2
8.066667E0	4.552751E0	9.046672E-2
8.100000E0	4.706842E0	8.010106E-2
8.133333E0	4.807425E0	6.727475E-2
8.166667E0	4.882119E0	6.858680E-2
8.200000E0	4.886195E0	1.138931E-1
8.233333E0	4.880219E0	1.300986E-1
8.266667E0	4.837847E0	2.000228E-1
8.300000E0	4.775922E0	2.537652E-1
8.333333E0	4.664348E0	2.496875E-1
8.366667E0	4.477077E0	1.361548E-1
8.400000E0	4.418741E0	1.000856E-1
8.433333E0	4.302364E0	2.670123E-2
8.466667E0	4.233360E0	-6.679136E-2
8.500000E0	4.212976E0	-9.970614E-2
8.533333E0	4.314255E0	-4.749691E-2
8.566667E0	4.371301E0	-4.037579E-2
8.600000E0	4.526379E0	-3.336993E-2
8.633333E0	4.743144E0	5.654979E-2
8.666667E0	4.954609E0	8.397581E-2
8.700000E0	5.249823E0	9.861288E-2
8.733333E0	5.315547E0	9.373915E-2
8.766667E0	5.468038E0	7.851312E-2
8.800000E0	5.557278E0	5.544608E-2
8.833333E0	5.611018E0	6.064476E-2
8.866667E0	5.599005E0	1.152841E-1
8.900000E0	5.594236E0	1.239582E-1
8.933333E0	5.542546E0	1.985573E-1
8.966667E0	5.494114E0	2.376401E-1
9.000000E0	5.376882E0	2.349096E-1
9.033333E0	5.182778E0	1.151756E-1
9.066667E0	5.131148E0	7.952669E-2
9.100000E0	4.965194E0	-4.120930E-2
9.133333E0	4.930425E0	-8.118295E-2
9.166667E0	4.896185E0	-1.276810E-1
9.200000E0	4.969274E0	-5.679409E-2
9.233333E0	5.009859E0	-4.603123E-2
9.266667E0	5.170533E0	-3.603293E-2
9.300000E0	5.347785E0	3.223264E-2
9.333333E0	5.512684E0	4.411056E-2
9.366667E0	5.799311E0	4.331987E-2
9.400000E0	5.856958E0	1.097082E-2
9.433333E0	5.979140E0	4.757941E-4
9.466667E0	6.092350E0	-1.450812E-2
9.500000E0	6.140083E0	-7.418352E-3
9.533333E0	6.117444E0	5.243851E-2
9.566667E0	6.099317E0	9.925488E-2
9.600000E0	6.053771E0	1.668044E-1
9.633333E0	5.984286E0	1.982300E-1
9.666667E0	5.861224E0	2.055842E-1
9.700000E0	5.659087E0	9.784810E-2
9.733333E0	5.564302E0	3.784147E-2
9.766667E0	5.401347E0	-9.722955E-2
9.800000E0	5.380719E0	-1.372160E-1
9.833333E0	5.331203E0	-1.662685E-1
9.866667E0	5.392456E0	-1.114364E-1
9.900000E0	5.452370E0	-8.353650E-2
9.933333E0	5.610687E0	-5.282440E-2
9.966667E0	5.764839E0	-1.358292E-2
1.000000E1	5.948789E0	1.567589E-2
1.003333E1	6.223459E0	3.307786E-2
1.006667E1	6.281406E0	9.670855E-3
1.010000E1	6.408085E0	5.669196E-4
1.013333E1	6.510443E0	-2.429465E-2
1.016667E1	6.542710E0	-5.116594E-2
1.020000E1	6.554487E0	1.070298E-2
1.023333E1	6.535820E0	5.525994E-2
1.026667E1	6.485774E0	1.098956E-1
1.030000E1	6.428750E0	1.527102E-1
1.033333E1	6.321462E0	1.485147E-1
1.036667E1	6.135807E0	2.558191E-2
1.040000E1	6.096055E0	8.318438E-3
1.043333E1	5.962570E0	-1.236435E-1
1.046667E1	5.866580E0	-1.827948E-1
1.050000E1	5.854374E0	-2.441293E-1
1.053333E1	5.921919E0	-1.703667E-1
1.056667E1	5.965880E0	-1.676069E-1
1.060000E1	6.115735E0	-1.677759E-1
1.063333E1	6.295389E0	-1.079239E-1
1.066667E1	6.509172E0	-1.024457E-1
1.070000E1	6.765834E0	-8.254056E-2
1.073333E1	6.816320E0	-6.599096E-2
1.076667E1	6.971784E0	-6.514629E-2
1.080000E1	7.055446E0	-1.009224E-1
1.083333E1	7.109598E0	-1.126709E-1
1.086667E1	7.133276E0	-5.161672E-2
1.090000E1	7.118232E0	-4.732197E-3
1.093333E1	7.092892E0	4.271640E-2
1.096667E1	7.070584E0	7.591939E-2
1.100000E1	6.980559E0	7.281940E-2
1.103333E1	6.825575E0	-5.616165E-2
1.106667E1	6.811975E0	-6.892238E-2
1.110000E1	6.700731E0	-2.069971E-1
1.113333E1	6.646333E0	-2.914958E-1
1.116667E1	6.607271E0	-3.165921E-1
1.120000E1	6.701584E0	-2.535753E-1
1.123333E1	6.753153E0	-2.403576E-1
1.126667E1	6.910434E0	-2.286404E-1
1.130000E1	7.110728E0	-1.712890E-1
1.133333E1	7.317161E0	-1.690880E-1
1.136667E1	7.540822E0	-1.482569E-1
1.140000E1	7.573410E0	-1.694357E-1
1.143333E1	7.819912E0	-1.762259E-1
1.146667E1	7.925434E0	-1.841046E-1
1.150000E1	8.067851E0	-1.928821E-1
1.153333E1	8.116357E0	-1.596467E-1
1.156667E1	8.119861E0	-1.053375E-1
1.160000E1	8.127814E0	-2.442212E-2
1.163333E1	8.128595E0	-2.120421E-2
1.166667E1	8.065452E0	-4.132321E-2
1.170000E1	7.988255E0	-1.134774E-1
1.173333E1	7.928682E0	-1.997322E-1
1.176667E1	7.825570E0	-3.260567E-1
1.180000E1	7.818683E0	-3.550494E-1
1.183333E1	7.814564E0	-4.246302E-1
1.186667E1	7.868323E0	-3.755890E-1
1.190000E1	7.956359E0	-3.341058E-1
1.193333E1	8.145340E0	-3.242497E-1
1.196667E1	8.264725E0	-2.621783E-1
1.200000E1	8.599085E0	-2.237842E-1
1.203333E1	8.839002E0	-1.894816E-1
1.206667E1	8.878234E0	-1.960182E-1
1.210000E1	9.125780E0	-1.877494E-1
1.213333E1	9.249803E0	-1.902616E-1
1.216667E1	9.430641E0	-1.990575E-1
1.220000E1	9.477553E0	-1.734944E-1
1.223333E1	9.498488E0	-1.407807E-1
1.226667E1	9.529366E0	-3.774247E-2
1.230000E1	9.548995E0	-2.769991E-2
1.233333E1	9.519795E0	-3.821266E-2
1.236667E1	9.434108E0	-9.334408E-2
1.240000E1	9.408387E0	-1.499851E-1
1.243333E1	9.299093E0	-2.904436E-1
1.246667E1	9.265016E0	-3.234144E-1
1.250000E1	9.262239E0	-3.966199E-1
1.253333E1	9.320095E0	-3.674559E-1
1.256667E1	9.402156E0	-3.301617E-1
1.260000E1	9.602932E0	-3.127962E-1
1.263333E1	9.746825E0	-2.450090E-1
1.266667E1	1.007872E1	-2.182711E-1
1.270000E1	1.031493E1	-1.887957E-1
1.273333E1	1.035144E1	-1.890841E-1
1.276667E1	1.060375E1	-1.881528E-1
1.280000E1	1.072668E1	-1.989695E-1
1.283333E1	1.089253E1	-2.013723E-1
1.286667E1	1.096584E1	-1.805920E-1
1.290000E1	1.099462E1	-1.433383E-1
1.293333E1	1.101889E1	-4.419609E-2
1.296667E1	1.101125E1	-2.875182E-2
1.300000E1	1.098602E1	-1.129029E-2
1.303333E1	1.093399E1	-5.898565E-2
1.306667E1	1.087280E1	-1.524770E-1
1.310000E1	1.077442E1	-2.421221E-1
1.313333E1	1.076967E1	-2.785428E-1
1.316667E1	1.076595E1	-3.550609E-1
1.320000E1	1.082010E1	-3.150405E-1
1.323333E1	1.089365E1	-3.239822E-1
1.326667E1	1.112293E1	-3.164490E-1
1.330000E1	1.124363E1	-2.227080E-1
1.333333E1	1.153748E1	-1.692762E-1
1.336667E1	1.176797E1	-1.549495E-1
1.340000E1	1.181220E1	-1.226301E-1
1.343333E1	1.201749E1	-1.279380E-1
1.346667E1	1.212163E1	-1.466073E-1
1.350000E1	1.229663E1	-1.617690E-1
1.353333E1	1.234011E1	-1.279662E-1
1.356667E1	1.236560E1	-7.277854E-2
1.360000E1	1.237620E1	3.107308E-2
1.363333E1	1.237324E1	6.020663E-2
1.366667E1	1.232095E1	1.136580E-1
1.370000E1	1.224599E1	4.909171E-2
1.373333E1	1.220497E1	-9.169404E-3
1.376667E1	1.210289E1	-1.373538E-1
1.380000E1	1.207758E1	-1.576644E-1
1.383333E1	1.205768E1	-2.461705E-1
1.386667E1	1.209719E1	-2.349850E-1
1.390000E1	1.219847E1	-1.884085E-1
1.393333E1	1.237299E1	-1.668543E-1
1.396667E1	1.247881E1	-1.050874E-1
1.400000E1	1.279084E1	-8.341871E-2
1.403333E1	1.298146E1	-5.711158E-2
1.406667E1	1.304705E1	-5.696427E-2
1.410000E1	1.328722E1	-6.157901E-2
1.413333E1	1.336208E1	-7.978062E-2
1.416667E1	1.350320E1	-1.128063E-1
1.420000E1	1.355990E1	-8.642530E-2
1.423333E1	1.358054E1	-1.792558E-2
1.426667E1	1.358564E1	5.884084E-2
1.430000E1	1.358307E1	1.094266E-1
1.433333E1	1.352130E1	1.330370E-1
1.436667E1	1.344059E1	9.336492E-2
1.440000E1	1.342122E1	6.931429E-2
1.443333E1	1.330007E1	-6.459503E-2
1.446667E1	1.325507E1	-1.154564E-1
1.450000E1	1.319980E1	-2.136388E-1
1.453333E1	1.323930E1	-1.905311E-1
1.456667E1	1.334878E1	-1.319734E-1
1.460000E1	1.350253E1	-9.238117E-2
1.463333E1	1.357960E1	-6.048560E-2
1.466667E1	1.383191E1	-3.804347E-2
1.470000E1	1.399852E1	-2.983665E-2
1.473333E1	1.408670E1	-5.064860E-2
1.476667E1	1.427068E1	-5.940259E-2
1.480000E1	1.434344E1	-6.714835E-2
1.483333E1	1.445449E1	-8.683773E-2
1.486667E1	1.447255E1	-5.300666E-2
1.490000E1	1.446260E1	-4.423670E-3
1.493333E1	1.444785E1	8.728191E-2
1.496667E1	1.443960E1	1.156126E-1
1.500000E1	1.436239E1	1.423908E-1
1.503333E1	1.427634E1	9.158849E-2
1.506667E1	1.418486E1	2.826838E-3
1.510000E1	1.407989E1	-7.504415E-2
1.513333E1	1.402604E1	-1.300432E-1
1.516667E1	1.395158E1	-2.195535E-1
1.520000E1	1.397492E1	-1.802778E-1
1.523333E1	1.399378E1	-1.716693E-1
1.526667E1	1.416501E1	-6.677999E-2
1.530000E1	1.422777E1	-4.646631E-2
1.533333E1	1.445481E1	-3.322632E-2
1.536667E1	1.460129E1	-2.607610E-2
1.540000E1	1.467474E1	-4.591129E-2
1.543333E1	1.480135E1	-5.915525E-2
1.546667E1	1.484758E1	-7.125655E-2
1.550000E1	1.492635E1	-8.375992E-2
1.553333E1	1.493422E1	-5.258710E-2
1.556667E1	1.492507E1	1.842816E-4
1.560000E1	1.489297E1	6.430298E-2
1.563333E1	1.486860E1	1.065294E-1
1.566667E1	1.474163E1	1.329548E-1
1.570000E1	1.462180E1	8.562271E-2
1.573333E1	1.447251E1	-3.421103E-3
1.576667E1	1.431950E1	-1.058905E-1
1.580000E1	1.430052E1	-1.257811E-1
1.583333E1	1.419186E1	-2.296109E-1
1.586667E1	1.417716E1	-1.717621E-1
1.590000E1	1.419800E1	-1.715602E-1
1.593333E1	1.436742E1	-7.295875E-2
1.596667E1	1.443577E1	-5.249135E-2
1.600000E1	1.463992E1	-3.261536E-2
1.603333E1	1.477223E1	-2.613476E-2
1.606667E1	1.483261E1	-5.075934E-2
1.610000E1	1.494137E1	-5.697565E-2
1.613333E1	1.496517E1	-6.666823E-2
1.616667E1	1.498819E1	-6.489214E-2
1.620000E1	1.499343E1	-3.075296E-2
1.623333E1	1.498033E1	1.888698E-2
1.626667E1	1.491529E1	1.121916E-1
1.630000E1	1.490321E1	1.279877E-1
1.633333E1	1.474294E1	1.537764E-1
1.636667E1	1.460134E1	8.025269E-2
1.640000E1	1.445737E1	2.706912E-3
1.643333E1	1.428458E1	-9.880889E-2
1.646667E1	1.427136E1	-1.242573E-1
1.650000E1	1.415692E1	-2.135311E-1
1.653333E1	1.416019E1	-1.527838E-1
1.656667E1	1.418629E1	-1.109104E-1
1.660000E1	1.430766E1	-4.646222E-2
1.663333E1	1.437479E1	-1.869826E-2
1.666667E1	1.456938E1	2.155645E-2
1.670000E1	1.470572E1	4.592409E-2
1.673333E1	1.475055E1	2.729046E-2
1.676667E1	1.486283E1	1.191275E-2
1.680000E1	1.489299E1	-1.805498E-3
1.683333E1	1.492053E1	-3.241388E-3
1.686667E1	1.491843E1	3.155804E-2
1.690000E1	1.490487E1	6.636646E-2
1.693333E1	1.483959E1	1.536843E-1
1.696667E1	1.480461E1	1.795882E-1
1.700000E1	1.465348E1	1.742487E-1
1.703333E1	1.452795E1	8.778339E-2
1.706667E1	1.439510E1	6.781509E-3
1.710000E1	1.422448E1	-9.679156E-2
1.713333E1	1.420547E1	-1.210922E-1
1.716667E1	1.410742E1	-2.291769E-1
1.720000E1	1.411081E1	-1.568817E-1
1.723333E1	1.416764E1	-1.146538E-1
1.726667E1	1.428432E1	-6.892182E-2
1.730000E1	1.435532E1	-4.258182E-2
1.733333E1	1.459127E1	-2.657828E-2
1.736667E1	1.472879E1	-1.430880E-2
1.740000E1	1.475545E1	-2.535643E-2
1.743333E1	1.489582E1	-4.779481E-2
1.746667E1	1.493140E1	-5.818031E-2
1.750000E1	1.500482E1	-6.081610E-2
1.753333E1	1.501389E1	-2.987994E-2
1.756667E1	1.501506E1	1.651732E-2
1.760000E1	1.499391E1	9.700525E-2
1.763333E1	1.499205E1	1.138253E-1
1.766667E1	1.489107E1	1.028061E-1
1.770000E1	1.478440E1	3.046134E-2
1.773333E1	1.469618E1	-3.626092E-2
1.776667E1	1.458558E1	-1.726972E-1
1.780000E1	1.456188E1	-2.007028E-1
1.783333E1	1.447654E1	-3.198716E-1
1.786667E1	1.450694E1	-2.786444E-1
1.790000E1	1.457181E1	-2.428664E-1
1.793333E1	1.473655E1	-1.629310E-1
1.796667E1	1.481257E1	-1.424894E-1
1.800000E1	1.505114E1	-1.165832E-1
1.803333E1	1.519411E1	-1.015315E-1
1.806667E1	1.528121E1	-9.915823E-2
1.810000E1	1.543523E1	-1.224326E-1
1.813333E1	1.547339E1	-1.366680E-1
1.816667E1	1.556495E1	-1.444797E-1
1.820000E1	1.559900E1	-1.127726E-1
1.823333E1	1.560386E1	-7.403462E-2
1.826667E1	1.560109E1	1.451103E-2
1.830000E1	1.559395E1	3.646372E-2
1.833333E1	1.551779E1	4.327976E-2
1.836667E1	1.544692E1	-3.389034E-2
1.840000E1	1.537230E1	-1.194397E-1
1.843333E1	1.526468E1	-2.598866E-1
1.846667E1	1.523003E1	-2.839223E-1
1.850000E1	1.518411E1	-3.900043E-1
1.853333E1	1.521407E1	-3.598959E-1
1.856667E1	1.526939E1	-3.350661E-1
1.860000E1	1.544491E1	-2.181613E-1
1.863333E1	1.553009E1	-1.997678E-1
1.866667E1	1.578990E1	-1.831700E-1
1.870000E1	1.595893E1	-1.601727E-1
1.873333E1	1.600787E1	-1.767682E-1
1.876667E1	1.619365E1	-1.931387E-1
1.880000E1	1.622992E1	-2.018736E-1
1.883333E1	1.636142E1	-2.024790E-1
1.886667E1	1.639293E1	-1.769784E-1
1.890000E1	1.639966E1	-1.472073E-1
1.893333E1	1.640207E1	-5.626198E-2
1.896667E1	1.639691E1	-2.677048E-2
1.900000E1	1.634845E1	-2.846288E-3
1.903333E1	1.630152E1	-6.573095E-2
1.906667E1	1.619692E1	-1.873443E-1
1.910000E1	1.609287E1	-3.103711E-1
1.913333E1	1.608327E1	-3.353317E-1
1.916667E1	1.606183E1	-4.269347E-1
1.920000E1	1.609526E1	-3.855178E-1
1.923333E1	1.612531E1	-3.945629E-1
1.926667E1	1.633097E1	-2.921302E-1
1.930000E1	1.638687E1	-2.647891E-1
1.933333E1	1.662687E1	-2.395022E-1
1.936667E1	1.678715E1	-2.046048E-1
1.940000E1	1.683935E1	-2.118965E-1
1.943333E1	1.701008E1	-2.113335E-1
1.946667E1	1.708375E1	-2.151136E-1
1.950000E1	1.719002E1	-2.245882E-1
1.953333E1	1.722243E1	-1.833044E-1
1.956667E1	1.724665E1	-1.548229E-1
1.960000E1	1.725969E1	-4.632179E-2
1.963333E1	1.725048E1	-3.129037E-2
1.966667E1	1.720643E1	-1.337112E-3
1.970000E1	1.713261E1	-6.299799E-2
1.973333E1	1.710704E1	-8.480218E-2
1.976667E1	1.699903E1	-2.019028E-1
1.980000E1	1.694983E1	-2.679442E-1
1.983333E1	1.692500E1	-3.403976E-1
1.986667E1	1.696206E1	-3.275435E-1
1.990000E1	1.701584E1	-2.933321E-1
1.993333E1	1.716093E1	-2.417572E-1
1.996667E1	1.727360E1	-2.059837E-1
2.000000E1	1.742022E1	-1.768646E-1
2.003333E1	1.767276E1	-1.545008E-1
2.006667E1	1.776349E1	-1.520777E-1
2.010000E1	1.791754E1	-1.390674E-1
2.013333E1	1.797249E1	-1.658381E-1
2.016667E1	1.801818E1	-1.676216E-1
2.020000E1	1.808736E1	-1.115894E-1
2.023333E1	1.809979E1	-9.358745E-2
2.026667E1	1.812201E1	-9.636186E-3
2.030000E1	1.811437E1	2.857212E-2
2.033333E1	1.807682E1	3.884344E-2
2.036667E1	1.797757E1	-1.006891E-1
2.040000E1	1.795094E1	-1.351152E-1
2.043333E1	1.785355E1	-2.808315E-1
2.046667E1	1.781831E1	-2.947019E-1
2.050000E1	1.780163E1	-3.118965E-1
2.053333E1	1.788089E1	-2.597024E-1
2.056667E1	1.795205E1	-2.216354E-1
2.060000E1	1.808992E1	-1.879580E-1
2.063333E1	1.824150E1	-1.338557E-1
2.066667E1	1.839240E1	-1.060862E-1
2.070000E1	1.862181E1	-9.171435E-2
2.073333E1	1.867852E1	-8.611055E-2
2.076667E1	1.880310E1	-7.084914E-2
2.080000E1	1.885687E1	-1.101820E-1
2.083333E1	1.889951E1	-1.177607E-1
2.086667E1	1.895704E1	-5.309095E-2
2.090000E1	1.897813E1	-1.209665E-2
2.093333E1	1.898513E1	5.926843E-2
2.096667E1	1.897544E1	1.144802E-1
2.100000E1	1.893855E1	1.181501E-1
2.103333E1	1.883464E1	-2.404795E-2
2.106667E1	1.881593E1	-6.076189E-2
2.110000E1	1.871025E1	-1.908643E-1
2.113333E1	1.867581E1	-2.307940E-1
2.116667E1	1.865385E1	-2.591643E-1
2.120000E1	1.871157E1	-2.011285E-1
2.123333E1	1.874319E1	-1.779859E-1
2.126667E1	1.893034E1	-8.542600E-2
2.130000E1	1.902755E1	-5.371627E-2
2.133333E1	1.918077E1	-4.211507E-2
2.136667E1	1.939620E1	-3.015263E-2
2.140000E1	1.944576E1	-4.496847E-2
2.143333E1	1.956539E1	-5.604631E-2
2.146667E1	1.962667E1	-7.380811E-2
2.150000E1	1.968090E1	-6.402487E-2
2.153333E1	1.971645E1	-1.096124E-2
2.156667E1	1.970366E1	3.678393E-2
2.160000E1	1.970425E1	1.111424E-1
2.163333E1	1.970625E1	1.357853E-1
2.166667E1	1.965265E1	1.661029E-1
2.170000E1	1.954997E1	3.423565E-2
2.173333E1	1.952652E1	2.457947E-3
2.176667E1	1.940626E1	-1.242518E-1
2.180000E1	1.938025E1	-1.529158E-1
2.183333E1	1.934794E1	-2.009034E-1
2.186667E1	1.939165E1	-1.160583E-1
2.190000E1	1.945216E1	-8.248308E-2
2.193333E1	1.960161E1	-4.239973E-2
2.196667E1	1.970300E1	6.883750E-3
2.200000E1	1.983847E1	2.908817E-2
2.203333E1	2.003696E1	4.080501E-2
2.206667E1	2.008605E1	3.258612E-2
2.210000E1	2.020190E1	2.081769E-3
2.213333E1	2.025068E1	-9.513583E-3
2.216667E1	2.029780E1	2.916305E-3
2.220000E1	2.034164E1	5.440023E-2
2.223333E1	2.033356E1	1.025210E-1
2.226667E1	2.033373E1	1.930866E-1
2.230000E1	2.033241E1	2.169560E-1
2.233333E1	2.027719E1	2.279934E-1
2.236667E1	2.015441E1	1.073766E-1
2.240000E1	2.013688E1	6.905617E-2
2.243333E1	1.999613E1	-4.609182E-2
2.246667E1	1.995988E1	-7.875052E-2
2.250000E1	1.991583E1	-1.439735E-1
2.253333E1	1.997059E1	-5.570264E-2
2.256667E1	1.999906E1	-4.443029E-2
2.260000E1	2.011315E1	-2.519162E-2
2.263333E1	2.025035E1	3.454718E-2
2.266667E1	2.039584E1	6.413456E-2
2.270000E1	2.060099E1	7.475218E-2
2.273333E1	2.064213E1	8.011018E-2
2.276667E1	2.072387E1	6.726779E-2
2.280000E1	2.076250E1	3.427321E-2
2.283333E1	2.079343E1	2.101877E-2
2.286667E1	2.079584E1	7.399256E-2
2.290000E1	2.078225E1	1.086933E-1
2.293333E1	2.077706E1	1.976585E-1
2.296667E1	2.076433E1	2.431774E-1
2.300000E1	2.070205E1	2.457380E-1
2.303333E1	2.055890E1	1.065067E-1
2.306667E1	2.052842E1	8.162168E-2
2.310000E1	2.040474E1	-4.431638E-2
2.313333E1	2.033653E1	-9.956736E-2
2.316667E1	2.029175E1	-1.779407E-1
2.320000E1	2.033438E1	-9.710242E-2
2.323333E1	2.039338E1	-7.730144E-2
2.326667E1	2.052424E1	-2.927671E-2
2.330000E1	2.062589E1	4.743394E-3
2.333333E1	2.075831E1	3.344996E-2
2.336667E1	2.094571E1	3.102707E-2
2.340000E1	2.099313E1	1.463427E-2
2.343333E1	2.106009E1	5.966914E-3
2.346667E1	2.109117E1	8.256972E-4
2.350000E1	2.117064E1	-3.029030E-3
2.353333E1	2.119447E1	6.071431E-2
2.356667E1	2.119522E1	8.175607E-2
2.360000E1	2.119540E1	1.826040E-1
2.363333E1	2.118900E1	2.181421E-1
2.366667E1	2.114957E1	2.273267E-1
2.370000E1	2.101063E1	9.649822E-2
2.373333E1	2.096886E1	6.242243E-2
2.376667E1	2.086007E1	-6.277850E-2
2.380000E1	2.080123E1	-1.006937E-1
2.383333E1	2.076341E1	-1.523325E-1
2.386667E1	2.081521E1	-8.148956E-2
2.390000E1	2.085233E1	-6.832546E-2
2.393333E1	2.097586E1	-4.972970E-2
2.396667E1	2.108878E1	2.417765E-2
2.400000E1	2.114141E1	1.829030E-2
2.403333E1	2.140263E1	2.155440E-2
2.406667E1	2.142672E1	-8.064078E-5
2.410000E1	2.151591E1	-2.685003E-2
2.413333E1	2.154495E1	-4.533095E-2
2.416667E1	2.158482E1	-3.968598E-2
2.420000E1	2.160337E1	2.382801E-2
2.423333E1	2.161665E1	4.065830E-2
2.426667E1	2.162588E1	1.284228E-1
2.430000E1	2.162832E1	1.616483E-1
2.433333E1	2.160047E1	1.469189E-1
2.436667E1	2.148724E1	4.898240E-2
2.440000E1	2.145188E1	2.325735E-2
2.443333E1	2.134836E1	-1.250086E-1
2.446667E1	2.132125E1	-1.706748E-1
2.450000E1	2.130303E1	-2.027321E-1
2.453333E1	2.135503E1	-1.510791E-1
2.456667E1	2.139106E1	-1.212161E-1
2.460000E1	2.155206E1	-1.245726E-1
2.463333E1	2.164148E1	-7.694910E-2
2.466667E1	2.177356E1	-5.520852E-2
2.470000E1	2.195388E1	-5.500378E-2
2.473333E1	2.200071E1	-7.260987E-2
2.476667E1	2.208383E1	-8.983687E-2
2.480000E1	2.213507E1	-1.021962E-1
2.483333E1	2.217119E1	-9.155002E-2
2.486667E1	2.221190E1	-1.747688E-2
2.490000E1	2.221219E1	1.909091E-2
2.493333E1	2.222548E1	1.019008E-1
2.496667E1	2.221881E1	1.485774E-1
2.500000E1	2.218540E1	1.377404E-1
2.503333E1	2.207506E1	3.096714E-2
2.506667E1	2.203837E1	8.080426E-3
2.510000E1	2.197450E1	-8.742039E-2
2.513333E1	2.191303E1	-1.734121E-1
2.516667E1	2.188072E1	-2.112645E-1
2.520000E1	2.193431E1	-1.404963E-1
2.523333E1	2.197108E1	-1.300224E-1
2.526667E1	2.209061E1	-1.111488E-1
2.530000E1	2.219627E1	-4.718395E-2
2.533333E1	2.235046E1	-4.193040E-2
2.536667E1	2.254788E1	-2.590096E-2
2.540000E1	2.259722E1	-1.999333E-2
2.543333E1	2.268936E1	-3.307339E-2
2.546667E1	2.274081E1	-4.315915E-2
2.550000E1	2.279591E1	-3.926230E-2
2.553333E1	2.281632E1	3.118247E-2
2.556667E1	2.283438E1	7.141552E-2
2.560000E1	2.284939E1	1.642805E-1
2.563333E1	2.285464E1	1.806391E-1
2.566667E1	2.282289E1	1.912793E-1
2.570000E1	2.271060E1	9.234640E-2
2.573333E1	2.268713E1	4.890150E-2
2.576667E1	2.258306E1	-7.072046E-2
2.580000E1	2.254756E1	-1.113706E-1
2.583333E1	2.251295E1	-1.695501E-1
2.586667E1	2.255640E1	-8.210690E-2
2.590000E1	2.259000E1	-6.906352E-2
2.593333E1	2.270298E1	-5.288968E-2
2.596667E1	2.283571E1	2.610056E-2
2.600000E1	2.297842E1	5.183959E-2
2.603333E1	2.316272E1	5.932951E-2
2.606667E1	2.320135E1	5.769415E-2
2.610000E1	2.328187E1	4.572746E-2
2.613333E1	2.332174E1	2.978506E-2
2.616667E1	2.338502E1	3.205314E-2
2.620000E1	2.342044E1	9.349695E-2
2.623333E1	2.342897E1	1.152611E-1
2.626667E1	2.344187E1	2.056409E-1
2.630000E1	2.344283E1	2.384668E-1
2.633333E1	2.341517E1	2.249815E-1
2.636667E1	2.330268E1	9.280375E-2
2.640000E1	2.328209E1	5.435332E-2
2.643333E1	2.320371E1	-5.288052E-2
2.646667E1	2.317578E1	-8.098752E-2
2.650000E1	2.313490E1	-1.984429E-1
2.653333E1	2.320351E1	-1.088116E-1
2.656667E1	2.324257E1	-8.236961E-2
2.660000E1	2.338291E1	-6.294630E-2
2.663333E1	2.349608E1	-2.462276E-2
2.666667E1	2.364101E1	-8.595527E-3
2.670000E1	2.385435E1	5.529690E-4
2.673333E1	2.389167E1	-7.968499E-3
2.676667E1	2.402190E1	-3.015558E-2
2.680000E1	2.407719E1	-4.939317E-2
2.683333E1	2.412803E1	-6.970676E-2
2.686667E1	2.419617E1	-6.859476E-3
2.690000E1	2.422125E1	2.670656E-2
2.693333E1	2.425287E1	1.188122E-1
2.696667E1	2.429034E1	1.602066E-1
2.700000E1	2.428418E1	1.495254E-1
2.703333E1	2.421941E1	5.456480E-2
2.706667E1	2.419046E1	1.356823E-2
2.710000E1	2.413386E1	-1.225094E-1
2.713333E1	2.411812E1	-1.726049E-1
2.716667E1	2.411184E1	-2.176472E-1
2.720000E1	2.419094E1	-1.690353E-1
2.723333E1	2.425324E1	-1.422268E-1
2.726667E1	2.443027E1	-1.248516E-1
2.730000E1	2.453703E1	-5.951637E-2
2.733333E1	2.469440E1	-5.585048E-2
2.736667E1	2.494193E1	-6.085559E-2
2.740000E1	2.497194E1	-7.104027E-2
2.743333E1	2.510921E1	-8.609386E-2
2.746667E1	2.517339E1	-1.078552E-1
2.750000E1	2.523752E1	-1.104306E-1
2.753333E1	2.527955E1	-7.911830E-2
2.756667E1	2.531231E1	-4.182062E-2
2.760000E1	2.536663E1	4.508311E-2
2.763333E1	2.539960E1	1.015133E-1
2.766667E1	2.541675E1	1.216202E-1
2.770000E1	2.535216E1	4.724467E-2
2.773333E1	2.532949E1	1.005518E-2
2.776667E1	2.528314E1	-1.345827E-1
2.780000E1	2.527306E1	-1.863151E-1
2.783333E1	2.527243E1	-2.273856E-1
2.786667E1	2.535028E1	-1.793141E-1
2.790000E1	2.540831E1	-1.402981E-1
2.793333E1	2.558996E1	-9.822092E-2
2.796667E1	2.569659E1	-2.694147E-2
2.800000E1	2.585327E1	-2.278059E-2
2.803333E1	2.594083E1	-2.138544E-2
2.806667E1	2.604030E1	-2.325569E-2
2.810000E1	2.619476E1	-1.392817E-2
2.813333E1	2.625164E1	-2.881476E-2
2.816667E1	2.636243E1	-3.055022E-2
2.820000E1	2.640263E1	2.898111E-4
2.823333E1	2.645360E1	4.468951E-2
2.826667E1	2.650711E1	1.091070E-1
2.830000E1	2.652643E1	1.448705E-1
2.833333E1	2.652372E1	1.561038E-1
2.836667E1	2.651113E1	1.089511E-1
2.840000E1	2.649324E1	8.029597E-2
2.843333E1	2.640214E1	-5.942455E-2
2.846667E1	2.639985E1	-1.146277E-1
2.850000E1	2.635467E1	-2.066667E-1
2.853333E1	2.638000E1	-1.938499E-1
2.856667E1	2.651378E1	-1.172055E-1
2.860000E1	2.661986E1	-6.603906E-2
2.863333E1	2.666184E1	-6.006803E-2
2.866667E1	2.690886E1	-2.507048E-2
2.870000E1	2.707385E1	-8.212984E-3
2.873333E1	2.711339E1	-1.431766E-2
2.876667E1	2.723869E1	-1.297406E-2
2.880000E1	2.727333E1	-2.237938E-2
2.883333E1	2.739054E1	-3.295953E-2
2.886667E1	2.742340E1	-5.061657E-3
2.890000E1	2.746468E1	4.485099E-2
2.893333E1	2.750324E1	1.372182E-1
2.896667E1	2.753066E1	1.539450E-1
2.900000E1	2.753029E1	1.734184E-1
2.903333E1	2.750791E1	1.303752E-1
2.906667E1	2.750485E1	1.044125E-1
2.910000E1	2.739877E1	-2.726007E-2
2.913333E1	2.736669E1	-7.067111E-2
2.916667E1	2.733386E1	-1.725746E-1
2.920000E1	2.734253E1	-1.355260E-1
2.923333E1	2.742235E1	-7.967841E-2
2.926667E1	2.754697E1	-3.098041E-2
2.930000E1	2.759592E1	7.113321E-3
2.933333E1	2.781039E1	3.397418E-2
2.936667E1	2.793980E1	5.396164E-2
2.940000E1	2.802079E1	6.279490E-2
2.943333E1	2.811145E1	5.422677E-2
2.946667E1	2.813996E1	4.788037E-2
2.950000E1	2.822162E1	3.533125E-2
2.953333E1	2.824840E1	6.770240E-2
2.956667E1	2.825522E1	9.472825E-2
2.960000E1	2.829743E1	1.973186E-1
2.963333E1	2.831888E1	2.162583E-1
2.966667E1	2.829135E1	2.381966E-1
2.970000E1	2.827074E1	1.841172E-1
2.973333E1	2.823637E1	1.389905E-1
2.976667E1	2.812573E1	1.725867E-2
2.980000E1	2.811362E1	-3.085064E-2
2.983333E1	2.803248E1	-1.211749E-1
2.986667E1	2.805154E1	-9.487363E-2
2.990000E1	2.808045E1	-5.510142E-2
2.993333E1	2.821712E1	4.829571E-2
2.996667E1	2.826174E1	6.007305E-2
3.000000E1	2.845893E1	7.838091E-2
3.003333E1	2.856731E1	7.424832E-2
3.006667E1	2.863277E1	6.714749E-2
3.010000E1	2.873216E1	5.662225E-2
3.013333E1	2.876105E1	4.612391E-2
3.016667E1	2.881367E1	3.997046E-2
3.020000E1	2.882910E1	6.485574E-2
3.023333E1	2.883322E1	1.096431E-1
3.026667E1	2.885261E1	2.030080E-1
3.030000E1	2.888341E1	2.419594E-1
3.033333E1	2.885075E1	2.965182E-1
3.036667E1	2.881597E1	2.420400E-1
3.040000E1	2.879567E1	2.425547E-1
3.043333E1	2.866327E1	1.177919E-1
3.046667E1	2.862279E1	7.254381E-2
3.050000E1	2.852916E1	-2.976648E-2
3.053333E1	2.854163E1	1.205218E-2
3.056667E1	2.859748E1	6.560366E-2
3.060000E1	2.869284E1	1.171977E-1
3.063333E1	2.873164E1	1.502558E-1
3.066667E1	2.891929E1	1.611246E-1
3.070000E1	2.903679E1	1.511752E-1
3.073333E1	2.907398E1	1.465846E-1
3.076667E1	2.916051E1	1.299990E-1
3.080000E1	2.918826E1	1.226599E-1
3.083333E1	2.922197E1	1.206283E-1
3.086667E1	2.924610E1	1.498310E-1
3.090000E1	2.925047E1	1.923177E-1
3.093333E1	2.926303E1	3.052023E-1
3.096667E1	2.926651E1	3.102916E-1
3.100000E1	2.922446E1	3.332796E-1
3.103333E1	2.917527E1	2.720008E-1
3.106667E1	2.914245E1	2.502542E-1
3.110000E1	2.901440E1	1.275861E-1
3.113333E1	2.896012E1	8.675869E-2
3.116667E1	2.886404E1	-1.362655E-2
3.120000E1	2.887087E1	1.637348E-2
3.123333E1	2.890702E1	4.240426E-2
3.126667E1	2.900858E1	1.290170E-1
3.130000E1	2.903907E1	1.434135E-1
3.133333E1	2.920185E1	1.662871E-1
3.136667E1	2.931535E1	1.562423E-1
3.140000E1	2.935854E1	1.399094E-1
3.143333E1	2.944057E1	1.196356E-1
3.146667E1	2.945797E1	1.082229E-1
3.150000E1	2.949195E1	9.250615E-2
3.153333E1	2.951600E1	1.137520E-1
3.156667E1	2.951724E1	1.700720E-1
3.160000E1	2.952454E1	2.697457E-1
3.163333E1	2.953363E1	2.993192E-1
3.166667E1	2.949620E1	3.129149E-1
3.170000E1	2.943453E1	2.689186E-1
3.173333E1	2.941600E1	2.402483E-1
3.176667E1	2.924986E1	1.182810E-1
3.180000E1	2.920992E1	8.157279E-2
3.183333E1	2.911006E1	-2.638335E-2
3.186667E1	2.910711E1	5.627285E-3
3.190000E1	2.916471E1	5.307403E-2
3.193333E1	2.923056E1	9.513090E-2
3.196667E1	2.927687E1	1.313952E-1
3.200000E1	2.945856E1	1.497213E-1
3.203333E1	2.954954E1	1.490303E-1
3.206667E1	2.958192E1	1.467975E-1
3.210000E1	2.964869E1	1.244161E-1
3.213333E1	2.967163E1	1.156804E-1
3.216667E1	2.970676E1	1.015479E-1
3.220000E1	2.972538E1	1.333569E-1
3.223333E1	2.973427E1	1.906834E-1
3.226667E1	2.974587E1	2.578203E-1
3.230000E1	2.974847E1	2.889552E-1
3.233333E1	2.970175E1	3.036461E-1
3.236667E1	2.962764E1	2.269733E-1
3.240000E1	2.959007E1	1.895392E-1
3.243333E1	2.945620E1	4.890464E-2
3.246667E1	2.940151E1	4.226606E-3
3.250000E1	2.929688E1	-9.768083E-2
3.253333E1	2.929210E1	-6.504030E-2
3.256667E1	2.933946E1	-3.855571E-2
3.260000E1	2.942058E1	4.040820E-2
3.263333E1	2.944427E1	5.733858E-2
3.266667E1	2.964581E1	7.776226E-2
3.270000E1	2.974174E1	7.665716E-2
3.273333E1	2.978266E1	6.839454E-2
3.276667E1	2.986470E1	5.054076E-2
3.280000E1	2.988457E1	4.292296E-2
3.283333E1	2.991673E1	3.215040E-2
3.286667E1	2.990490E1	6.924215E-2
3.290000E1	2.990066E1	1.045544E-1
3.293333E1	2.990512E1	2.038384E-1
3.296667E1	2.990662E1	2.240694E-1
3.300000E1	2.986095E1	2.398470E-1
3.303333E1	2.980545E1	1.689425E-1
3.306667E1	2.975646E1	1.310069E-1
3.310000E1	2.960646E1	-5.306216E-3
3.313333E1	2.958508E1	-4.177554E-2
3.316667E1	2.946570E1	-1.419824E-1
3.320000E1	2.946995E1	-1.168743E-1
3.323333E1	2.948822E1	-7.342690E-2
3.326667E1	2.958759E1	9.178714E-3
3.330000E1	2.960746E1	1.619907E-2
3.333333E1	2.980669E1	2.934609E-2
3.336667E1	2.989495E1	5.625742E-2
3.340000E1	2.993492E1	6.167100E-2
3.343333E1	3.001255E1	4.760237E-2
3.346667E1	3.003582E1	3.885329E-2
3.350000E1	3.007047E1	3.358785E-2
3.353333E1	3.009456E1	6.603389E-2
3.356667E1	3.010158E1	9.703473E-2
3.360000E1	3.011088E1	2.008420E-1
3.363333E1	3.011498E1	2.192998E-1
3.366667E1	3.008144E1	2.283299E-1
3.370000E1	3.003816E1	1.558804E-1
3.373333E1	2.996241E1	8.309372E-2
3.376667E1	2.983794E1	-5.783300E-2
3.380000E1	2.981304E1	-9.164137E-2
3.383333E1	2.970544E1	-1.973642E-1
3.386667E1	2.974838E1	-1.662783E-1
3.390000E1	2.981439E1	-1.047854E-1
3.393333E1	2.989205E1	-5.891943E-2
3.396667E1	2.994833E1	-3.183394E-2
3.400000E1	3.013946E1	-1.146348E-2
3.403333E1	3.025896E1	6.372243E-4
3.406667E1	3.029210E1	-2.324163E-3
3.410000E1	3.039699E1	-1.448709E-2
3.413333E1	3.042003E1	-2.466812E-2
3.416667E1	3.046672E1	-3.598797E-2
3.420000E1	3.049167E1	-1.346214E-3
3.423333E1	3.049452E1	4.928974E-2
3.426667E1	3.053777E1	1.328027E-1
3.430000E1	3.055042E1	1.547007E-1
3.433333E1	3.053217E1	1.707455E-1
3.436667E1	3.050470E1	1.236124E-1
3.440000E1	3.050571E1	1.054113E-1
3.443333E1	3.038810E1	-2.786276E-2
3.446667E1	3.036144E1	-6.283124E-2
3.450000E1	3.029702E1	-1.711746E-1
3.453333E1	3.031534E1	-1.410934E-1
3.456667E1	3.039433E1	-9.295445E-2
3.460000E1	3.049377E1	-3.662945E-2
3.463333E1	3.057859E1	1.840195E-2
3.466667E1	3.078047E1	1.077463E-2
3.470000E1	3.088976E1	2.702197E-2
3.473333E1	3.092540E1	3.984938E-2
3.476667E1	3.102512E1	3.474552E-2
3.480000E1	3.105015E1	2.851280E-2
3.483333E1	3.109218E1	4.678201E-2
3.486667E1	3.111531E1	9.385532E-2
3.490000E1	3.113039E1	1.168221E-1
3.493333E1	3.115842E1	2.160868E-1
3.496667E1	3.117321E1	2.263476E-1
3.500000E1	3.114557E1	1.970858E-1
3.503333E1	3.109344E1	1.151713E-1
3.506667E1	3.105461E1	6.312068E-2
3.510000E1	3.094266E1	-6.561971E-2
3.513333E1	3.093845E1	-1.013584E-1
3.516667E1	3.090006E1	-1.454149E-1
3.520000E1	3.093136E1	-8.788730E-2
3.523333E1	3.097340E1	-6.181004E-2
3.526667E1	3.110428E1	1.478789E-2
3.530000E1	3.118155E1	3.075283E-2
3.533333E1	3.136179E1	5.432257E-2
3.536667E1	3.146579E1	6.843565E-2
3.540000E1	3.150662E1	6.255940E-2
3.543333E1	3.158059E1	4.720226E-2
3.546667E1	3.161557E1	4.168054E-2
3.550000E1	3.164769E1	5.685576E-2
3.553333E1	3.167500E1	9.930143E-2
3.556667E1	3.168463E1	1.581892E-1
3.560000E1	3.170615E1	2.295480E-1
3.563333E1	3.169890E1	2.398358E-1
3.566667E1	3.166501E1	2.046420E-1
3.570000E1	3.160236E1	1.227276E-1
3.573333E1	3.155252E1	6.740092E-2
3.576667E1	3.142664E1	-6.544809E-2
3.580000E1	3.140172E1	-9.964012E-2
3.583333E1	3.136452E1	-1.287823E-1
3.586667E1	3.140430E1	-8.655319E-2
3.590000E1	3.141318E1	-6.815202E-2
3.593333E1	3.156018E1	-2.817148E-2
3.596667E1	3.165095E1	3.466962E-2
3.600000E1	3.183512E1	4.074400E-2
3.603333E1	3.194103E1	6.880974E-2
3.606667E1	3.197969E1	4.640786E-2
3.610000E1	3.206721E1	4.319303E-2
3.613333E1	3.208571E1	3.852959E-2
3.616667E1	3.215382E1	4.784780E-2
3.620000E1	3.218772E1	9.223795E-2
3.623333E1	3.221513E1	1.134787E-1
3.626667E1	3.225766E1	2.073465E-1
3.630000E1	3.226623E1	2.207583E-1
3.633333E1	3.226218E1	1.963023E-1
3.636667E1	3.223114E1	1.078246E-1
3.640000E1	3.220834E1	7.659732E-2
3.643333E1	3.212881E1	-5.452065E-2
3.646667E1	3.212069E1	-1.066967E-1
3.650000E1	3.210578E1	-1.547363E-1
3.653333E1	3.217637E1	-9.338843E-2
3.656667E1	3.223950E1	-5.902854E-2
3.660000E1	3.236620E1	-5.327669E-2
3.663333E1	3.252398E1	-5.449137E-4
3.666667E1	3.268718E1	-1.317739E-3
3.670000E1	3.289705E1	1.851552E-2
3.673333E1	3.294273E1	1.827729E-4
3.676667E1	3.307403E1	-2.042691E-2
3.680000E1	3.312883E1	-4.509016E-2
3.683333E1	3.320559E1	-3.725100E-2
3.686667E1	3.330238E1	1.779344E-2
3.690000E1	3.334779E1	5.145794E-2
3.693333E1	3.344335E1	1.324006E-1
3.696667E1	3.350415E1	1.698474E-1
3.700000E1	3.354202E1	1.930495E-1
3.703333E1	3.357224E1	8.564030E-2
3.706667E1	3.356047E1	4.474941E-2
3.710000E1	3.354424E1	-7.135102E-2
3.713333E1	3.353212E1	-1.334767E-1
3.716667E1	3.355710E1	-2.108486E-1
3.720000E1	3.366249E1	-1.581623E-1
3.723333E1	3.370639E1	-1.402927E-1
3.726667E1	3.384097E1	-1.187035E-1
3.730000E1	3.399742E1	-5.322024E-2
3.733333E1	3.414938E1	-6.105889E-2
3.736667E1	3.440232E1	-3.416358E-2
3.740000E1	3.443925E1	-2.739525E-2
3.743333E1	3.456065E1	-1.926890E-2
3.746667E1	3.466402E1	-4.440046E-2
3.750000E1	3.474805E1	-4.666504E-2
3.753333E1	3.487562E1	1.205010E-2
3.756667E1	3.493208E1	3.871670E-2
3.760000E1	3.502333E1	9.129533E-2
3.763333E1	3.510624E1	1.468368E-1
3.766667E1	3.517759E1	1.549719E-1
3.770000E1	3.521472E1	4.118790E-2
3.773333E1	3.520435E1	1.443100E-4
3.776667E1	3.519349E1	-1.336268E-1
3.780000E1	3.519405E1	-1.880591E-1
3.783333E1	3.521202E1	-2.522675E-1
3.786667E1	3.532389E1	-1.773367E-1
3.790000E1	3.536437E1	-1.505046E-1
3.793333E1	3.548121E1	-1.219108E-1
3.796667E1	3.564948E1	-6.012708E-2
3.800000E1	3.579162E1	-5.723249E-2
3.803333E1	3.603505E1	-1.393052E-2
3.806667E1	3.607729E1	-1.138987E-2
3.810000E1	3.619751E1	-1.459214E-2
3.813333E1	3.627120E1	-2.181678E-2
3.816667E1	3.635357E1	-2.255795E-2
3.820000E1	3.646332E1	2.875523E-2
3.823333E1	3.650038E1	6.964036E-2
3.826667E1	3.659717E1	1.438430E-1
3.830000E1	3.665454E1	1.738782E-1
3.833333E1	3.668840E1	1.952054E-1
3.836667E1	3.671429E1	8.248827E-2
3.840000E1	3.670893E1	4.095230E-2
3.843333E1	3.668409E1	-7.219625E-2
3.846667E1	3.667091E1	-1.197387E-1
3.850000E1	3.668572E1	-2.077301E-1
3.853333E1	3.675488E1	-1.359661E-1
3.856667E1	3.683814E1	-9.447438E-2
3.860000E1	3.695709E1	-6.211808E-2
3.863333E1	3.708924E1	-5.759211E-3
3.866667E1	3.722041E1	2.956390E-2
3.870000E1	3.741502E1	7.612753E-2
3.873333E1	3.745592E1	7.467523E-2
3.876667E1	3.754550E1	6.814173E-2
3.880000E1	3.759850E1	5.247802E-2
3.883333E1	3.766215E1	5.548449E-2
3.886667E1	3.774168E1	1.092181E-1
3.890000E1	3.776485E1	1.698630E-1
3.893333E1	3.785580E1	2.163532E-1
3.896667E1	3.790543E1	2.696766E-1
3.900000E1	3.796396E1	2.711290E-1
3.903333E1	3.798290E1	1.381716E-1
3.906667E1	3.797791E1	1.150836E-1
3.910000E1	3.792194E1	-1.415749E-3
3.913333E1	3.790819E1	-3.901740E-2
3.916667E1	3.790105E1	-1.005195E-1
3.920000E1	3.796899E1	-1.432619E-2
3.923333E1	3.801591E1	8.789878E-3
3.926667E1	3.813608E1	8.012453E-2
3.930000E1	3.827343E1	1.236293E-1
3.933333E1	3.840527E1	1.476202E-1
3.936667E1	3.857884E1	1.723242E-1
3.940000E1	3.860153E1	1.924830E-1
3.943333E1	3.868938E1	1.832307E-1
3.946667E1	3.873105E1	1.697624E-1
3.950000E1	3.879594E1	1.776831E-1
3.953333E1	3.886541E1	2.258241E-1
3.956667E1	3.889070E1	2.464437E-1
3.960000E1	3.897206E1	3.397841E-1
3.963333E1	3.901992E1	3.717543E-1
3.966667E1	3.905682E1	3.664290E-1
3.970000E1	3.907072E1	2.312868E-1
3.973333E1	3.906192E1	1.990771E-1
3.976667E1	3.899862E1	7.317448E-2
3.980000E1	3.897838E1	4.031414E-2
3.983333E1	3.898423E1	-4.538049E-2
3.986667E1	3.903728E1	4.499804E-2
3.990000E1	3.905458E1	8.135358E-2
3.993333E1	3.917732E1	1.275209E-1
3.996667E1	3.929274E1	1.854736E-1
4.000000E1	3.940713E1	2.169345E-1
4.003333E1	3.956874E1	2.477113E-1
4.006667E1	3.959182E1	2.604238E-1
4.010000E1	3.966179E1	2.533242E-1
4.013333E1	3.970081E1	2.343634E-1
4.016667E1	3.975215E1	2.032580E-1
4.020000E1	3.981503E1	2.392193E-1
4.023333E1	3.982516E1	2.522646E-1
4.026667E1	3.987357E1	3.299349E-1
4.030000E1	3.991670E1	3.674783E-1
4.033333E1	3.995168E1	3.580305E-1
4.036667E1	3.992520E1	2.260908E-1
4.040000E1	3.992022E1	1.990455E-1
4.043333E1	3.983257E1	7.476157E-2
4.046667E1	3.981586E1	3.030076E-2
4.050000E1	3.976587E1	-2.039416E-2
4.053333E1	3.981865E1	5.569608E-2
4.056667E1	3.984602E1	8.597757E-2
4.060000E1	3.995145E1	1.221401E-1
4.063333E1	4.003280E1	1.654485E-1
4.066667E1	4.012676E1	1.899730E-1
4.070000E1	4.026123E1	2.241371E-1
4.073333E1	4.029149E1	2.149065E-1
4.076667E1	4.033485E1	1.871419E-1
4.080000E1	4.037486E1	1.706950E-1
4.083333E1	4.040066E1	1.715951E-1
4.086667E1	4.043722E1	2.188798E-1
4.090000E1	4.045619E1	2.331193E-1
4.093333E1	4.050320E1	3.179789E-1
4.096667E1	4.054409E1	3.479624E-1
4.100000E1	4.054598E1	3.484657E-1
4.103333E1	4.050406E1	2.219181E-1
4.106667E1	4.049513E1	1.864557E-1
4.110000E1	4.041326E1	7.168044E-2
4.113333E1	4.038535E1	3.045028E-2
4.116667E1	4.032913E1	-2.443751E-3
4.120000E1	4.034121E1	5.948603E-2
4.123333E1	4.037678E1	7.666107E-2
4.126667E1	4.048359E1	1.430718E-1
4.130000E1	4.054083E1	1.720534E-1
4.133333E1	4.061232E1	2.036151E-1
4.136667E1	4.070128E1	2.275997E-1
4.140000E1	4.072218E1	2.108936E-1
4.143333E1	4.074748E1	1.839263E-1
4.146667E1	4.075100E1	1.687899E-1
4.150000E1	4.075768E1	1.801147E-1
4.153333E1	4.079775E1	2.261078E-1
4.156667E1	4.082251E1	2.531869E-1
4.160000E1	4.087203E1	3.116535E-1
4.163333E1	4.091450E1	3.409077E-1
4.166667E1	4.095387E1	3.354575E-1
4.170000E1	4.093859E1	2.077822E-1
4.173333E1	4.092855E1	1.740717E-1
4.176667E1	4.087443E1	6.011863E-2
4.180000E1	4.083611E1	2.054215E-2
4.183333E1	4.081722E1	-5.452901E-2
4.186667E1	4.085194E1	7.021952E-3
4.190000E1	4.088833E1	1.793189E-2
4.193333E1	4.100953E1	7.522475E-2
4.196667E1	4.106652E1	9.866688E-2
4.200000E1	4.116144E1	1.350870E-1
4.203333E1	4.127696E1	1.571878E-1
4.206667E1	4.129679E1	1.425764E-1
4.210000E1	4.133502E1	1.231696E-1
4.213333E1	4.135231E1	9.567981E-2
4.216667E1	4.141460E1	7.838786E-2
4.220000E1	4.149431E1	1.265875E-1
4.223333E1	4.153203E1	1.635338E-1
4.226667E1	4.163973E1	2.105856E-1
4.230000E1	4.170794E1	2.387407E-1
4.233333E1	4.178174E1	2.190354E-1
4.236667E1	4.184223E1	7.619047E-2
4.240000E1	4.186037E1	4.065629E-2
4.243333E1	4.186309E1	-7.849644E-2
4.246667E1	4.185506E1	-1.261613E-1
4.250000E1	4.185343E1	-1.956784E-1
4.253333E1	4.193686E1	-1.256424E-1
4.256667E1	4.199993E1	-1.196838E-1
4.260000E1	4.216566E1	-4.387701E-2
4.263333E1	4.219270E1	-1.606828E-2
4.266667E1	4.228884E1	9.626457E-3
4.270000E1	4.243725E1	5.238066E-2
4.273333E1	4.245659E1	6.155725E-2
4.276667E1	4.250871E1	5.174431E-2
4.280000E1	4.256575E1	3.705042E-2
4.283333E1	4.263069E1	4.268629E-2
4.286667E1	4.271852E1	9.272634E-2
4.290000E1	4.274848E1	9.597651E-2
4.293333E1	4.289045E1	1.764273E-1
4.296667E1	4.298557E1	1.972468E-1
4.300000E1	4.304986E1	1.931834E-1
4.303333E1	4.315675E1	6.083352E-2
4.306667E1	4.317903E1	3.252585E-2
4.310000E1	4.318078E1	-9.052377E-2
4.313333E1	4.318351E1	-1.912431E-1
4.316667E1	4.317559E1	-2.362771E-1
4.320000E1	4.325935E1	-1.785744E-1
4.323333E1	4.330759E1	-1.331435E-1
4.326667E1	4.345154E1	-9.405192E-2
4.330000E1	4.350871E1	-2.690908E-2
4.333333E1	4.360321E1	1.217406E-2
4.336667E1	4.372681E1	6.474231E-2
4.340000E1	4.374721E1	7.157776E-2
4.343333E1	4.379103E1	6.677066E-2
4.346667E1	4.384353E1	5.281574E-2
4.350000E1	4.388876E1	4.879119E-2
4.353333E1	4.399110E1	9.564887E-2
4.356667E1	4.403214E1	1.119045E-1
4.360000E1	4.416730E1	1.448845E-1
4.363333E1	4.427374E1	1.793890E-1
4.366667E1	4.435071E1	1.821709E-1
4.370000E1	4.443787E1	5.700838E-2
4.373333E1	4.447019E1	7.932784E-3
4.376667E1	4.447828E1	-1.255549E-1
4.380000E1	4.447059E1	-2.076207E-1
4.383333E1	4.446769E1	-2.711748E-1
4.386667E1	4.448653E1	-2.411930E-1
4.390000E1	4.459222E1	-1.896000E-1
4.393333E1	4.473590E1	-7.007035E-2
4.396667E1	4.475745E1	-4.903753E-2
4.400000E1	4.486297E1	-3.057686E-2
4.403333E1	4.494488E1	3.993006E-2
4.406667E1	4.495576E1	6.202483E-2
4.410000E1	4.499776E1	6.667734E-2
4.413333E1	4.501041E1	5.693235E-2
4.416667E1	4.507751E1	5.496053E-2
4.420000E1	4.519221E1	1.057539E-1
4.423333E1	4.521749E1	1.501280E-1
4.426667E1	4.537241E1	1.566570E-1
4.430000E1	4.548997E1	1.921506E-1
4.433333E1	4.558711E1	1.880817E-1
4.436667E1	4.574200E1	5.954010E-2
4.440000E1	4.575852E1	3.194517E-2
4.443333E1	4.576873E1	-8.311671E-2
4.446667E1	4.576786E1	-1.576702E-1
4.450000E1	4.576542E1	-2.153593E-1
4.453333E1	4.586510E1	-1.538380E-1
4.456667E1	4.591043E1	-1.203766E-1
4.460000E1	4.601292E1	-1.961027E-2
4.463333E1	4.604550E1	9.278419E-3
4.466667E1	4.614656E1	2.245095E-2
4.470000E1	4.616183E1	7.314355E-2
4.473333E1	4.617266E1	9.299196E-2
4.476667E1	4.618790E1	8.806382E-2
4.480000E1	4.618973E1	7.160150E-2
4.483333E1	4.625168E1	6.390463E-2
4.486667E1	4.631871E1	8.225536E-2
4.490000E1	4.637019E1	1.056804E-1
4.493333E1	4.653956E1	1.442848E-1
4.496667E1	4.659509E1	1.753141E-1
4.500000E1	4.677392E1	1.798555E-1
4.503333E1	4.690039E1	6.305319E-2
4.506667E1	4.691595E1	2.791909E-2
4.510000E1	4.691890E1	-8.265977E-2
4.513333E1	4.692012E1	-1.042791E-1
4.516667E1	4.690601E1	-2.296814E-1
4.520000E1	4.692015E1	-1.991528E-1
4.523333E1	4.693243E1	-1.642311E-1
4.526667E1	4.702307E1	-1.330504E-2
4.530000E1	4.704921E1	-3.686455E-4
4.533333E1	4.716004E1	4.819247E-2
4.536667E1	4.717185E1	9.922211E-2
4.540000E1	4.717723E1	1.343017E-1
4.543333E1	4.717291E1	1.450085E-1
4.546667E1	4.717051E1	1.393779E-1
4.550000E1	4.720412E1	1.140236E-1
4.553333E1	4.722577E1	1.289601E-1
4.556667E1	4.726745E1	1.652178E-1
4.560000E1	4.741159E1	2.414783E-1
4.563333E1	4.746506E1	2.646525E-1
4.566667E1	4.763421E1	2.543311E-1
4.570000E1	4.775198E1	1.365622E-1
4.573333E1	4.777173E1	1.027363E-1
4.576667E1	4.777466E1	-5.810244E-3
4.580000E1	4.776439E1	-3.460201E-2
4.583333E1	4.774934E1	-1.473486E-1
4.586667E1	4.776382E1	-1.332182E-1
4.590000E1	4.778318E1	-9.538304E-2
4.593333E1	4.779745E1	4.075112E-2
4.596667E1	4.779530E1	6.927229E-2
4.600000E1	4.788101E1	1.096126E-1
4.603333E1	4.789330E1	1.913768E-1
4.606667E1	4.788693E1	2.174596E-1
4.610000E1	4.788465E1	2.287527E-1
4.613333E1	4.787946E1	2.292813E-1
4.616667E1	4.788584E1	1.781109E-1
4.620000E1	4.791754E1	2.034462E-1
4.623333E1	4.794313E1	2.260927E-1
4.626667E1	4.806451E1	3.106360E-1
4.630000E1	4.808681E1	2.975247E-1
4.633333E1	4.832786E1	2.068871E-1
4.636667E1	4.836834E1	1.490708E-1
4.640000E1	4.836466E1	9.884014E-2
4.643333E1	4.836475E1	4.182976E-3
4.646667E1	4.834458E1	-2.978548E-2
4.650000E1	4.831667E1	-1.274461E-1
4.653333E1	4.833782E1	-1.297965E-1
4.656667E1	4.834400E1	-5.400593E-2
4.660000E1	4.835876E1	1.275955E-2
4.663333E1	4.835588E1	1.787127E-2
4.666667E1	4.835484E1	1.063775E-1
4.670000E1	4.833152E1	1.500758E-1
4.673333E1	4.831527E1	1.577910E-1
4.676667E1	4.821870E1	1.508133E-1
4.680000E1	4.819380E1	1.296572E-1
4.683333E1	4.819595E1	1.152269E-1
4.686667E1	4.820908E1	1.384276E-1
4.690000E1	4.824830E1	1.776397E-1
4.693333E1	4.836182E1	2.449789E-1
4.696667E1	4.839913E1	2.874324E-1
4.700000E1	4.856672E1	2.713102E-1
4.703333E1	4.868972E1	1.444982E-1
4.706667E1	4.870519E1	8.732263E-2
4.710000E1	4.870133E1	-1.586342E-2
4.713333E1	4.869767E1	-3.491020E-2
4.716667E1	4.866580E1	-1.282958E-1
4.720000E1	4.867454E1	-1.133873E-1
4.723333E1	4.868539E1	-4.860193E-2
4.726667E1	4.870562E1	1.644799E-2
4.730000E1	4.870895E1	1.553189E-2
4.733333E1	4.869343E1	8.672854E-2
4.736667E1	4.867753E1	1.467671E-1
4.740000E1	4.857683E1	1.998627E-1
4.743333E1	4.852449E1	2.067557E-1
4.746667E1	4.844267E1	1.813598E-1
4.750000E1	4.843400E1	1.616844E-1
4.753333E1	4.842296E1	1.777474E-1
4.756667E1	4.846888E1	2.038705E-1
4.760000E1	4.856250E1	3.134726E-1
4.763333E1	4.860412E1	3.412688E-1
4.766667E1	4.875512E1	4.228277E-1
4.770000E1	4.876760E1	3.358006E-1
4.773333E1	4.875232E1	2.837399E-1
4.776667E1	4.872789E1	1.621209E-1
4.780000E1	4.871604E1	1.281355E-1
4.783333E1	4.860395E1	1.674237E-2
4.786667E1	4.858927E1	8.139212E-2
4.790000E1	4.860360E1	1.210086E-1
4.793333E1	4.861628E1	1.871383E-1
4.796667E1	4.862263E1	2.282888E-1
4.800000E1	4.861749E1	2.682724E-1
4.803333E1	4.859804E1	2.874861E-1
4.806667E1	4.856907E1	2.903409E-1
4.810000E1	4.846615E1	2.866066E-1
4.813333E1	4.844982E1	2.734976E-1
4.816667E1	4.843266E1	2.560157E-1
4.820000E1	4.845790E1	2.786875E-1
4.823333E1	4.847956E1	3.091306E-1
4.826667E1	4.858709E1	4.003211E-1
4.830000E1	4.863086E1	4.252457E-1
4.833333E1	4.871407E1	4.253340E-1
4.836667E1	4.872889E1	3.305483E-1
4.840000E1	4.874215E1	3.052009E-1
4.843333E1	4.869604E1	1.648997E-1
4.846667E1	4.866023E1	1.347010E-1
4.850000E1	4.857118E1	1.258865E-2
4.853333E1	4.853758E1	6.129009E-2
4.856667E1	4.854402E1	1.144565E-1
4.860000E1	4.855066E1	1.658266E-1
4.863333E1	4.854585E1	1.718159E-1
4.866667E1	4.854332E1	2.499194E-1
4.870000E1	4.852515E1	2.853834E-1
4.873333E1	4.849619E1	2.961873E-1
4.876667E1	4.838995E1	2.889615E-1
4.880000E1	4.837956E1	2.785028E-1
4.883333E1	4.837342E1	2.735923E-1
4.886667E1	4.839107E1	2.940177E-1
4.890000E1	4.842259E1	3.281851E-1
4.893333E1	4.852606E1	3.771723E-1
4.896667E1	4.856525E1	4.169724E-1
4.900000E1	4.866515E1	4.138240E-1
4.903333E1	4.868446E1	3.205945E-1
4.906667E1	4.868947E1	2.817089E-1
4.910000E1	4.866783E1	1.569529E-1
4.913333E1	4.866806E1	1.282951E-1
4.916667E1	4.856679E1	8.492364E-3
4.920000E1	4.853746E1	1.096016E-1
4.923333E1	4.854750E1	1.399602E-1
4.926667E1	4.855558E1	1.704491E-1
4.930000E1	4.854784E1	1.873553E-1
4.933333E1	4.852966E1	2.419401E-1
4.936667E1	4.849773E1	2.526988E-1
4.940000E1	4.843201E1	2.720544E-1
4.943333E1	4.835293E1	2.693784E-1
4.946667E1	4.832643E1	2.584467E-1
4.950000E1	4.831380E1	2.681810E-1
4.953333E1	4.834348E1	2.958401E-1
4.956667E1	4.842568E1	3.544377E-1
4.960000E1	4.851131E1	3.757410E-1
4.963333E1	4.855613E1	4.001905E-1
4.966667E1	4.862340E1	3.603052E-1
4.970000E1	4.862522E1	2.480790E-1
4.973333E1	4.861860E1	2.418104E-1
4.976667E1	4.855142E1	8.929234E-2
4.980000E1	4.851593E1	4.127566E-2
4.983333E1	4.847350E1	2.789077E-2
4.986667E1	4.846199E1	8.799875E-2
4.990000E1	4.847375E1	1.130791E-1
4.993333E1	4.848563E1	1.892548E-1
4.996667E1	4.848182E1	2.158118E-1
5.000000E1	4.846908E1	2.335832E-1
5.003333E1	4.844284E1	2.564976E-1
5.006667E1	4.838937E1	2.759100E-1
5.010000E1	4.831550E1	2.678427E-1
5.013333E1	4.830603E1	2.636837E-1
5.016667E1	4.831642E1	2.603040E-1
5.020000E1	4.834988E1	3.037780E-1
5.023333E1	4.841086E1	3.371631E-1
5.026667E1	4.850434E1	3.792238E-1
5.030000E1	4.856916E1	3.945446E-1
5.033333E1	4.870229E1	3.888637E-1
5.036667E1	4.878644E1	3.082618E-1
5.040000E1	4.880519E1	2.660356E-1
5.043333E1	4.888292E1	1.698955E-1
5.046667E1	4.890702E1	1.492039E-1
5.050000E1	4.900293E1	1.217334E-1
