	masse A		
t	x	y	
0.000000E0	-7.125882E-3	7.125882E-3
3.333333E-2	-1.148586E-2	5.758819E-3
6.666667E-2	-1.977134E-2	4.831115E-3
1.000000E-1	-3.577449E-2	3.419889E-3
1.333333E-1	-3.963429E-2	5.711383E-3
1.666667E-1	-1.899280E-1	-7.324365E-3
2.000000E-1	-2.788368E-1	-1.668138E-2
2.333333E-1	-3.222075E-1	-2.113049E-3
2.666667E-1	-4.958008E-1	-1.182139E-2
3.000000E-1	-5.588616E-1	-3.646003E-3
3.333333E-1	-7.416539E-1	-5.816276E-2
3.666667E-1	-7.608549E-1	-7.803036E-2
4.000000E-1	-7.296658E-1	-8.918956E-2
4.333333E-1	-6.217016E-1	-8.194824E-2
4.666667E-1	-5.750322E-1	-6.959202E-2
5.000000E-1	-3.097891E-1	-4.457302E-2
5.333333E-1	-1.110876E-1	-3.307588E-2
5.666667E-1	2.038163E-3	-4.522262E-2
6.000000E-1	2.951865E-1	-5.711238E-2
6.333333E-1	4.231427E-1	-7.336956E-2
6.666667E-1	7.015523E-1	-9.555447E-2
7.000000E-1	8.395683E-1	-1.110421E-1
7.333333E-1	8.779986E-1	-1.306260E-1
7.666667E-1	9.751591E-1	-1.160411E-1
8.000000E-1	9.956609E-1	-1.202560E-1
8.333333E-1	1.035590E0	-6.559078E-2
8.666667E-1	1.068197E0	1.840510E-2
9.000000E-1	1.059406E0	4.107101E-2
9.333333E-1	1.002959E0	9.380164E-2
9.666667E-1	9.716507E-1	8.213893E-2
1.000000E0	8.064494E-1	1.844018E-2
1.033333E0	6.205373E-1	-5.724315E-2
1.066667E0	5.957694E-1	-7.411269E-2
1.100000E0	3.418530E-1	-2.026041E-1
1.133333E0	3.020682E-1	-2.339691E-1
1.166667E0	2.088727E-1	-2.521208E-1
1.200000E0	2.527234E-1	-2.311333E-1
1.233333E0	3.011256E-1	-2.198454E-1
1.266667E0	4.323563E-1	-2.026576E-1
1.300000E0	6.397383E-1	-1.831918E-1
1.333333E0	8.654813E-1	-1.851046E-1
1.366667E0	1.191746E0	-1.862413E-1
1.400000E0	1.263859E0	-1.908011E-1
1.433333E0	1.407096E0	-2.041449E-1
1.466667E0	1.464291E0	-2.142277E-1
1.500000E0	1.499489E0	-2.195613E-1
1.533333E0	1.471857E0	-1.837360E-1
1.566667E0	1.460220E0	-1.492554E-1
1.600000E0	1.389054E0	-4.118111E-2
1.633333E0	1.297769E0	6.861185E-3
1.666667E0	1.164966E0	2.915466E-2
1.700000E0	9.161412E-1	-3.143634E-2
1.733333E0	8.578408E-1	-7.559321E-2
1.766667E0	6.971717E-1	-1.363572E-1
1.800000E0	5.514268E-1	-2.182627E-1
1.833333E0	4.349466E-1	-2.892252E-1
1.866667E0	3.950812E-1	-2.593812E-1
1.900000E0	4.267012E-1	-2.252452E-1
1.933333E0	5.429740E-1	-1.306771E-1
1.966667E0	5.808024E-1	-1.201138E-1
2.000000E0	7.127040E-1	-1.099140E-1
2.033333E0	8.909324E-1	-1.227002E-1
2.066667E0	9.502498E-1	-1.282801E-1
2.100000E0	9.895011E-1	-1.336303E-1
2.133333E0	1.012098E0	-1.385976E-1
2.166667E0	9.949001E-1	-1.382805E-1
2.200000E0	8.816948E-1	-8.112867E-2
2.233333E0	8.442054E-1	-4.599102E-2
2.266667E0	7.479626E-1	6.169348E-3
2.300000E0	6.004744E-1	7.392691E-2
2.333333E0	4.288870E-1	6.405751E-2
2.366667E0	1.368465E-1	-4.273164E-2
2.400000E0	1.124863E-1	-5.817084E-2
2.433333E0	-7.550449E-2	-9.039182E-2
2.466667E0	-2.655198E-1	-2.056177E-1
2.500000E0	-3.516226E-1	-2.226320E-1
2.533333E0	-3.500499E-1	-1.555910E-1
2.566667E0	-3.140934E-1	-1.295008E-1
2.600000E0	-1.721873E-1	-1.161149E-1
2.633333E0	-4.408727E-2	-9.206524E-2
2.666667E0	8.334436E-2	-3.574469E-2
2.700000E0	2.670526E-1	-3.250071E-2
2.733333E0	2.936276E-1	-5.017452E-2
2.766667E0	3.658749E-1	-6.249986E-2
2.800000E0	3.962844E-1	-6.328574E-2
2.833333E0	4.122650E-1	-6.725170E-2
2.866667E0	3.435409E-1	-1.532034E-2
2.900000E0	3.108569E-1	2.021191E-2
2.933333E0	2.402307E-1	8.629139E-2
2.966667E0	1.382258E-1	1.118592E-1
3.000000E0	-9.677243E-3	6.638654E-2
3.033333E0	-2.845921E-1	-5.129906E-2
3.066667E0	-3.094269E-1	-6.687890E-2
3.100000E0	-4.852049E-1	-9.832751E-2
3.133333E0	-6.613361E-1	-2.137048E-1
3.166667E0	-7.161959E-1	-2.441708E-1
3.200000E0	-7.169850E-1	-2.012758E-1
3.233333E0	-6.838172E-1	-1.915507E-1
3.266667E0	-4.963492E-1	-1.808875E-1
3.300000E0	-3.720470E-1	-1.138914E-1
3.333333E0	-2.081512E-1	-9.507514E-2
3.366667E0	4.867729E-2	-5.825658E-2
3.400000E0	7.774289E-2	-6.318004E-2
3.433333E0	1.916638E-1	-6.344028E-2
3.466667E0	2.511547E-1	-7.212169E-2
3.500000E0	3.060566E-1	-7.513287E-2
3.533333E0	2.716595E-1	-4.259242E-2
3.566667E0	2.546136E-1	-1.042184E-2
3.600000E0	2.055653E-1	3.088100E-2
3.633333E0	1.598255E-1	7.182991E-2
3.666667E0	1.960679E-2	6.151000E-2
3.700000E0	-2.094784E-1	-5.825401E-2
3.733333E0	-2.450457E-1	-7.433172E-2
3.766667E0	-3.801999E-1	-1.860943E-1
3.800000E0	-5.169625E-1	-2.544615E-1
3.833333E0	-5.810664E-1	-3.403514E-1
3.866667E0	-5.579654E-1	-2.994977E-1
3.900000E0	-5.135275E-1	-2.769878E-1
3.933333E0	-3.640063E-1	-2.606953E-1
3.966667E0	-2.082157E-1	-1.841383E-1
4.000000E0	-3.563106E-2	-1.680378E-1
4.033333E0	2.476187E-1	-1.257645E-1
4.066667E0	2.910982E-1	-1.257334E-1
4.100000E0	4.088136E-1	-1.356068E-1
4.133333E0	4.701118E-1	-1.436842E-1
4.166667E0	5.450804E-1	-1.585904E-1
4.200000E0	5.409844E-1	-1.222494E-1
4.233333E0	5.455831E-1	-1.158191E-1
4.266667E0	5.061310E-1	-5.775081E-2
4.300000E0	4.473218E-1	2.317354E-3
4.333333E0	3.229493E-1	-4.142327E-3
4.366667E0	1.345097E-1	-1.230254E-1
4.400000E0	1.219844E-1	-1.420085E-1
4.433333E0	-2.458010E-2	-2.622896E-1
4.466667E0	-1.458372E-1	-3.333274E-1
4.500000E0	-2.078140E-1	-4.154052E-1
4.533333E0	-1.715528E-1	-3.802886E-1
4.566667E0	-1.050332E-1	-3.342139E-1
4.600000E0	1.498912E-1	-2.890105E-1
4.633333E0	1.966180E-1	-2.590730E-1
4.666667E0	3.769196E-1	-2.479356E-1
4.700000E0	6.192818E-1	-2.156578E-1
4.733333E0	6.451675E-1	-2.071654E-1
4.766667E0	7.600803E-1	-2.147698E-1
4.800000E0	8.813082E-1	-2.312510E-1
4.833333E0	9.086676E-1	-2.246906E-1
4.866667E0	9.025131E-1	-1.808724E-1
4.900000E0	8.968146E-1	-1.510161E-1
4.933333E0	8.549323E-1	-1.040332E-1
4.966667E0	8.087218E-1	-5.155193E-2
5.000000E0	7.137397E-1	-6.311071E-2
5.033333E0	5.167124E-1	-1.751466E-1
5.066667E0	4.809557E-1	-2.084790E-1
5.100000E0	3.480597E-1	-3.285354E-1
5.133333E0	2.228374E-1	-4.059455E-1
5.166667E0	1.577018E-1	-4.782417E-1
5.200000E0	1.879768E-1	-4.272705E-1
5.233333E0	2.358948E-1	-4.137404E-1
5.266667E0	3.603771E-1	-3.907183E-1
5.300000E0	5.206593E-1	-3.030117E-1
5.333333E0	6.724777E-1	-2.780982E-1
5.366667E0	9.208461E-1	-2.517573E-1
5.400000E0	9.480929E-1	-2.654711E-1
5.433333E0	1.075352E0	-2.750791E-1
5.466667E0	1.187560E0	-2.895730E-1
5.500000E0	1.233144E0	-2.939430E-1
5.533333E0	1.236323E0	-2.405771E-1
5.566667E0	1.211876E0	-1.839118E-1
5.600000E0	1.184213E0	-1.248739E-1
5.633333E0	1.154292E0	-9.023752E-2
5.666667E0	1.053033E0	-7.777198E-2
5.700000E0	8.713768E-1	-1.732831E-1
5.733333E0	8.246800E-1	-2.113231E-1
5.766667E0	6.963637E-1	-3.195811E-1
5.800000E0	5.830381E-1	-3.900197E-1
5.833333E0	5.450876E-1	-4.525299E-1
5.866667E0	5.869298E-1	-3.821483E-1
5.900000E0	6.150361E-1	-3.473245E-1
5.933333E0	8.635327E-1	-3.057058E-1
5.966667E0	9.313529E-1	-2.555368E-1
6.000000E0	1.116272E0	-2.408640E-1
6.033333E0	1.390784E0	-2.033696E-1
6.066667E0	1.421888E0	-2.065900E-1
6.100000E0	1.570731E0	-2.140719E-1
6.133333E0	1.681818E0	-2.275264E-1
6.166667E0	1.741696E0	-2.338581E-1
6.200000E0	1.737719E0	-1.879308E-1
6.233333E0	1.720585E0	-1.471518E-1
6.266667E0	1.692954E0	-5.808533E-2
6.300000E0	1.665851E0	-1.880212E-2
6.333333E0	1.578166E0	-3.627159E-4
6.366667E0	1.417920E0	-8.415237E-2
6.400000E0	1.406378E0	-8.440330E-2
6.433333E0	1.275838E0	-1.858720E-1
6.466667E0	1.160380E0	-2.658851E-1
6.500000E0	1.125262E0	-3.218079E-1
6.533333E0	1.166012E0	-2.791798E-1
6.566667E0	1.229254E0	-2.597689E-1
6.600000E0	1.351982E0	-2.487009E-1
6.633333E0	1.508358E0	-1.836319E-1
6.666667E0	1.697552E0	-1.695277E-1
6.700000E0	1.966369E0	-1.400824E-1
6.733333E0	2.008365E0	-1.339298E-1
6.766667E0	2.154028E0	-1.436373E-1
6.800000E0	2.265713E0	-1.633792E-1
6.833333E0	2.331464E0	-1.631984E-1
6.866667E0	2.354447E0	-1.205239E-1
6.900000E0	2.357952E0	-9.969745E-2
6.933333E0	2.330065E0	5.234261E-3
6.966667E0	2.311153E0	4.646836E-2
7.000000E0	2.227248E0	6.945372E-2
7.033333E0	2.069454E0	-1.227558E-2
7.066667E0	2.046445E0	-1.566859E-2
7.100000E0	1.925269E0	-1.302661E-1
7.133333E0	1.818299E0	-2.217775E-1
7.166667E0	1.774925E0	-2.641566E-1
7.200000E0	1.819224E0	-2.233371E-1
7.233333E0	1.886731E0	-1.958422E-1
7.266667E0	2.020273E0	-1.788732E-1
7.300000E0	2.161565E0	-1.252903E-1
7.333333E0	2.325499E0	-1.232106E-1
7.366667E0	2.583509E0	-1.153274E-1
7.400000E0	2.610799E0	-1.294602E-1
7.433333E0	2.744904E0	-1.409762E-1
7.466667E0	2.856465E0	-1.579904E-1
7.500000E0	2.936402E0	-1.642891E-1
7.533333E0	2.955430E0	-1.205917E-1
7.566667E0	2.943300E0	-1.002575E-1
7.600000E0	2.921714E0	-5.279383E-3
7.633333E0	2.896952E0	3.327405E-2
7.666667E0	2.756249E0	1.935941E-2
7.700000E0	2.574881E0	-1.072135E-1
7.733333E0	2.544418E0	-1.379237E-1
7.766667E0	2.430466E0	-2.560581E-1
7.800000E0	2.398058E0	-3.066678E-1
7.833333E0	2.354501E0	-3.068160E-1
7.866667E0	2.442034E0	-2.524732E-1
7.900000E0	2.477181E0	-2.452583E-1
7.933333E0	2.657589E0	-2.522950E-1
7.966667E0	2.832505E0	-1.606501E-1
8.000000E0	3.031075E0	-1.474837E-1
8.033333E0	3.271642E0	-1.257223E-1
8.066667E0	3.317180E0	-1.423601E-1
8.100000E0	3.443301E0	-1.495717E-1
8.133333E0	3.530405E0	-1.698873E-1
8.166667E0	3.571304E0	-1.576810E-1
8.200000E0	3.567786E0	-8.747905E-2
8.233333E0	3.564735E0	-4.541962E-2
8.266667E0	3.546543E0	2.417758E-2
8.300000E0	3.478666E0	4.798189E-2
8.333333E0	3.400905E0	5.375389E-2
8.366667E0	3.217166E0	-5.982104E-2
8.400000E0	3.204817E0	-7.833329E-2
8.433333E0	3.083365E0	-1.908167E-1
8.466667E0	2.998515E0	-2.709198E-1
8.500000E0	2.987319E0	-2.926702E-1
8.533333E0	3.085301E0	-2.150766E-1
8.566667E0	3.141007E0	-1.873698E-1
8.600000E0	3.299101E0	-1.838283E-1
8.633333E0	3.452120E0	-1.349849E-1
8.666667E0	3.611233E0	-1.251287E-1
8.700000E0	3.854177E0	-9.572821E-2
8.733333E0	3.897181E0	-9.271278E-2
8.766667E0	4.015719E0	-9.535104E-2
8.800000E0	4.079133E0	-1.203802E-1
8.833333E0	4.132148E0	-1.286907E-1
8.866667E0	4.134846E0	-5.722319E-2
8.900000E0	4.135807E0	-2.599377E-2
8.933333E0	4.096160E0	3.502691E-2
8.966667E0	4.048465E0	7.550950E-2
9.000000E0	3.952533E0	5.941781E-2
9.033333E0	3.770317E0	-6.555168E-2
9.066667E0	3.765789E0	-8.052333E-2
9.100000E0	3.654674E0	-1.906364E-1
9.133333E0	3.549552E0	-2.799540E-1
9.166667E0	3.549892E0	-2.983763E-1
9.200000E0	3.636160E0	-2.132308E-1
9.233333E0	3.699732E0	-1.807358E-1
9.266667E0	3.926080E0	-1.259891E-1
9.300000E0	4.007012E0	-1.194564E-1
9.333333E0	4.170830E0	-1.177841E-1
9.366667E0	4.398604E0	-9.596171E-2
9.400000E0	4.436021E0	-9.538165E-2
9.433333E0	4.572990E0	-9.286366E-2
9.466667E0	4.619477E0	-1.258670E-1
9.500000E0	4.645677E0	-1.331445E-1
9.533333E0	4.663344E0	-9.987659E-2
9.566667E0	4.647953E0	-4.073666E-2
9.600000E0	4.612527E0	4.365757E-2
9.633333E0	4.589293E0	7.782572E-2
9.666667E0	4.461564E0	6.886994E-2
9.700000E0	4.347527E0	-1.997594E-2
9.733333E0	4.313799E0	-5.612162E-2
9.766667E0	4.145147E0	-1.855835E-1
9.800000E0	4.129663E0	-2.187122E-1
9.833333E0	4.073007E0	-2.955013E-1
9.866667E0	4.132565E0	-2.254972E-1
9.900000E0	4.231865E0	-1.828208E-1
9.933333E0	4.381410E0	-1.803769E-1
9.966667E0	4.452714E0	-1.624370E-1
1.000000E1	4.698318E0	-1.072206E-1
1.003333E1	4.856822E0	-1.086695E-1
1.006667E1	4.899731E0	-1.367854E-1
1.010000E1	5.044492E0	-1.451333E-1
1.013333E1	5.099236E0	-1.617976E-1
1.016667E1	5.164577E0	-1.604991E-1
1.020000E1	5.167501E0	-1.212017E-1
1.023333E1	5.164497E0	-6.959784E-2
1.026667E1	5.145616E0	3.861175E-3
1.030000E1	5.140468E0	3.155559E-2
1.033333E1	5.076501E0	3.147968E-2
1.036667E1	4.935010E0	-8.130398E-2
1.040000E1	4.896251E0	-1.172973E-1
1.043333E1	4.732290E0	-2.573827E-1
1.046667E1	4.711815E0	-2.851771E-1
1.050000E1	4.674054E0	-3.772500E-1
1.053333E1	4.716648E0	-2.970103E-1
1.056667E1	4.857944E0	-2.342499E-1
1.060000E1	4.993376E0	-1.880440E-1
1.063333E1	5.038199E0	-1.916707E-1
1.066667E1	5.295802E0	-1.646024E-1
1.070000E1	5.438583E0	-1.206591E-1
1.073333E1	5.474590E0	-1.437964E-1
1.076667E1	5.617291E0	-1.485255E-1
1.080000E1	5.643772E0	-1.570936E-1
1.083333E1	5.734096E0	-1.517791E-1
1.086667E1	5.733407E0	-1.165633E-1
1.090000E1	5.733303E0	-8.388292E-2
1.093333E1	5.718987E0	-3.703898E-3
1.096667E1	5.713717E0	2.310503E-2
1.100000E1	5.612342E0	1.074027E-2
1.103333E1	5.484012E0	-7.717454E-2
1.106667E1	5.437072E0	-1.033205E-1
1.110000E1	5.290126E0	-2.456896E-1
1.113333E1	5.274474E0	-2.817431E-1
1.116667E1	5.197412E0	-3.742852E-1
1.120000E1	5.236240E0	-2.905791E-1
1.123333E1	5.360541E0	-2.234501E-1
1.126667E1	5.498331E0	-1.810563E-1
1.130000E1	5.556292E0	-1.807073E-1
1.133333E1	5.793341E0	-1.583644E-1
1.136667E1	5.924483E0	-1.137670E-1
1.140000E1	5.969024E0	-1.396973E-1
1.143333E1	6.113249E0	-1.460441E-1
1.146667E1	6.159443E0	-1.557416E-1
1.150000E1	6.231904E0	-1.433822E-1
1.153333E1	6.241982E0	-1.133402E-1
1.156667E1	6.236891E0	-7.405199E-2
1.160000E1	6.233859E0	3.030904E-3
1.163333E1	6.230223E0	2.883072E-2
1.166667E1	6.129087E0	1.370386E-2
1.170000E1	6.039937E0	-5.812060E-2
1.173333E1	5.973562E0	-1.249905E-1
1.176667E1	5.826663E0	-2.571475E-1
1.180000E1	5.801659E0	-2.888469E-1
1.183333E1	5.766195E0	-3.668251E-1
1.186667E1	5.802722E0	-2.924045E-1
1.190000E1	5.861009E0	-2.639868E-1
1.193333E1	6.035443E0	-2.499827E-1
1.196667E1	6.119282E0	-2.153395E-1
1.200000E1	6.357509E0	-1.764631E-1
1.203333E1	6.516238E0	-1.465556E-1
1.206667E1	6.560280E0	-1.581356E-1
1.210000E1	6.695088E0	-1.512544E-1
1.213333E1	6.739793E0	-1.611095E-1
1.216667E1	6.838479E0	-1.571957E-1
1.220000E1	6.850077E0	-1.237105E-1
1.223333E1	6.837948E0	-8.451670E-2
1.226667E1	6.834929E0	2.115085E-4
1.230000E1	6.827187E0	2.354380E-2
1.233333E1	6.736143E0	1.275202E-2
1.236667E1	6.661702E0	-5.959872E-2
1.240000E1	6.614437E0	-1.148092E-1
1.243333E1	6.475283E0	-2.571966E-1
1.246667E1	6.450701E0	-2.929018E-1
1.250000E1	6.421518E0	-3.715666E-1
1.253333E1	6.475852E0	-3.056787E-1
1.256667E1	6.592367E0	-2.439204E-1
1.260000E1	6.739082E0	-2.000434E-1
1.263333E1	6.814724E0	-1.818455E-1
1.266667E1	7.064047E0	-1.749292E-1
1.270000E1	7.209915E0	-1.544452E-1
1.273333E1	7.254996E0	-1.672311E-1
1.276667E1	7.403400E0	-1.534756E-1
1.280000E1	7.448228E0	-1.666858E-1
1.283333E1	7.542525E0	-1.650645E-1
1.286667E1	7.554816E0	-1.283947E-1
1.290000E1	7.557943E0	-8.370177E-2
1.293333E1	7.550977E0	-1.115078E-2
1.296667E1	7.540578E0	2.339815E-2
1.300000E1	7.459062E0	2.188431E-2
1.303333E1	7.384017E0	-5.159666E-2
1.306667E1	7.334864E0	-1.224811E-1
1.310000E1	7.231115E0	-2.241694E-1
1.313333E1	7.192743E0	-2.698005E-1
1.316667E1	7.152425E0	-3.473571E-1
1.320000E1	7.204027E0	-2.927513E-1
1.323333E1	7.283431E0	-2.523982E-1
1.326667E1	7.453046E0	-2.476991E-1
1.330000E1	7.552195E0	-2.093333E-1
1.333333E1	7.776556E0	-1.832277E-1
1.336667E1	7.931610E0	-1.517463E-1
1.340000E1	7.991034E0	-1.612926E-1
1.343333E1	8.130756E0	-1.579072E-1
1.346667E1	8.175611E0	-1.641702E-1
1.350000E1	8.250498E0	-1.628052E-1
1.353333E1	8.293406E0	-1.219597E-1
1.356667E1	8.314685E0	-8.806814E-2
1.360000E1	8.325206E0	5.456462E-3
1.363333E1	8.325106E0	2.641706E-2
1.366667E1	8.249976E0	1.591409E-2
1.370000E1	8.179412E0	-6.031262E-2
1.373333E1	8.149511E0	-1.118266E-1
1.376667E1	8.032924E0	-2.569983E-1
1.380000E1	8.011472E0	-2.914101E-1
1.383333E1	7.993685E0	-3.690197E-1
1.386667E1	8.031091E0	-3.009555E-1
1.390000E1	8.063524E0	-2.798264E-1
1.393333E1	8.223915E0	-2.475414E-1
1.396667E1	8.343863E0	-1.992645E-1
1.400000E1	8.589776E0	-1.764720E-1
1.403333E1	8.757754E0	-1.521257E-1
1.406667E1	8.785482E0	-1.654379E-1
1.410000E1	8.963596E0	-1.498421E-1
1.413333E1	9.020447E0	-1.560182E-1
1.416667E1	9.123756E0	-1.540733E-1
1.420000E1	9.156175E0	-1.308180E-1
1.423333E1	9.175325E0	-9.151246E-2
1.426667E1	9.190761E0	-1.375936E-3
1.430000E1	9.191736E0	1.868400E-2
1.433333E1	9.125536E0	1.288471E-2
1.436667E1	9.051439E0	-5.634127E-2
1.440000E1	9.014216E0	-1.063791E-1
1.443333E1	8.886679E0	-2.453113E-1
1.446667E1	8.868932E0	-2.872885E-1
1.450000E1	8.843101E0	-3.645423E-1
1.453333E1	8.882814E0	-3.058174E-1
1.456667E1	8.921380E0	-2.781547E-1
1.460000E1	9.155691E0	-1.868561E-1
1.463333E1	9.202721E0	-1.846502E-1
1.466667E1	9.459132E0	-1.726886E-1
1.470000E1	9.615140E0	-1.531405E-1
1.473333E1	9.647837E0	-1.657623E-1
1.476667E1	9.816673E0	-1.640595E-1
1.480000E1	9.875610E0	-1.645158E-1
1.483333E1	9.981483E0	-1.668875E-1
1.486667E1	9.994820E0	-1.214463E-1
1.490000E1	9.995051E0	-9.173038E-2
1.493333E1	9.993708E0	4.302257E-3
1.496667E1	9.987508E0	2.896406E-2
1.500000E1	9.919460E0	2.712926E-2
1.503333E1	9.834143E0	-4.419353E-2
1.506667E1	9.753674E0	-1.258629E-1
1.510000E1	9.673487E0	-1.923972E-1
1.513333E1	9.638225E0	-2.690706E-1
1.516667E1	9.594438E0	-3.294475E-1
1.520000E1	9.641152E0	-2.865134E-1
1.523333E1	9.672614E0	-2.676616E-1
1.526667E1	9.805807E0	-2.480384E-1
1.530000E1	9.971875E0	-1.680055E-1
1.533333E1	1.022870E1	-1.364811E-1
1.536667E1	1.039334E1	-1.112428E-1
1.540000E1	1.043306E1	-1.345827E-1
1.543333E1	1.055884E1	-1.442949E-1
1.546667E1	1.057672E1	-1.496302E-1
1.550000E1	1.070396E1	-1.596040E-1
1.553333E1	1.071793E1	-1.219043E-1
1.556667E1	1.071860E1	-9.216430E-2
1.560000E1	1.071781E1	1.441828E-2
1.563333E1	1.070386E1	3.558619E-2
1.566667E1	1.065110E1	2.609399E-2
1.570000E1	1.055695E1	-5.424069E-2
1.573333E1	1.051027E1	-1.369157E-1
1.576667E1	1.037721E1	-2.488958E-1
1.580000E1	1.037069E1	-2.853750E-1
1.583333E1	1.031962E1	-3.626598E-1
1.586667E1	1.035906E1	-3.011567E-1
1.590000E1	1.038885E1	-2.781665E-1
1.593333E1	1.059429E1	-1.951298E-1
1.596667E1	1.068233E1	-1.661205E-1
1.600000E1	1.092458E1	-1.352149E-1
1.603333E1	1.106231E1	-1.128843E-1
1.606667E1	1.111036E1	-1.315565E-1
1.610000E1	1.126760E1	-1.456666E-1
1.613333E1	1.130316E1	-1.560492E-1
1.616667E1	1.138712E1	-1.552858E-1
1.620000E1	1.142089E1	-1.191135E-1
1.623333E1	1.142442E1	-8.337553E-2
1.626667E1	1.142277E1	1.155178E-2
1.630000E1	1.142039E1	3.275864E-2
1.633333E1	1.134171E1	3.435797E-2
1.636667E1	1.126403E1	-3.474021E-2
1.640000E1	1.119425E1	-1.216701E-1
1.643333E1	1.111085E1	-2.307340E-1
1.646667E1	1.107632E1	-2.720616E-1
1.650000E1	1.102202E1	-3.384467E-1
1.653333E1	1.106408E1	-2.950930E-1
1.656667E1	1.109313E1	-2.692469E-1
1.660000E1	1.130601E1	-1.566565E-1
1.663333E1	1.137442E1	-1.435616E-1
1.666667E1	1.159568E1	-1.242541E-1
1.670000E1	1.175924E1	-1.059703E-1
1.673333E1	1.179742E1	-1.310344E-1
1.676667E1	1.193781E1	-1.444868E-1
1.680000E1	1.197962E1	-1.576817E-1
1.683333E1	1.206123E1	-1.584266E-1
1.686667E1	1.207109E1	-1.261535E-1
1.690000E1	1.206876E1	-9.213377E-2
1.693333E1	1.206205E1	3.928802E-3
1.696667E1	1.205487E1	3.340587E-2
1.700000E1	1.196883E1	3.139008E-2
1.703333E1	1.189378E1	-3.802502E-2
1.706667E1	1.180336E1	-1.438163E-1
1.710000E1	1.172688E1	-2.366513E-1
1.713333E1	1.165961E1	-2.671420E-1
1.716667E1	1.160332E1	-3.357998E-1
1.720000E1	1.164042E1	-2.944855E-1
1.723333E1	1.166877E1	-2.763906E-1
1.726667E1	1.187559E1	-1.703405E-1
1.730000E1	1.193105E1	-1.499556E-1
1.733333E1	1.215697E1	-1.329647E-1
1.736667E1	1.228939E1	-1.171738E-1
1.740000E1	1.233174E1	-1.324884E-1
1.743333E1	1.247208E1	-1.455753E-1
1.746667E1	1.252128E1	-1.581825E-1
1.750000E1	1.258013E1	-1.621063E-1
1.753333E1	1.259114E1	-1.311237E-1
1.756667E1	1.258253E1	-9.605015E-2
1.760000E1	1.256712E1	-1.169098E-3
1.763333E1	1.256053E1	3.082384E-2
1.766667E1	1.245801E1	2.140208E-2
1.770000E1	1.238900E1	-5.067355E-2
1.773333E1	1.230970E1	-1.519248E-1
1.776667E1	1.217031E1	-2.443013E-1
1.780000E1	1.216327E1	-2.912246E-1
1.783333E1	1.210102E1	-3.482804E-1
1.786667E1	1.214004E1	-2.954996E-1
1.790000E1	1.216272E1	-2.803392E-1
1.793333E1	1.226989E1	-2.552151E-1
1.796667E1	1.242008E1	-1.711378E-1
1.800000E1	1.256064E1	-1.479710E-1
1.803333E1	1.278452E1	-1.308088E-1
1.806667E1	1.282842E1	-1.412231E-1
1.810000E1	1.294939E1	-1.545416E-1
1.813333E1	1.298505E1	-1.855769E-1
1.816667E1	1.304612E1	-2.184378E-1
1.820000E1	1.307031E1	-1.762655E-1
1.823333E1	1.306767E1	-1.487152E-1
1.826667E1	1.305706E1	-7.283716E-2
1.830000E1	1.305144E1	-1.453986E-2
1.833333E1	1.299561E1	1.488935E-2
1.836667E1	1.285761E1	-8.895580E-2
1.840000E1	1.280392E1	-1.263139E-1
1.843333E1	1.270032E1	-2.116751E-1
1.846667E1	1.261980E1	-2.854053E-1
1.850000E1	1.256411E1	-3.564107E-1
1.853333E1	1.256663E1	-3.369299E-1
1.856667E1	1.263220E1	-2.996006E-1
1.860000E1	1.274283E1	-2.488176E-1
1.863333E1	1.288631E1	-1.727524E-1
1.866667E1	1.304015E1	-1.733233E-1
1.870000E1	1.325730E1	-1.588129E-1
1.873333E1	1.331475E1	-1.531557E-1
1.876667E1	1.339579E1	-1.558959E-1
1.880000E1	1.343712E1	-1.656282E-1
1.883333E1	1.350946E1	-1.940794E-1
1.886667E1	1.352495E1	-1.502187E-1
1.890000E1	1.350655E1	-1.221330E-1
1.893333E1	1.348784E1	-4.039481E-2
1.896667E1	1.348327E1	-9.237768E-3
1.900000E1	1.342547E1	1.646999E-2
1.903333E1	1.326971E1	-1.021647E-1
1.906667E1	1.323095E1	-1.485317E-1
1.910000E1	1.308061E1	-2.695136E-1
1.913333E1	1.304126E1	-2.998798E-1
1.916667E1	1.296320E1	-3.880133E-1
1.920000E1	1.301762E1	-3.134984E-1
1.923333E1	1.303713E1	-2.833314E-1
1.926667E1	1.316945E1	-2.585731E-1
1.930000E1	1.327769E1	-1.896346E-1
1.933333E1	1.341681E1	-1.797353E-1
1.936667E1	1.363504E1	-1.654529E-1
1.940000E1	1.368247E1	-1.541395E-1
1.943333E1	1.378950E1	-1.585853E-1
1.946667E1	1.383119E1	-1.878757E-1
1.950000E1	1.388643E1	-2.132301E-1
1.953333E1	1.387987E1	-1.590836E-1
1.956667E1	1.386951E1	-1.184972E-1
1.960000E1	1.384876E1	-3.301624E-2
1.963333E1	1.384580E1	-9.609403E-3
1.966667E1	1.379040E1	2.218538E-2
1.970000E1	1.364606E1	-9.040479E-2
1.973333E1	1.359511E1	-1.302495E-1
1.976667E1	1.348143E1	-2.095319E-1
1.980000E1	1.338504E1	-2.903128E-1
1.983333E1	1.332226E1	-3.584650E-1
1.986667E1	1.336010E1	-2.901885E-1
1.990000E1	1.338577E1	-2.771827E-1
1.993333E1	1.350394E1	-2.573080E-1
1.996667E1	1.363008E1	-1.807675E-1
2.000000E1	1.378623E1	-1.665705E-1
2.003333E1	1.400135E1	-1.326368E-1
2.006667E1	1.404602E1	-1.378427E-1
2.010000E1	1.415463E1	-1.493260E-1
2.013333E1	1.420059E1	-1.623333E-1
2.016667E1	1.424568E1	-1.662605E-1
2.020000E1	1.426568E1	-1.270563E-1
2.023333E1	1.426823E1	-1.013797E-1
2.026667E1	1.426238E1	-1.872138E-2
2.030000E1	1.426098E1	1.690858E-2
2.033333E1	1.420795E1	2.915905E-2
2.036667E1	1.406622E1	-9.443237E-2
2.040000E1	1.401808E1	-1.233033E-1
2.043333E1	1.386286E1	-2.554109E-1
2.046667E1	1.382506E1	-2.910541E-1
2.050000E1	1.378092E1	-3.626962E-1
2.053333E1	1.381157E1	-2.930237E-1
2.056667E1	1.383187E1	-2.617550E-1
2.060000E1	1.394763E1	-2.471255E-1
2.063333E1	1.407936E1	-1.748317E-1
2.066667E1	1.421850E1	-1.684025E-1
2.070000E1	1.443657E1	-1.356714E-1
2.073333E1	1.447969E1	-1.410069E-1
2.076667E1	1.460400E1	-1.554176E-1
2.080000E1	1.463439E1	-1.741347E-1
2.083333E1	1.469396E1	-2.068012E-1
2.086667E1	1.473080E1	-1.640288E-1
2.090000E1	1.472389E1	-1.264038E-1
2.093333E1	1.471427E1	-5.726282E-2
2.096667E1	1.471169E1	-1.354857E-2
2.100000E1	1.467303E1	1.132960E-2
2.103333E1	1.453333E1	-1.077803E-1
2.106667E1	1.448970E1	-1.483336E-1
2.110000E1	1.438018E1	-2.719534E-1
2.113333E1	1.434677E1	-3.044414E-1
2.116667E1	1.430281E1	-3.824927E-1
2.120000E1	1.433917E1	-3.060551E-1
2.123333E1	1.437677E1	-2.848418E-1
2.126667E1	1.449053E1	-2.551014E-1
2.130000E1	1.463744E1	-1.778492E-1
2.133333E1	1.479006E1	-1.738178E-1
2.136667E1	1.502588E1	-1.763473E-1
2.140000E1	1.506068E1	-1.958078E-1
2.143333E1	1.519494E1	-2.141253E-1
2.146667E1	1.524716E1	-2.450364E-1
2.150000E1	1.531350E1	-2.839409E-1
2.153333E1	1.535903E1	-2.383798E-1
2.156667E1	1.536600E1	-1.976794E-1
2.160000E1	1.537943E1	-1.407412E-1
2.163333E1	1.538658E1	-9.144182E-2
2.166667E1	1.536401E1	-6.073159E-2
2.170000E1	1.530142E1	-1.540821E-1
2.173333E1	1.524601E1	-2.030922E-1
2.176667E1	1.515286E1	-3.357650E-1
2.180000E1	1.513254E1	-3.735756E-1
2.183333E1	1.512465E1	-4.358783E-1
2.186667E1	1.517863E1	-3.929439E-1
2.190000E1	1.520340E1	-3.983151E-1
2.193333E1	1.533444E1	-3.915158E-1
2.196667E1	1.551331E1	-2.955020E-1
2.200000E1	1.568006E1	-2.774086E-1
2.203333E1	1.592164E1	-2.511055E-1
2.206667E1	1.595974E1	-2.742817E-1
2.210000E1	1.610003E1	-2.775801E-1
2.213333E1	1.620496E1	-2.968973E-1
2.216667E1	1.629460E1	-3.114409E-1
2.220000E1	1.636811E1	-2.723115E-1
2.223333E1	1.637244E1	-2.473096E-1
2.226667E1	1.643445E1	-1.487837E-1
2.230000E1	1.644693E1	-1.221592E-1
2.233333E1	1.642471E1	-1.262594E-1
2.236667E1	1.635972E1	-2.741747E-1
2.240000E1	1.634949E1	-2.936857E-1
2.243333E1	1.630264E1	-4.325217E-1
2.246667E1	1.627739E1	-4.959602E-1
2.250000E1	1.628384E1	-5.359489E-1
2.253333E1	1.641687E1	-4.405375E-1
2.256667E1	1.646621E1	-4.272038E-1
2.260000E1	1.659841E1	-4.065321E-1
2.263333E1	1.676137E1	-3.379008E-1
2.266667E1	1.691564E1	-3.182936E-1
2.270000E1	1.717377E1	-3.085651E-1
2.273333E1	1.720657E1	-2.942322E-1
2.276667E1	1.735107E1	-2.987807E-1
2.280000E1	1.743266E1	-3.334282E-1
2.283333E1	1.749922E1	-3.431517E-1
2.286667E1	1.757091E1	-2.744681E-1
2.290000E1	1.758639E1	-2.561968E-1
2.293333E1	1.762330E1	-1.966553E-1
2.296667E1	1.763490E1	-1.579330E-1
2.300000E1	1.763389E1	-1.481672E-1
2.303333E1	1.757010E1	-2.802360E-1
2.306667E1	1.755827E1	-2.981795E-1
2.310000E1	1.751293E1	-4.267611E-1
2.313333E1	1.750355E1	-4.586930E-1
2.316667E1	1.750297E1	-4.652597E-1
2.320000E1	1.761183E1	-4.101917E-1
2.323333E1	1.763841E1	-3.930367E-1
2.326667E1	1.778261E1	-3.532718E-1
2.330000E1	1.795756E1	-2.934752E-1
2.333333E1	1.810360E1	-2.764003E-1
2.336667E1	1.833351E1	-2.565474E-1
2.340000E1	1.836020E1	-2.696459E-1
2.343333E1	1.847688E1	-2.840659E-1
2.346667E1	1.852623E1	-3.081564E-1
2.350000E1	1.858623E1	-2.938853E-1
2.353333E1	1.864554E1	-2.236459E-1
2.356667E1	1.866845E1	-1.725029E-1
2.360000E1	1.869516E1	-1.379380E-1
2.363333E1	1.869149E1	-1.031421E-1
2.366667E1	1.867149E1	-1.231783E-1
2.370000E1	1.859512E1	-2.564980E-1
2.373333E1	1.857428E1	-2.863541E-1
2.376667E1	1.850558E1	-4.100038E-1
2.380000E1	1.850024E1	-4.430485E-1
2.383333E1	1.851675E1	-4.484079E-1
2.386667E1	1.861142E1	-3.708281E-1
2.390000E1	1.864720E1	-3.313780E-1
2.393333E1	1.879566E1	-3.198032E-1
2.396667E1	1.893844E1	-2.446928E-1
2.400000E1	1.909769E1	-2.514855E-1
2.403333E1	1.931107E1	-2.366395E-1
2.406667E1	1.936386E1	-2.198722E-1
2.410000E1	1.947025E1	-2.222406E-1
2.413333E1	1.951964E1	-2.391906E-1
2.416667E1	1.957118E1	-2.196958E-1
2.420000E1	1.964015E1	-1.593685E-1
2.423333E1	1.966888E1	-1.185553E-1
2.426667E1	1.969388E1	-3.190151E-2
2.430000E1	1.969664E1	-1.476876E-2
2.433333E1	1.967492E1	-2.053683E-2
2.436667E1	1.959309E1	-1.287961E-1
2.440000E1	1.957492E1	-1.593729E-1
2.443333E1	1.950765E1	-2.733005E-1
2.446667E1	1.948391E1	-3.407061E-1
2.450000E1	1.946318E1	-3.703819E-1
2.453333E1	1.954278E1	-2.680286E-1
2.456667E1	1.960311E1	-2.413233E-1
2.460000E1	1.972374E1	-1.917279E-1
2.463333E1	1.985551E1	-1.297437E-1
2.466667E1	2.001057E1	-1.223925E-1
2.470000E1	2.018716E1	-1.071656E-1
2.473333E1	2.020789E1	-1.303683E-1
2.476667E1	2.028982E1	-1.504613E-1
2.480000E1	2.033697E1	-1.608083E-1
2.483333E1	2.036181E1	-1.471133E-1
2.486667E1	2.041815E1	-8.329645E-2
2.490000E1	2.041324E1	-4.628881E-2
2.493333E1	2.042894E1	1.760116E-2
2.496667E1	2.045375E1	4.656755E-2
2.500000E1	2.042933E1	4.928344E-2
2.503333E1	2.034089E1	-6.571310E-2
2.506667E1	2.031144E1	-9.230093E-2
2.510000E1	2.021440E1	-1.945575E-1
2.513333E1	2.017790E1	-2.646317E-1
2.516667E1	2.016397E1	-2.913975E-1
2.520000E1	2.023089E1	-1.847113E-1
2.523333E1	2.026526E1	-1.822575E-1
2.526667E1	2.038583E1	-1.314551E-1
2.530000E1	2.052594E1	-7.651941E-2
2.533333E1	2.067153E1	-6.467539E-2
2.536667E1	2.081975E1	-3.759510E-2
2.540000E1	2.084112E1	-5.695233E-2
2.543333E1	2.091061E1	-7.894063E-2
2.546667E1	2.095120E1	-1.043716E-1
2.550000E1	2.098563E1	-1.137305E-1
2.553333E1	2.099205E1	-5.404056E-2
2.556667E1	2.098952E1	-1.480187E-2
2.560000E1	2.098789E1	3.356279E-2
2.563333E1	2.098418E1	7.188221E-2
2.566667E1	2.095086E1	6.847043E-2
2.570000E1	2.084519E1	-4.735514E-2
2.573333E1	2.081374E1	-7.943987E-2
2.576667E1	2.070159E1	-2.026302E-1
2.580000E1	2.067169E1	-2.355452E-1
2.583333E1	2.065260E1	-2.376812E-1
2.586667E1	2.070411E1	-1.611255E-1
2.590000E1	2.074251E1	-1.166384E-1
2.593333E1	2.083535E1	-1.076821E-1
2.596667E1	2.096995E1	-2.587634E-2
2.600000E1	2.109915E1	1.851199E-3
2.603333E1	2.124450E1	1.698535E-2
2.606667E1	2.126327E1	-2.307074E-3
2.610000E1	2.131242E1	-1.796763E-2
2.613333E1	2.136597E1	-4.060708E-2
2.616667E1	2.140726E1	-5.287759E-2
2.620000E1	2.140891E1	-2.002620E-2
2.623333E1	2.141328E1	3.434914E-2
2.626667E1	2.143408E1	1.106133E-1
2.630000E1	2.145782E1	1.259484E-1
2.633333E1	2.141260E1	1.358189E-1
2.636667E1	2.134369E1	6.282731E-2
2.640000E1	2.127869E1	-9.306201E-3
2.643333E1	2.116662E1	-1.121901E-1
2.646667E1	2.116321E1	-1.350016E-1
2.650000E1	2.110821E1	-2.128660E-1
2.653333E1	2.112748E1	-1.575476E-1
2.656667E1	2.119705E1	-9.467710E-2
2.660000E1	2.127758E1	-4.661093E-2
2.663333E1	2.133054E1	-9.581618E-3
2.666667E1	2.150200E1	2.209726E-2
2.670000E1	2.158462E1	3.888005E-2
2.673333E1	2.163322E1	1.097547E-2
2.676667E1	2.169711E1	-1.164855E-2
2.680000E1	2.170494E1	-2.081531E-2
2.683333E1	2.174249E1	-1.718142E-2
2.686667E1	2.176383E1	1.865096E-2
2.690000E1	2.177468E1	5.046569E-2
2.693333E1	2.178939E1	1.180566E-1
2.696667E1	2.178180E1	1.541333E-1
2.700000E1	2.173833E1	1.502563E-1
2.703333E1	2.168280E1	6.965927E-2
2.706667E1	2.161324E1	1.240548E-2
2.710000E1	2.149426E1	-1.234141E-1
2.713333E1	2.146844E1	-1.433767E-1
2.716667E1	2.140073E1	-1.988844E-1
2.720000E1	2.143125E1	-1.477075E-1
2.723333E1	2.146099E1	-1.012267E-1
2.726667E1	2.160544E1	-2.634945E-2
2.730000E1	2.163863E1	-6.494833E-3
2.733333E1	2.179768E1	1.704294E-2
2.736667E1	2.190050E1	2.197183E-2
2.740000E1	2.193946E1	1.159685E-2
2.743333E1	2.199692E1	-5.262946E-3
2.746667E1	2.199491E1	-1.053453E-2
2.750000E1	2.204554E1	-2.057054E-2
2.753333E1	2.206476E1	1.907515E-2
2.756667E1	2.207226E1	5.274749E-2
2.760000E1	2.209015E1	1.306478E-1
2.763333E1	2.211259E1	1.632214E-1
2.766667E1	2.208473E1	1.609145E-1
2.770000E1	2.204330E1	7.965132E-2
2.773333E1	2.196966E1	1.210507E-2
2.776667E1	2.185724E1	-1.171791E-1
2.780000E1	2.183439E1	-1.406246E-1
2.783333E1	2.176087E1	-2.037530E-1
2.786667E1	2.178281E1	-1.454445E-1
2.790000E1	2.184885E1	-9.266978E-2
2.793333E1	2.193300E1	-5.668951E-2
2.796667E1	2.197538E1	-1.881739E-2
2.800000E1	2.212650E1	1.063155E-2
2.803333E1	2.220299E1	1.356082E-2
2.806667E1	2.223644E1	5.798265E-3
2.810000E1	2.230014E1	-3.310404E-3
2.813333E1	2.232713E1	-1.934408E-2
2.816667E1	2.237081E1	-1.510782E-2
2.820000E1	2.240041E1	2.171793E-2
2.823333E1	2.241393E1	6.212093E-2
2.826667E1	2.244166E1	1.397264E-1
2.830000E1	2.247087E1	1.630619E-1
2.833333E1	2.244021E1	1.518779E-1
2.836667E1	2.239546E1	6.957074E-2
2.840000E1	2.233305E1	1.450307E-2
2.843333E1	2.222214E1	-1.052874E-1
2.846667E1	2.221626E1	-1.427695E-1
2.850000E1	2.213820E1	-2.158156E-1
2.853333E1	2.215376E1	-1.434784E-1
2.856667E1	2.222333E1	-8.173009E-2
2.860000E1	2.232986E1	-4.821180E-2
2.863333E1	2.236580E1	-3.363349E-2
2.866667E1	2.253073E1	-1.772871E-2
2.870000E1	2.256518E1	-3.305304E-3
2.873333E1	2.259741E1	-1.678189E-3
2.876667E1	2.267356E1	-5.892515E-3
2.880000E1	2.269078E1	-1.433029E-2
2.883333E1	2.271705E1	-5.497335E-3
2.886667E1	2.272048E1	4.032724E-2
2.890000E1	2.272183E1	6.591961E-2
2.893333E1	2.274294E1	1.504597E-1
2.896667E1	2.276184E1	1.658353E-1
2.900000E1	2.273736E1	1.501597E-1
2.903333E1	2.269038E1	6.031827E-2
2.906667E1	2.262550E1	7.220144E-3
2.910000E1	2.250596E1	-1.260033E-1
2.913333E1	2.247490E1	-1.455567E-1
2.916667E1	2.239575E1	-2.034768E-1
2.920000E1	2.241599E1	-1.494964E-1
2.923333E1	2.247427E1	-8.940151E-2
2.926667E1	2.255259E1	-4.389088E-2
2.930000E1	2.260122E1	-2.321031E-2
2.933333E1	2.274390E1	1.493019E-2
2.936667E1	2.281800E1	2.535487E-2
2.940000E1	2.284473E1	6.125497E-3
2.943333E1	2.288491E1	-4.319038E-3
2.946667E1	2.290875E1	-1.785429E-2
2.950000E1	2.293439E1	-1.674827E-2
2.953333E1	2.294314E1	2.169528E-2
2.956667E1	2.296980E1	6.451983E-2
2.960000E1	2.299689E1	1.386594E-1
2.963333E1	2.300490E1	1.637508E-1
2.966667E1	2.297687E1	1.573478E-1
2.970000E1	2.293060E1	4.881246E-2
2.973333E1	2.286470E1	-3.802684E-3
2.976667E1	2.274984E1	-1.122315E-1
2.980000E1	2.273753E1	-1.412167E-1
2.983333E1	2.267360E1	-2.103686E-1
2.986667E1	2.270363E1	-1.428039E-1
2.990000E1	2.276077E1	-9.073645E-2
2.993333E1	2.284169E1	-5.242538E-2
2.996667E1	2.288953E1	-2.371635E-2
3.000000E1	2.302065E1	2.473967E-2
3.003333E1	2.309900E1	2.879091E-2
3.006667E1	2.312471E1	1.239143E-2
3.010000E1	2.315945E1	-6.575383E-5
3.013333E1	2.318495E1	-1.347638E-2
3.016667E1	2.321625E1	-5.898421E-3
3.020000E1	2.322307E1	2.606075E-2
3.023333E1	2.323178E1	7.477369E-2
3.026667E1	2.328023E1	1.470557E-1
3.030000E1	2.329778E1	1.645828E-1
3.033333E1	2.327047E1	1.487892E-1
3.036667E1	2.322568E1	3.461016E-2
3.040000E1	2.318134E1	-9.067302E-3
3.043333E1	2.307886E1	-1.346582E-1
3.046667E1	2.304306E1	-1.500442E-1
3.050000E1	2.296676E1	-2.317001E-1
3.053333E1	2.298592E1	-1.505484E-1
3.056667E1	2.300991E1	-1.270677E-1
3.060000E1	2.311162E1	-6.027533E-2
3.063333E1	2.313741E1	-4.497337E-2
3.066667E1	2.326183E1	-2.259752E-2
3.070000E1	2.331902E1	6.450260E-3
3.073333E1	2.333468E1	-1.017832E-3
3.076667E1	2.336286E1	-7.334122E-3
3.080000E1	2.336176E1	-1.577958E-2
3.083333E1	2.337615E1	-6.426206E-3
3.086667E1	2.340220E1	3.663594E-2
3.090000E1	2.342513E1	6.129847E-2
3.093333E1	2.347120E1	1.524826E-1
3.096667E1	2.349590E1	1.663677E-1
3.100000E1	2.348221E1	1.460283E-1
3.103333E1	2.344701E1	5.641248E-2
3.106667E1	2.340143E1	-9.376000E-4
3.110000E1	2.331388E1	-1.188732E-1
3.113333E1	2.331148E1	-1.417351E-1
3.116667E1	2.324388E1	-2.206204E-1
3.120000E1	2.326429E1	-1.500486E-1
3.123333E1	2.330036E1	-1.030343E-1
3.126667E1	2.338639E1	-4.846869E-2
3.130000E1	2.343503E1	-4.435547E-2
3.133333E1	2.355636E1	-8.868841E-3
3.136667E1	2.360656E1	2.331978E-2
3.140000E1	2.363036E1	1.104588E-2
3.143333E1	2.365369E1	-3.065566E-3
3.146667E1	2.364833E1	-1.698130E-2
3.150000E1	2.367858E1	-1.226953E-2
3.153333E1	2.371075E1	2.944944E-2
3.156667E1	2.373163E1	7.739480E-2
3.160000E1	2.379311E1	1.206372E-1
3.163333E1	2.381332E1	1.518015E-1
3.166667E1	2.384488E1	1.445868E-1
3.170000E1	2.382128E1	4.767740E-2
3.173333E1	2.380550E1	1.123304E-2
3.176667E1	2.371851E1	-1.238761E-1
3.180000E1	2.369603E1	-1.458108E-1
3.183333E1	2.364911E1	-1.995240E-1
3.186667E1	2.366051E1	-1.425312E-1
3.190000E1	2.371023E1	-1.161046E-1
3.193333E1	2.381746E1	-7.478164E-2
3.196667E1	2.384897E1	-5.112137E-2
3.200000E1	2.397367E1	-3.395624E-2
3.203333E1	2.403794E1	-3.940475E-2
3.206667E1	2.407574E1	-5.776044E-2
3.210000E1	2.411725E1	-7.229702E-2
3.213333E1	2.414036E1	-8.590127E-2
3.216667E1	2.419776E1	-7.932637E-2
3.220000E1	2.424070E1	-3.853344E-2
3.223333E1	2.428265E1	6.083667E-4
3.226667E1	2.436792E1	5.297929E-2
3.230000E1	2.440285E1	1.035757E-1
3.233333E1	2.445692E1	8.933349E-2
3.236667E1	2.447625E1	7.443675E-3
3.240000E1	2.445823E1	-5.979742E-2
3.243333E1	2.443685E1	-1.891030E-1
3.246667E1	2.441401E1	-2.200931E-1
3.250000E1	2.439556E1	-2.736456E-1
3.253333E1	2.443693E1	-2.294258E-1
3.256667E1	2.446121E1	-2.050660E-1
3.260000E1	2.461114E1	-1.515075E-1
3.263333E1	2.466495E1	-1.137895E-1
3.266667E1	2.483790E1	-1.053752E-1
3.270000E1	2.493542E1	-8.958435E-2
3.273333E1	2.496394E1	-7.848872E-2
3.276667E1	2.503761E1	-8.716335E-2
3.280000E1	2.506139E1	-1.014030E-1
3.283333E1	2.515276E1	-1.211241E-1
3.286667E1	2.520336E1	-8.645273E-2
3.290000E1	2.522780E1	-5.587516E-2
3.293333E1	2.534535E1	4.770150E-2
3.296667E1	2.539199E1	8.650084E-2
3.300000E1	2.548365E1	8.566030E-2
3.303333E1	2.551210E1	4.559239E-4
3.306667E1	2.549340E1	-6.426770E-2
3.310000E1	2.547939E1	-1.898773E-1
3.313333E1	2.547763E1	-2.240120E-1
3.316667E1	2.548020E1	-2.985673E-1
3.320000E1	2.552100E1	-2.410350E-1
3.323333E1	2.557206E1	-2.086041E-1
3.326667E1	2.570723E1	-1.442558E-1
3.330000E1	2.575065E1	-1.159746E-1
3.333333E1	2.591865E1	-1.040101E-1
3.336667E1	2.601734E1	-9.287699E-2
3.340000E1	2.603998E1	-7.776903E-2
3.343333E1	2.611365E1	-8.379406E-2
3.346667E1	2.614217E1	-9.768456E-2
3.350000E1	2.623368E1	-9.070391E-2
3.353333E1	2.627774E1	-5.175930E-2
3.356667E1	2.631232E1	-3.901262E-2
3.360000E1	2.644033E1	5.549953E-2
3.363333E1	2.649042E1	9.311415E-2
3.366667E1	2.658582E1	8.307894E-2
3.370000E1	2.659647E1	-3.322691E-3
3.373333E1	2.657674E1	-7.301764E-2
3.376667E1	2.655831E1	-1.908680E-1
3.380000E1	2.656384E1	-2.280625E-1
3.383333E1	2.656317E1	-2.967641E-1
3.386667E1	2.660352E1	-2.346789E-1
3.390000E1	2.666033E1	-2.122749E-1
3.393333E1	2.680857E1	-1.451733E-1
3.396667E1	2.683582E1	-1.034031E-1
3.400000E1	2.701746E1	-7.833338E-2
3.403333E1	2.708690E1	-6.208783E-2
3.406667E1	2.710897E1	-5.570690E-2
3.410000E1	2.719188E1	-6.632642E-2
3.413333E1	2.722406E1	-8.653405E-2
3.416667E1	2.730830E1	-9.160702E-2
3.420000E1	2.735609E1	-4.884978E-2
3.423333E1	2.739159E1	-4.227803E-2
3.426667E1	2.751684E1	6.279037E-2
3.430000E1	2.756271E1	9.164107E-2
3.433333E1	2.765797E1	8.247539E-2
3.436667E1	2.767298E1	-1.380623E-2
3.440000E1	2.765694E1	-7.724221E-2
3.443333E1	2.763573E1	-1.963393E-1
3.446667E1	2.763172E1	-2.251947E-1
3.450000E1	2.762323E1	-2.992907E-1
3.453333E1	2.767397E1	-2.403011E-1
3.456667E1	2.769453E1	-2.021753E-1
3.460000E1	2.780891E1	-1.517310E-1
3.463333E1	2.789709E1	-8.280593E-2
3.466667E1	2.799566E1	-5.317179E-2
3.470000E1	2.813394E1	-2.386935E-2
3.473333E1	2.815668E1	-7.613678E-3
3.476667E1	2.820936E1	-1.761803E-3
3.480000E1	2.825214E1	-2.064819E-2
3.483333E1	2.827977E1	-2.524832E-2
3.486667E1	2.836701E1	2.662035E-2
3.490000E1	2.838045E1	3.261384E-2
3.493333E1	2.849560E1	1.184220E-1
3.496667E1	2.856389E1	1.530256E-1
3.500000E1	2.863565E1	1.562308E-1
3.503333E1	2.867027E1	2.744110E-2
3.506667E1	2.865927E1	-1.728826E-2
3.510000E1	2.862701E1	-1.364360E-1
3.513333E1	2.863332E1	-1.697170E-1
3.516667E1	2.861999E1	-2.569295E-1
3.520000E1	2.865467E1	-1.881591E-1
3.523333E1	2.867457E1	-1.885746E-1
3.526667E1	2.878472E1	-9.482435E-2
3.530000E1	2.883523E1	-5.763404E-2
3.533333E1	2.893590E1	-3.650200E-2
3.536667E1	2.904424E1	-3.803415E-3
3.540000E1	2.904449E1	5.555422E-3
3.543333E1	2.907039E1	-8.828330E-4
3.546667E1	2.909078E1	-1.568364E-2
3.550000E1	2.913028E1	-7.021550E-3
3.553333E1	2.920552E1	3.039989E-2
3.556667E1	2.924049E1	4.439003E-2
3.560000E1	2.931072E1	8.876126E-2
3.563333E1	2.938992E1	1.452832E-1
3.566667E1	2.943907E1	1.498580E-1
3.570000E1	2.945468E1	1.579011E-2
3.573333E1	2.944503E1	-2.586013E-2
3.576667E1	2.940804E1	-1.342609E-1
3.580000E1	2.941105E1	-1.659035E-1
3.583333E1	2.938293E1	-2.577374E-1
3.586667E1	2.939327E1	-1.962856E-1
3.590000E1	2.941443E1	-1.735754E-1
3.593333E1	2.952253E1	-9.786125E-2
3.596667E1	2.957626E1	-6.553823E-2
3.600000E1	2.965760E1	-3.059904E-2
3.603333E1	2.974227E1	1.864279E-2
3.606667E1	2.974701E1	2.422571E-2
3.610000E1	2.977100E1	9.728861E-3
3.613333E1	2.980165E1	-5.812976E-3
3.616667E1	2.983528E1	-7.055599E-4
3.620000E1	2.990552E1	2.954005E-2
3.623333E1	2.992414E1	4.514434E-2
3.626667E1	3.000811E1	9.980030E-2
3.630000E1	3.008595E1	1.459039E-1
3.633333E1	3.014291E1	1.492027E-1
3.636667E1	3.015914E1	9.693847E-3
3.640000E1	3.015662E1	-2.310446E-2
3.643333E1	3.010784E1	-1.507516E-1
3.646667E1	3.007553E1	-1.724120E-1
3.650000E1	3.002487E1	-2.571964E-1
3.653333E1	3.003444E1	-1.924279E-1
3.656667E1	3.005953E1	-1.621492E-1
3.660000E1	3.012658E1	-1.065170E-1
3.663333E1	3.020088E1	-6.226486E-2
3.666667E1	3.028507E1	-1.776642E-2
3.670000E1	3.036830E1	3.637421E-2
3.673333E1	3.038524E1	3.120811E-2
3.676667E1	3.039844E1	1.214272E-2
3.680000E1	3.040287E1	-6.300241E-3
3.683333E1	3.041909E1	2.696699E-3
3.686667E1	3.049233E1	6.649804E-2
3.690000E1	3.052666E1	8.561755E-2
3.693333E1	3.060567E1	1.248136E-1
3.696667E1	3.065750E1	1.690361E-1
3.700000E1	3.069017E1	1.289664E-1
3.703333E1	3.065801E1	-5.405293E-3
3.706667E1	3.064239E1	-2.904708E-2
3.710000E1	3.057727E1	-1.827825E-1
3.713333E1	3.054432E1	-2.479830E-1
3.716667E1	3.051113E1	-2.834116E-1
3.720000E1	3.053781E1	-1.973123E-1
3.723333E1	3.056199E1	-1.693665E-1
3.726667E1	3.064817E1	-1.145243E-1
3.730000E1	3.070767E1	-6.517665E-2
3.733333E1	3.077855E1	-3.403011E-2
3.736667E1	3.085459E1	5.261267E-3
3.740000E1	3.086784E1	2.412477E-3
3.743333E1	3.088655E1	-2.335333E-2
3.746667E1	3.089328E1	-2.760930E-2
3.750000E1	3.090517E1	-1.564803E-2
3.753333E1	3.095457E1	4.821574E-2
3.756667E1	3.097804E1	7.810566E-2
3.760000E1	3.104294E1	1.211383E-1
3.763333E1	3.109057E1	1.741236E-1
3.766667E1	3.112416E1	1.374701E-1
3.770000E1	3.109338E1	-3.228496E-3
3.773333E1	3.107370E1	-4.247138E-2
3.776667E1	3.100686E1	-1.746287E-1
3.780000E1	3.099149E1	-2.315465E-1
3.783333E1	3.097161E1	-2.516169E-1
3.786667E1	3.100190E1	-1.747479E-1
3.790000E1	3.103872E1	-1.559945E-1
3.793333E1	3.109522E1	-1.119976E-1
3.796667E1	3.115875E1	-5.520257E-2
3.800000E1	3.123050E1	-2.175434E-2
3.803333E1	3.128834E1	1.471918E-2
3.806667E1	3.129745E1	2.748189E-3
3.810000E1	3.131277E1	-1.874496E-2
3.813333E1	3.131789E1	-3.212370E-2
3.816667E1	3.133702E1	-5.350649E-2
3.820000E1	3.139513E1	-2.175718E-3
3.823333E1	3.141599E1	3.266166E-2
3.826667E1	3.150057E1	4.517108E-2
3.830000E1	3.154871E1	1.034819E-1
3.833333E1	3.157998E1	8.316990E-2
3.836667E1	3.157820E1	-6.017208E-2
3.840000E1	3.158290E1	-9.415856E-2
3.843333E1	3.152817E1	-2.065436E-1
3.846667E1	3.148247E1	-2.756308E-1
3.850000E1	3.145447E1	-3.035068E-1
3.853333E1	3.148591E1	-2.021768E-1
3.856667E1	3.153011E1	-1.685391E-1
3.860000E1	3.158825E1	-1.201834E-1
3.863333E1	3.164099E1	-7.797884E-2
3.866667E1	3.171030E1	-5.209253E-2
3.870000E1	3.176387E1	-3.917059E-2
3.873333E1	3.175399E1	-5.058139E-2
3.876667E1	3.176203E1	-7.358233E-2
3.880000E1	3.176586E1	-9.658460E-2
3.883333E1	3.178411E1	-8.444452E-2
3.886667E1	3.184987E1	-5.219806E-3
3.890000E1	3.188095E1	2.428558E-2
3.893333E1	3.197440E1	3.609019E-2
3.896667E1	3.203251E1	9.915366E-2
3.900000E1	3.207910E1	6.392177E-2
3.903333E1	3.208496E1	-6.907687E-2
3.906667E1	3.208226E1	-9.622554E-2
3.910000E1	3.203423E1	-2.149135E-1
3.913333E1	3.199463E1	-2.856051E-1
3.916667E1	3.198698E1	-3.108885E-1
3.920000E1	3.201227E1	-2.066737E-1
3.923333E1	3.203710E1	-1.775629E-1
3.926667E1	3.212004E1	-1.209337E-1
3.930000E1	3.216123E1	-9.186557E-2
3.933333E1	3.221351E1	-6.825817E-2
3.936667E1	3.227509E1	-4.206929E-2
3.940000E1	3.225961E1	-5.103631E-2
3.943333E1	3.226245E1	-7.054043E-2
3.946667E1	3.226556E1	-8.741630E-2
3.950000E1	3.229000E1	-7.588331E-2
3.953333E1	3.236653E1	1.412201E-3
3.956667E1	3.239045E1	2.314129E-2
3.960000E1	3.248781E1	3.438034E-2
3.963333E1	3.255643E1	8.160957E-2
3.966667E1	3.260265E1	5.200477E-2
3.970000E1	3.260407E1	-8.770467E-2
3.973333E1	3.258341E1	-1.232924E-1
3.976667E1	3.255022E1	-2.629927E-1
3.980000E1	3.252580E1	-3.173055E-1
3.983333E1	3.251517E1	-3.565749E-1
3.986667E1	3.256050E1	-2.626923E-1
3.990000E1	3.259609E1	-2.391102E-1
3.993333E1	3.267342E1	-1.851889E-1
3.996667E1	3.273038E1	-1.388406E-1
4.000000E1	3.279207E1	-1.119190E-1
4.003333E1	3.286993E1	-7.600113E-2
4.006667E1	3.288195E1	-7.792935E-2
4.010000E1	3.290421E1	-8.503810E-2
4.013333E1	3.292065E1	-1.055146E-1
4.016667E1	3.294600E1	-1.115913E-1
4.020000E1	3.303050E1	-5.006731E-2
4.023333E1	3.307283E1	-1.417387E-2
4.026667E1	3.318695E1	1.416451E-2
4.030000E1	3.327362E1	4.932161E-2
4.033333E1	3.332270E1	2.274492E-2
4.036667E1	3.333778E1	-1.426297E-1
4.040000E1	3.332298E1	-1.774494E-1
4.043333E1	3.329554E1	-3.239581E-1
4.046667E1	3.329972E1	-3.806710E-1
4.050000E1	3.330424E1	-3.990446E-1
4.053333E1	3.335793E1	-3.188043E-1
4.056667E1	3.340987E1	-3.008110E-1
4.060000E1	3.348206E1	-2.567335E-1
4.063333E1	3.355200E1	-1.996153E-1
4.066667E1	3.361824E1	-1.663476E-1
4.070000E1	3.368977E1	-1.064925E-1
4.073333E1	3.368664E1	-1.200552E-1
4.076667E1	3.371140E1	-1.388646E-1
4.080000E1	3.372439E1	-1.561048E-1
4.083333E1	3.378784E1	-1.404313E-1
4.086667E1	3.388638E1	-8.022738E-2
4.090000E1	3.394366E1	-2.415388E-2
4.093333E1	3.407374E1	6.371779E-3
4.096667E1	3.414678E1	3.072256E-2
4.100000E1	3.425504E1	-5.196291E-3
4.103333E1	3.429542E1	-1.522314E-1
4.106667E1	3.430539E1	-1.870961E-1
4.110000E1	3.429659E1	-3.311474E-1
4.113333E1	3.429865E1	-4.080854E-1
4.116667E1	3.431005E1	-4.527084E-1
4.120000E1	3.435026E1	-3.666447E-1
4.123333E1	3.435763E1	-3.395546E-1
4.126667E1	3.445384E1	-2.672889E-1
4.130000E1	3.451548E1	-2.213361E-1
4.133333E1	3.459867E1	-1.786121E-1
4.136667E1	3.466935E1	-1.395342E-1
4.140000E1	3.467760E1	-1.320978E-1
4.143333E1	3.471241E1	-1.391963E-1
4.146667E1	3.472363E1	-1.573423E-1
4.150000E1	3.477765E1	-1.475801E-1
4.153333E1	3.484010E1	-8.893494E-2
4.156667E1	3.487270E1	-4.489524E-2
4.160000E1	3.498542E1	-3.737579E-2
4.163333E1	3.507631E1	-1.531625E-3
4.166667E1	3.514398E1	-1.918099E-2
4.170000E1	3.517618E1	-1.584274E-1
4.173333E1	3.517314E1	-2.070893E-1
4.176667E1	3.516595E1	-3.344155E-1
4.180000E1	3.516420E1	-4.047133E-1
4.183333E1	3.517454E1	-4.468483E-1
4.186667E1	3.521586E1	-3.704677E-1
4.190000E1	3.522916E1	-3.221905E-1
4.193333E1	3.531707E1	-2.589516E-1
4.196667E1	3.539563E1	-2.072313E-1
4.200000E1	3.546896E1	-1.672888E-1
4.203333E1	3.552007E1	-1.070259E-1
4.206667E1	3.553761E1	-1.229026E-1
4.210000E1	3.555671E1	-1.367430E-1
4.213333E1	3.556517E1	-1.533457E-1
4.216667E1	3.559521E1	-1.511459E-1
4.220000E1	3.568522E1	-9.487492E-2
4.223333E1	3.571454E1	-6.673313E-2
4.226667E1	3.582002E1	-3.056675E-2
4.230000E1	3.590842E1	-1.322557E-2
4.233333E1	3.596792E1	-3.337084E-2
4.236667E1	3.600123E1	-1.879588E-1
4.240000E1	3.599472E1	-2.338474E-1
4.243333E1	3.596352E1	-3.495244E-1
4.246667E1	3.595174E1	-3.986254E-1
4.250000E1	3.595189E1	-4.466629E-1
4.253333E1	3.598512E1	-3.387600E-1
4.256667E1	3.599824E1	-3.216508E-1
4.260000E1	3.609404E1	-2.293952E-1
4.263333E1	3.612187E1	-1.953261E-1
4.266667E1	3.614476E1	-1.857774E-1
4.270000E1	3.616764E1	-1.180343E-1
4.273333E1	3.618040E1	-1.281796E-1
4.276667E1	3.619135E1	-1.487638E-1
4.280000E1	3.619437E1	-1.648789E-1
4.283333E1	3.621003E1	-1.462319E-1
4.286667E1	3.623376E1	-1.105721E-1
4.290000E1	3.626912E1	-1.034406E-1
4.293333E1	3.639881E1	-3.251867E-3
4.296667E1	3.645092E1	1.970207E-2
4.300000E1	3.656280E1	-2.688498E-3
4.303333E1	3.656988E1	-1.121640E-1
4.306667E1	3.656794E1	-1.708328E-1
4.310000E1	3.653891E1	-2.859192E-1
4.313333E1	3.653704E1	-3.086835E-1
4.316667E1	3.646412E1	-4.057435E-1
4.320000E1	3.648075E1	-3.415397E-1
4.323333E1	3.650775E1	-3.089738E-1
4.326667E1	3.656686E1	-1.897707E-1
4.330000E1	3.659287E1	-1.570777E-1
4.333333E1	3.664024E1	-1.021972E-1
4.336667E1	3.664964E1	-7.556768E-2
4.340000E1	3.662709E1	-5.434160E-2
4.343333E1	3.661747E1	-6.040056E-2
4.346667E1	3.662147E1	-7.288915E-2
4.350000E1	3.663404E1	-6.844233E-2
4.353333E1	3.666397E1	-4.297499E-2
4.356667E1	3.670870E1	-1.290268E-2
4.360000E1	3.681355E1	5.125405E-2
4.363333E1	3.686367E1	7.423328E-2
4.366667E1	3.695672E1	5.433315E-2
4.370000E1	3.697386E1	-3.480571E-2
4.373333E1	3.698061E1	-9.980105E-2
4.376667E1	3.695786E1	-2.126062E-1
4.380000E1	3.695952E1	-2.400704E-1
4.383333E1	3.687806E1	-3.281440E-1
4.386667E1	3.690487E1	-2.597977E-1
4.390000E1	3.693612E1	-2.322519E-1
4.393333E1	3.698240E1	-1.328629E-1
4.396667E1	3.700140E1	-1.175018E-1
4.400000E1	3.705383E1	-6.412814E-2
4.403333E1	3.706743E1	-2.294026E-2
4.406667E1	3.704998E1	2.364489E-4
4.410000E1	3.704220E1	4.663654E-3
4.413333E1	3.704487E1	-2.282308E-3
4.416667E1	3.706446E1	-5.795662E-3
4.420000E1	3.710256E1	2.189884E-2
4.423333E1	3.714867E1	4.350813E-2
4.426667E1	3.723869E1	1.111896E-1
4.430000E1	3.730473E1	1.292194E-1
4.433333E1	3.743138E1	1.120370E-1
4.436667E1	3.744845E1	-6.680342E-3
4.440000E1	3.746838E1	-4.450892E-2
4.443333E1	3.745074E1	-1.886810E-1
4.446667E1	3.745790E1	-2.337256E-1
4.450000E1	3.742119E1	-3.209736E-1
4.453333E1	3.742934E1	-2.651042E-1
4.456667E1	3.746144E1	-2.237944E-1
4.460000E1	3.751147E1	-1.523926E-1
4.463333E1	3.752064E1	-1.175082E-1
4.466667E1	3.760637E1	-5.738421E-2
4.470000E1	3.763440E1	-2.856615E-2
4.473333E1	3.763066E1	-6.412598E-3
4.476667E1	3.763160E1	-1.685945E-3
4.480000E1	3.763014E1	-8.149827E-3
4.483333E1	3.765616E1	-1.444304E-2
4.486667E1	3.769598E1	1.655973E-2
4.490000E1	3.776456E1	5.864533E-2
4.493333E1	3.789339E1	1.027968E-1
4.496667E1	3.793565E1	1.284984E-1
4.500000E1	3.805778E1	1.187612E-1
4.503333E1	3.808889E1	3.034517E-2
4.506667E1	3.808402E1	-2.306419E-2
4.510000E1	3.807184E1	-1.468499E-1
4.513333E1	3.806790E1	-1.709966E-1
4.516667E1	3.804549E1	-2.641574E-1
4.520000E1	3.806098E1	-2.216541E-1
4.523333E1	3.807706E1	-1.826084E-1
4.526667E1	3.818340E1	-8.879843E-2
4.530000E1	3.820455E1	-6.268839E-2
4.533333E1	3.829224E1	-6.279937E-3
4.536667E1	3.832518E1	3.542548E-2
4.540000E1	3.833320E1	3.084285E-2
4.543333E1	3.833715E1	1.923485E-2
4.546667E1	3.834553E1	5.421942E-3
4.550000E1	3.838269E1	-1.514796E-2
4.553333E1	3.845363E1	1.918523E-2
4.556667E1	3.851066E1	5.617308E-2
4.560000E1	3.862898E1	1.066689E-1
4.563333E1	3.868416E1	1.381163E-1
4.566667E1	3.883420E1	1.385183E-1
4.570000E1	3.889200E1	4.232835E-2
4.573333E1	3.891389E1	-1.437117E-2
4.576667E1	3.892480E1	-1.375419E-1
4.580000E1	3.892379E1	-1.604832E-1
4.583333E1	3.890630E1	-2.634792E-1
4.586667E1	3.893114E1	-2.096233E-1
4.590000E1	3.895616E1	-1.492477E-1
4.593333E1	3.904068E1	-9.141039E-2
4.596667E1	3.907297E1	-5.615437E-2
4.600000E1	3.915819E1	1.048846E-2
4.603333E1	3.918062E1	3.604876E-2
4.606667E1	3.919330E1	2.678507E-2
4.610000E1	3.920378E1	8.552526E-3
4.613333E1	3.921080E1	-9.679794E-3
4.616667E1	3.925428E1	-1.310868E-2
4.620000E1	3.932586E1	1.980779E-2
4.623333E1	3.938402E1	5.371467E-2
4.626667E1	3.949989E1	1.000415E-1
4.630000E1	3.957016E1	1.476156E-1
4.633333E1	3.971276E1	1.356470E-1
4.636667E1	3.977378E1	4.419195E-2
4.640000E1	3.979362E1	3.528111E-3
4.643333E1	3.980144E1	-1.257788E-1
4.646667E1	3.979266E1	-1.538118E-1
4.650000E1	3.978127E1	-2.609302E-1
4.653333E1	3.979424E1	-2.227212E-1
4.656667E1	3.985134E1	-1.518655E-1
4.660000E1	3.991263E1	-1.037375E-1
4.663333E1	3.994629E1	-9.513413E-2
4.666667E1	4.003577E1	-6.598077E-3
4.670000E1	4.006706E1	2.697007E-2
4.673333E1	4.006561E1	3.432923E-2
4.676667E1	4.007384E1	2.511991E-2
4.680000E1	4.007678E1	1.258780E-2
4.683333E1	4.013346E1	-1.627649E-3
4.686667E1	4.018970E1	3.417932E-2
4.690000E1	4.025937E1	6.444642E-2
4.693333E1	4.040353E1	1.078787E-1
4.696667E1	4.047929E1	1.407552E-1
4.700000E1	4.064403E1	1.291101E-1
4.703333E1	4.071226E1	4.041633E-2
4.706667E1	4.073011E1	-1.786304E-2
4.710000E1	4.073683E1	-1.407896E-1
4.713333E1	4.073125E1	-1.654393E-1
4.716667E1	4.071729E1	-2.640802E-1
4.720000E1	4.073622E1	-2.211558E-1
4.723333E1	4.079326E1	-1.600480E-1
4.726667E1	4.085516E1	-8.981051E-2
4.730000E1	4.088256E1	-5.178021E-2
4.733333E1	4.097435E1	-6.807735E-3
4.736667E1	4.100240E1	2.411094E-2
4.740000E1	4.100525E1	3.067058E-2
4.743333E1	4.100722E1	2.766588E-2
4.746667E1	4.101563E1	1.224087E-2
4.750000E1	4.106706E1	1.837959E-3
4.753333E1	4.112655E1	3.015311E-2
4.756667E1	4.116663E1	4.030305E-2
4.760000E1	4.132634E1	1.368962E-1
4.763333E1	4.141303E1	1.467198E-1
4.766667E1	4.156492E1	1.329087E-1
4.770000E1	4.163246E1	3.067486E-2
4.773333E1	4.165592E1	-9.650592E-3
4.776667E1	4.166217E1	-1.392941E-1
4.780000E1	4.165588E1	-1.621879E-1
4.783333E1	4.164433E1	-2.645339E-1
4.786667E1	4.166281E1	-2.188700E-1
4.790000E1	4.170010E1	-1.550651E-1
4.793333E1	4.177785E1	-1.013079E-1
4.796667E1	4.180536E1	-9.316565E-2
4.800000E1	4.189284E1	-3.564330E-2
4.803333E1	4.191264E1	-2.585503E-2
4.806667E1	4.192039E1	7.283519E-3
4.810000E1	4.192973E1	7.211237E-3
4.813333E1	4.193691E1	-4.345802E-3
4.816667E1	4.198038E1	-1.831429E-2
4.820000E1	4.204907E1	1.670882E-2
4.823333E1	4.209432E1	3.883955E-2
4.826667E1	4.224302E1	1.206725E-1
4.830000E1	4.230309E1	1.452227E-1
4.833333E1	4.244489E1	1.460873E-1
4.836667E1	4.251539E1	4.644488E-2
4.840000E1	4.253118E1	2.856913E-2
4.843333E1	4.252689E1	-1.232337E-1
4.846667E1	4.251869E1	-1.507071E-1
4.850000E1	4.250369E1	-2.537996E-1
4.853333E1	4.252123E1	-2.006869E-1
4.856667E1	4.256213E1	-1.487634E-1
4.860000E1	4.264558E1	-9.761284E-2
4.863333E1	4.266749E1	-5.685528E-2
4.866667E1	4.276717E1	-9.290729E-3
4.870000E1	4.279504E1	2.342119E-2
4.873333E1	4.279489E1	2.422371E-2
4.876667E1	4.279905E1	1.828059E-2
4.880000E1	4.280526E1	3.909986E-3
4.883333E1	4.284941E1	-7.611317E-3
4.886667E1	4.291216E1	1.485388E-2
4.890000E1	4.295583E1	3.584412E-2
4.893333E1	4.309167E1	4.018443E-2
4.896667E1	4.318977E1	1.005596E-1
4.900000E1	4.332675E1	9.133588E-2
4.903333E1	4.338400E1	3.833833E-3
4.906667E1	4.340065E1	-7.714609E-2
4.910000E1	4.338671E1	-1.944096E-1
4.913333E1	4.337835E1	-2.316986E-1
4.916667E1	4.336253E1	-3.211756E-1
4.920000E1	4.338165E1	-2.767206E-1
4.923333E1	4.338834E1	-2.456550E-1
4.926667E1	4.348937E1	-1.616472E-1
4.930000E1	4.352236E1	-1.338506E-1
4.933333E1	4.360121E1	-8.456271E-2
4.936667E1	4.360404E1	-2.729033E-2
4.940000E1	4.358742E1	1.702112E-3
4.943333E1	4.358305E1	7.157437E-3
4.946667E1	4.358451E1	-4.649856E-3
4.950000E1	4.362023E1	-1.214720E-3
4.953333E1	4.364459E1	2.694953E-2
4.956667E1	4.371393E1	5.961865E-2
4.960000E1	4.384780E1	1.001727E-1
4.963333E1	4.391561E1	1.330407E-1
4.966667E1	4.408249E1	1.322593E-1
4.970000E1	4.412579E1	4.533197E-2
4.973333E1	4.412025E1	-3.569168E-4
4.976667E1	4.410741E1	-1.241231E-1
4.980000E1	4.409704E1	-1.543749E-1
4.983333E1	4.407405E1	-2.592156E-1
4.986667E1	4.408869E1	-2.028760E-1
4.990000E1	4.411558E1	-1.599123E-1
4.993333E1	4.415546E1	-8.990477E-2
4.996667E1	4.418236E1	-5.059633E-2
5.000000E1	4.422532E1	-1.619756E-3
5.003333E1	4.423681E1	3.323378E-2
5.006667E1	4.422075E1	3.359289E-2
5.010000E1	4.421803E1	2.666609E-2
5.013333E1	4.422104E1	8.574300E-3
5.016667E1	4.424806E1	-3.375679E-3
5.020000E1	4.427843E1	2.488569E-2
5.023333E1	4.435336E1	6.673998E-2
5.026667E1	4.448644E1	1.057308E-1
5.030000E1	4.454425E1	1.371568E-1
5.033333E1	4.466926E1	1.284963E-1
5.036667E1	4.469324E1	4.339740E-2
5.040000E1	4.468546E1	1.748912E-2
5.043333E1	4.466855E1	-1.150410E-1
5.046667E1	4.466118E1	-1.415503E-1
5.050000E1	4.463043E1	-2.512299E-1
5.053333E1	4.465495E1	-1.741870E-1
5.056667E1	4.467756E1	-1.412296E-1
5.060000E1	4.470118E1	-8.026401E-2
5.063333E1	4.471714E1	-3.924226E-2
5.066667E1	4.477263E1	6.021324E-3
5.070000E1	4.475393E1	2.856329E-2
5.073333E1	4.472839E1	3.184037E-2
5.076667E1	4.471427E1	2.341959E-2
5.080000E1	4.471651E1	8.226596E-3
5.083333E1	4.473407E1	4.341080E-3
5.086667E1	4.476342E1	2.908464E-2
5.090000E1	4.481934E1	4.709293E-2
5.093333E1	4.493251E1	1.075032E-1
5.096667E1	4.499969E1	1.470075E-1
5.100000E1	4.513390E1	1.412591E-1
5.103333E1	4.518371E1	4.491463E-2
5.106667E1	4.517312E1	1.312595E-2
5.110000E1	4.516230E1	-1.134690E-1
5.113333E1	4.515691E1	-1.485340E-1
5.116667E1	4.511961E1	-2.269106E-1
5.120000E1	4.511470E1	-1.562231E-1
5.123333E1	4.511257E1	-1.225054E-1
5.126667E1	4.514698E1	-4.893489E-2
5.130000E1	4.518380E1	-2.289607E-2
5.133333E1	4.519990E1	1.765159E-2
5.136667E1	4.517755E1	6.510146E-2
5.140000E1	4.515844E1	7.377818E-2
5.143333E1	4.514481E1	7.071196E-2
5.146667E1	4.514248E1	5.197679E-2
5.150000E1	4.516359E1	5.743789E-2
5.153333E1	4.521506E1	1.063805E-1
5.156667E1	4.526781E1	1.257341E-1
5.160000E1	4.536661E1	1.690284E-1
5.163333E1	4.546391E1	2.060058E-1
5.166667E1	4.553752E1	1.920060E-1
5.170000E1	4.555905E1	8.017481E-2
5.173333E1	4.554773E1	5.981477E-2
5.176667E1	4.551803E1	-4.836411E-2
5.180000E1	4.551195E1	-8.610437E-2
5.183333E1	4.550936E1	-1.002247E-1
5.186667E1	4.551235E1	-3.685877E-2
5.190000E1	4.552612E1	-3.634283E-2
5.193333E1	4.554797E1	1.169854E-2
5.196667E1	4.557283E1	5.945471E-2
5.200000E1	4.559460E1	7.850049E-2
5.203333E1	4.555025E1	1.121944E-1
5.206667E1	4.552759E1	9.863089E-2
5.210000E1	4.550438E1	9.138629E-2
5.213333E1	4.550387E1	7.930076E-2
5.216667E1	4.551671E1	7.229352E-2
5.220000E1	4.555630E1	1.146924E-1
5.223333E1	4.558822E1	1.264940E-1
5.226667E1	4.570223E1	1.673795E-1
5.230000E1	4.579677E1	2.128379E-1
5.233333E1	4.585973E1	2.014327E-1
5.236667E1	4.593523E1	8.191121E-2
5.240000E1	4.594951E1	6.411185E-2
5.243333E1	4.594331E1	-5.366083E-2
5.246667E1	4.594261E1	-8.739946E-2
5.250000E1	4.591598E1	-1.614845E-1
5.253333E1	4.589352E1	-5.203234E-2
5.256667E1	4.589423E1	-3.670888E-2
5.260000E1	4.592241E1	-5.359495E-3
5.263333E1	4.591459E1	3.086569E-2
5.266667E1	4.589686E1	3.354150E-2
5.270000E1	4.586243E1	7.538493E-2
5.273333E1	4.585844E1	7.986964E-2
5.276667E1	4.584025E1	6.303266E-2
5.280000E1	4.581228E1	4.853104E-2
5.283333E1	4.581766E1	6.057017E-2
5.286667E1	4.586731E1	1.077262E-1
5.290000E1	4.590234E1	1.126345E-1
5.293333E1	4.602920E1	1.121535E-1
5.296667E1	4.612427E1	1.444404E-1
5.300000E1	4.620246E1	1.211610E-1
5.303333E1	4.626784E1	2.194813E-3
5.306667E1	4.625898E1	-1.769171E-2
5.310000E1	4.625223E1	-1.272444E-1
5.313333E1	4.623899E1	-1.604917E-1
5.316667E1	4.621637E1	-1.951257E-1
5.320000E1	4.623558E1	-1.269906E-1
5.323333E1	4.624820E1	-1.161634E-1
5.326667E1	4.625702E1	-6.655661E-2
5.330000E1	4.626496E1	-3.216489E-2
5.333333E1	4.625295E1	-2.136692E-2
5.336667E1	4.622043E1	3.431017E-2
5.340000E1	4.621753E1	2.932481E-2
5.343333E1	4.621224E1	9.257146E-3
5.346667E1	4.621908E1	-9.266875E-3
5.350000E1	4.623951E1	-1.402744E-2
5.353333E1	4.628431E1	3.800521E-2
5.356667E1	4.635904E1	6.095136E-2
5.360000E1	4.651442E1	9.508274E-2
5.363333E1	4.660399E1	1.414288E-1
5.366667E1	4.670370E1	1.234206E-1
5.370000E1	4.678675E1	-4.224862E-3
5.373333E1	4.682123E1	-4.087340E-2
5.376667E1	4.682643E1	-1.735775E-1
5.380000E1	4.681707E1	-2.510091E-1
5.383333E1	4.681233E1	-2.832630E-1
5.386667E1	4.682196E1	-2.127613E-1
5.390000E1	4.683548E1	-1.927482E-1
5.393333E1	4.684904E1	-1.402053E-1
5.396667E1	4.684008E1	-1.062854E-1
5.400000E1	4.683509E1	-1.024527E-1
5.403333E1	4.679713E1	-3.105892E-2
5.406667E1	4.679435E1	-4.439060E-2
5.410000E1	4.678049E1	-6.426487E-2
5.413333E1	4.674594E1	-7.883687E-2
5.416667E1	4.676402E1	-8.467874E-2
5.420000E1	4.681811E1	-3.158793E-2
5.423333E1	4.684740E1	-3.516049E-2
5.426667E1	4.702988E1	5.024029E-2
5.430000E1	4.710694E1	6.301485E-2
5.433333E1	4.720878E1	5.738461E-2
5.436667E1	4.728155E1	-7.425677E-2
5.440000E1	4.727407E1	-1.037716E-1
5.443333E1	4.726271E1	-2.505869E-1
5.446667E1	4.725184E1	-3.330730E-1
5.450000E1	4.723473E1	-3.771863E-1
5.453333E1	4.725080E1	-2.621760E-1
5.456667E1	4.726642E1	-2.364997E-1
5.460000E1	4.727030E1	-1.821525E-1
5.463333E1	4.726984E1	-1.574644E-1
5.466667E1	4.725906E1	-1.236541E-1
5.470000E1	4.722890E1	-6.437934E-2
5.473333E1	4.722302E1	-5.314420E-2
5.476667E1	4.719189E1	-7.871158E-2
5.480000E1	4.717269E1	-8.560151E-2
5.483333E1	4.718570E1	-7.692180E-2
5.486667E1	4.725839E1	-2.575393E-2
5.490000E1	4.728530E1	2.831773E-4
5.493333E1	4.742894E1	1.631112E-2
5.496667E1	4.754353E1	6.506014E-2
5.500000E1	4.767070E1	4.943724E-2
5.503333E1	4.780250E1	-6.592374E-2
5.506667E1	4.782464E1	-9.215560E-2
5.510000E1	4.783060E1	-1.967827E-1
5.513333E1	4.783402E1	-2.482539E-1
5.516667E1	4.781883E1	-2.993365E-1
5.520000E1	4.782017E1	-2.119032E-1
5.523333E1	4.782600E1	-1.834034E-1
5.526667E1	4.783278E1	-1.276430E-1
5.530000E1	4.783860E1	-9.750051E-2
5.533333E1	4.782092E1	-5.707972E-2
5.536667E1	4.770695E1	-2.656403E-3
5.540000E1	4.767807E1	1.205647E-2
5.543333E1	4.758859E1	1.680719E-3
5.546667E1	4.758301E1	-4.923255E-3
5.550000E1	4.760422E1	-4.421103E-3
5.553333E1	4.765885E1	3.799553E-2
5.556667E1	4.773619E1	6.698563E-2
5.560000E1	4.789875E1	9.989077E-2
5.563333E1	4.799230E1	1.413110E-1
5.566667E1	4.807900E1	1.524961E-1
5.570000E1	4.818071E1	6.009003E-3
5.573333E1	4.819005E1	-2.983900E-2
5.576667E1	4.819004E1	-1.317651E-1
5.580000E1	4.818324E1	-2.302467E-1
5.583333E1	4.816808E1	-2.438020E-1
5.586667E1	4.815631E1	-1.383927E-1
5.590000E1	4.817261E1	-1.152345E-1
5.593333E1	4.817681E1	-3.559106E-2
5.596667E1	4.818102E1	-1.237928E-2
5.600000E1	4.816614E1	2.432255E-2
5.603333E1	4.805319E1	9.613079E-2
5.606667E1	4.802065E1	9.609550E-2
5.610000E1	4.793968E1	7.854419E-2
5.613333E1	4.792848E1	5.788453E-2
5.616667E1	4.790944E1	6.145974E-2
5.620000E1	4.793784E1	1.054879E-1
5.623333E1	4.801320E1	1.294706E-1
5.626667E1	4.816842E1	1.820970E-1
5.630000E1	4.824257E1	2.120830E-1
5.633333E1	4.832973E1	2.169082E-1
5.636667E1	4.844607E1	7.846321E-2
5.640000E1	4.845599E1	4.881614E-2
5.643333E1	4.846238E1	-5.101075E-2
5.646667E1	4.845514E1	-1.151535E-1
5.650000E1	4.841389E1	-1.545241E-1
5.653333E1	4.837799E1	-5.542268E-2
5.656667E1	4.838076E1	-9.927665E-3
5.660000E1	4.837744E1	4.746618E-2
5.663333E1	4.837387E1	9.244293E-2
5.666667E1	4.829051E1	1.068040E-1
5.670000E1	4.818831E1	1.866965E-1
5.673333E1	4.813132E1	2.054599E-1
5.676667E1	4.800944E1	2.046005E-1
5.680000E1	4.796463E1	1.856790E-1
5.683333E1	4.795058E1	1.639386E-1
5.686667E1	4.800158E1	2.070423E-1
5.690000E1	4.801975E1	2.440692E-1
5.693333E1	4.819811E1	2.696541E-1
5.696667E1	4.828582E1	3.334538E-1
5.700000E1	4.833981E1	3.561172E-1
5.703333E1	4.843251E1	2.204917E-1
5.706667E1	4.841734E1	1.999315E-1
5.710000E1	4.839282E1	7.987219E-2
5.713333E1	4.839094E1	3.214225E-2
5.716667E1	4.830231E1	-8.785270E-3
5.720000E1	4.828170E1	8.648248E-2
5.723333E1	4.826246E1	1.043368E-1
5.726667E1	4.823976E1	1.571694E-1
5.730000E1	4.823114E1	1.828225E-1
5.733333E1	4.814552E1	1.989322E-1
5.736667E1	4.798886E1	2.460262E-1
5.740000E1	4.795171E1	2.519367E-1
5.743333E1	4.784762E1	2.171929E-1
5.746667E1	4.781082E1	2.119326E-1
5.750000E1	4.780142E1	2.048022E-1
5.753333E1	4.783758E1	2.527353E-1
5.756667E1	4.789187E1	2.794649E-1
5.760000E1	4.803723E1	3.295681E-1
5.763333E1	4.812699E1	3.489092E-1
5.766667E1	4.820298E1	3.741032E-1
5.770000E1	4.827823E1	2.300884E-1
5.773333E1	4.826914E1	1.997361E-1
5.776667E1	4.825521E1	9.433228E-2
5.780000E1	4.824294E1	3.554327E-2
5.783333E1	4.821964E1	-1.578553E-2
5.786667E1	4.816148E1	7.944217E-2
5.790000E1	4.815945E1	1.039671E-1
5.793333E1	4.815579E1	1.558188E-1
5.796667E1	4.815341E1	1.812249E-1
5.800000E1	4.805991E1	1.942519E-1
5.803333E1	4.794353E1	2.655911E-1
5.806667E1	4.791491E1	2.792954E-1
5.810000E1	4.779767E1	2.727300E-1
5.813333E1	4.774670E1	2.493175E-1
5.816667E1	4.774191E1	2.302159E-1
5.820000E1	4.779404E1	2.694026E-1
5.823333E1	4.784559E1	2.971024E-1
5.826667E1	4.800465E1	3.629908E-1
5.830000E1	4.808805E1	4.072647E-1
5.833333E1	4.820078E1	4.617630E-1
5.836667E1	4.829418E1	2.903999E-1
5.840000E1	4.832120E1	2.687843E-1
5.843333E1	4.832661E1	1.519225E-1
5.846667E1	4.831412E1	7.650742E-2
5.850000E1	4.831448E1	2.207542E-2
5.853333E1	4.829355E1	1.155869E-1
5.856667E1	4.831432E1	1.498639E-1
5.860000E1	4.831011E1	1.860714E-1
5.863333E1	4.830881E1	2.023903E-1
5.866667E1	4.828770E1	2.105625E-1
5.870000E1	4.780056E1	-4.592884E-2
5.873333E1	4.777679E1	-3.897028E-2
5.876667E1	4.767214E1	-6.806126E-2
5.880000E1	4.763808E1	-8.015271E-2
5.883333E1	4.764202E1	-6.392206E-2
5.886667E1	4.769220E1	-2.591012E-2
5.890000E1	4.775663E1	-8.718583E-4
5.893333E1	4.791578E1	4.588818E-2
5.896667E1	4.799634E1	7.983178E-2
5.900000E1	4.810860E1	8.911788E-2
5.903333E1	4.819014E1	-5.381546E-2
5.906667E1	4.818257E1	-7.681929E-2
5.910000E1	4.816982E1	-1.776896E-1
5.913333E1	4.816158E1	-2.054587E-1
5.916667E1	4.812516E1	-3.093733E-1
5.920000E1	4.811709E1	-2.061816E-1
5.923333E1	4.810030E1	-1.873389E-1
5.926667E1	4.808397E1	-1.327249E-1
5.930000E1	4.807615E1	-9.074059E-2
5.933333E1	4.804205E1	-7.473300E-2
5.936667E1	4.792102E1	-3.561940E-2
5.940000E1	4.788693E1	-3.936139E-2
5.943333E1	4.778833E1	-5.074552E-2
5.946667E1	4.775465E1	-7.698022E-2
5.950000E1	4.772395E1	-7.194057E-2
5.953333E1	4.779171E1	-1.707774E-2
5.956667E1	4.783834E1	4.801188E-3
5.960000E1	4.796705E1	3.383029E-2
5.963333E1	4.802112E1	5.842977E-2
5.966667E1	4.821249E1	5.081881E-2
5.970000E1	4.832449E1	-1.479163E-2
5.973333E1	4.839671E1	-8.935927E-2
5.976667E1	4.847595E1	-1.387123E-1
5.980000E1	4.849556E1	-1.602666E-1
5.983333E1	4.861498E1	-2.175425E-1
5.986667E1	4.867155E1	-1.970106E-1
