	masse A		
t	x	y	
0.000000E0	-5.493178E-3	1.704324E-3
3.333333E-2	-1.564162E-3	1.828870E-3
6.666667E-2	1.534692E-3	2.768546E-3
1.000000E-1	2.477662E-3	3.234664E-3
1.333333E-1	-2.489918E-3	1.545446E-3
1.666667E-1	-3.126058E-2	-7.916831E-3
2.000000E-1	-9.248322E-2	-1.339825E-2
2.333333E-1	-1.441908E-1	-1.110729E-2
2.666667E-1	-2.906651E-1	-7.712294E-3
3.000000E-1	-3.659274E-1	-1.094169E-2
3.333333E-1	-6.117167E-1	-1.873712E-2
3.666667E-1	-7.450508E-1	-3.180447E-2
4.000000E-1	-7.762475E-1	-2.404971E-2
4.333333E-1	-8.672197E-1	-5.113324E-2
4.666667E-1	-8.700683E-1	-8.170893E-2
5.000000E-1	-7.280405E-1	-8.293839E-2
5.333333E-1	-5.905097E-1	-6.600389E-2
5.666667E-1	-4.078540E-1	-5.767903E-2
6.000000E-1	-2.164880E-1	-5.819922E-2
6.333333E-1	-1.212201E-1	-4.491374E-2
6.666667E-1	1.618594E-1	3.364548E-2
7.000000E-1	3.458632E-1	-2.465403E-2
7.333333E-1	3.728096E-1	-2.966109E-2
7.666667E-1	6.526127E-1	-1.417349E-2
8.000000E-1	7.502863E-1	-1.544804E-2
8.333333E-1	9.109411E-1	-3.103599E-2
8.666667E-1	9.820085E-1	-5.448105E-3
9.000000E-1	1.000142E0	1.077285E-2
9.333333E-1	1.002723E0	6.657233E-2
9.666667E-1	9.953045E-1	9.763648E-2
1.000000E0	8.805341E-1	1.444188E-1
1.033333E0	7.688032E-1	1.161635E-1
1.066667E0	7.561502E-1	1.026630E-1
1.100000E0	5.462858E-1	-1.346631E-2
1.133333E0	4.475293E-1	-5.983221E-2
1.166667E0	2.565170E-1	-1.900491E-1
1.200000E0	2.361253E-1	-2.657635E-1
1.233333E0	2.503269E-1	-2.656420E-1
1.266667E0	3.623226E-1	-2.525258E-1
1.300000E0	4.067549E-1	-2.404287E-1
1.333333E0	6.746856E-1	-1.733121E-1
1.366667E0	8.751701E-1	-1.625472E-1
1.400000E0	8.878150E-1	-1.778290E-1
1.433333E0	1.190017E0	-1.663839E-1
1.466667E0	1.326505E0	-1.623714E-1
1.500000E0	1.520385E0	-1.809388E-1
1.533333E0	1.629795E0	-1.806951E-1
1.566667E0	1.662560E0	-1.653149E-1
1.600000E0	1.683070E0	-1.388206E-1
1.633333E0	1.707584E0	-1.254275E-1
1.666667E0	1.629698E0	-5.574149E-3
1.700000E0	1.561322E0	4.345447E-2
1.733333E0	1.529328E0	3.724651E-2
1.766667E0	1.370300E0	3.970145E-2
1.800000E0	1.197935E0	-5.015149E-2
1.833333E0	1.045885E0	-1.703783E-1
1.866667E0	1.016450E0	-2.370396E-1
1.900000E0	1.022300E0	-2.553228E-1
1.933333E0	1.063763E0	-2.521420E-1
1.966667E0	1.098470E0	-2.399109E-1
2.000000E0	1.226198E0	-1.373496E-1
2.033333E0	1.348232E0	-9.942510E-2
2.066667E0	1.378188E0	-9.531483E-2
2.100000E0	1.550229E0	-8.052689E-2
2.133333E0	1.617379E0	-8.853585E-2
2.166667E0	1.708163E0	-1.116371E-1
2.200000E0	1.732310E0	-1.002808E-1
2.233333E0	1.711743E0	-7.579164E-2
2.266667E0	1.673219E0	-5.722942E-2
2.300000E0	1.628086E0	-6.044527E-3
2.333333E0	1.504512E0	4.577008E-2
2.366667E0	1.390669E0	7.197719E-2
2.400000E0	1.361228E0	6.450238E-2
2.433333E0	1.141690E0	3.788302E-2
2.466667E0	1.124330E0	1.499061E-2
2.500000E0	9.340349E-1	-9.156502E-2
2.533333E0	9.032121E-1	-1.294661E-1
2.566667E0	9.426794E-1	-1.202642E-1
2.600000E0	1.029676E0	-9.795665E-2
2.633333E0	1.071605E0	-8.749946E-2
2.666667E0	1.241904E0	2.630661E-2
2.700000E0	1.358910E0	5.569268E-2
2.733333E0	1.449772E0	4.833305E-2
2.766667E0	1.570164E0	5.095362E-2
2.800000E0	1.589641E0	4.363719E-2
2.833333E0	1.650013E0	4.157005E-2
2.866667E0	1.673160E0	4.648110E-2
2.900000E0	1.646972E0	5.145085E-2
2.933333E0	1.618977E0	7.588657E-2
2.966667E0	1.596792E0	7.841236E-2
3.000000E0	1.377879E0	1.473487E-1
3.033333E0	1.253354E0	1.669138E-1
3.066667E0	1.224786E0	1.551670E-1
3.100000E0	9.689779E-1	1.310300E-1
3.133333E0	8.093683E-1	2.920056E-2
3.166667E0	6.260503E-1	-1.182861E-1
3.200000E0	5.970221E-1	-1.595966E-1
3.233333E0	6.343505E-1	-1.521701E-1
3.266667E0	7.361580E-1	-1.343448E-1
3.300000E0	7.824304E-1	-1.260175E-1
3.333333E0	9.714906E-1	-1.283420E-2
3.366667E0	1.110635E0	1.289701E-2
3.400000E0	1.248867E0	5.338499E-3
3.433333E0	1.387032E0	3.833175E-4
3.466667E0	1.425165E0	-1.722317E-4
3.500000E0	1.537590E0	9.885372E-3
3.533333E0	1.578155E0	1.916881E-2
3.566667E0	1.588456E0	3.383188E-2
3.600000E0	1.578974E0	6.474145E-2
3.633333E0	1.567618E0	1.007127E-1
3.666667E0	1.472504E0	1.589246E-1
3.700000E0	1.372002E0	1.827114E-1
3.733333E0	1.345225E0	1.573445E-1
3.766667E0	1.138140E0	1.314516E-1
3.800000E0	9.788039E-1	6.364343E-2
3.833333E0	7.934865E-1	-6.354572E-2
3.866667E0	7.666356E-1	-1.364336E-1
3.900000E0	8.107057E-1	-1.405029E-1
3.933333E0	9.167006E-1	-1.286213E-1
3.966667E0	9.635105E-1	-1.194621E-1
4.000000E0	1.154559E0	-2.999581E-2
4.033333E0	1.305032E0	-1.913802E-4
4.066667E0	1.446041E0	-1.792037E-4
4.100000E0	1.590810E0	-4.034656E-3
4.133333E0	1.636298E0	-6.782000E-3
4.166667E0	1.756892E0	-3.435340E-4
4.200000E0	1.801921E0	1.255233E-2
4.233333E0	1.813894E0	2.803560E-2
4.266667E0	1.811992E0	5.656383E-2
4.300000E0	1.802927E0	9.337928E-2
4.333333E0	1.699557E0	1.713975E-1
4.366667E0	1.602733E0	1.955671E-1
4.400000E0	1.567600E0	2.026055E-1
4.433333E0	1.393274E0	1.841690E-1
4.466667E0	1.253546E0	9.565083E-2
4.500000E0	1.082690E0	-4.841837E-2
4.533333E0	1.069441E0	-1.247981E-1
4.566667E0	1.114412E0	-1.327731E-1
4.600000E0	1.225170E0	-1.268256E-1
4.633333E0	1.277632E0	-1.241243E-1
4.666667E0	1.500715E0	-3.177746E-2
4.700000E0	1.661582E0	3.567374E-3
4.733333E0	1.807495E0	-3.013489E-4
4.766667E0	1.952266E0	-2.323328E-3
4.800000E0	1.989230E0	-5.164390E-3
4.833333E0	2.095267E0	4.131617E-3
4.866667E0	2.152595E0	2.097432E-2
4.900000E0	2.179715E0	3.127409E-2
4.933333E0	2.182422E0	6.777821E-2
4.966667E0	2.171162E0	1.002180E-1
5.000000E0	2.110388E0	1.643888E-1
5.033333E0	2.017058E0	1.834626E-1
5.066667E0	1.995705E0	1.907760E-1
5.100000E0	1.832500E0	1.925252E-1
5.133333E0	1.686379E0	1.089595E-1
5.166667E0	1.530151E0	-3.721592E-2
5.200000E0	1.515861E0	-1.067645E-1
5.233333E0	1.555990E0	-1.182479E-1
5.266667E0	1.664802E0	-1.254768E-1
5.300000E0	1.728087E0	-1.096517E-1
5.333333E0	1.940042E0	-1.920429E-2
5.366667E0	2.094714E0	1.352410E-2
5.400000E0	2.123984E0	4.849972E-3
5.433333E0	2.367441E0	3.858857E-3
5.466667E0	2.430446E0	1.022639E-2
5.500000E0	2.550312E0	1.397491E-2
5.533333E0	2.593527E0	3.314670E-2
5.566667E0	2.612795E0	3.771901E-2
5.600000E0	2.625244E0	7.997222E-2
5.633333E0	2.617746E0	1.221347E-1
5.666667E0	2.591427E0	1.690690E-1
5.700000E0	2.493367E0	2.380339E-1
5.733333E0	2.445039E0	2.182097E-1
5.766667E0	2.343533E0	2.132228E-1
5.800000E0	2.165739E0	1.285073E-1
5.833333E0	2.039330E0	5.324767E-2
5.866667E0	2.008943E0	-4.334049E-2
5.900000E0	2.034824E0	-5.764631E-2
5.933333E0	2.168504E0	-3.851451E-2
5.966667E0	2.235912E0	-3.784413E-2
6.000000E0	2.372173E0	7.305110E-3
6.033333E0	2.586601E0	3.271940E-2
6.066667E0	2.654892E0	2.497327E-2
6.100000E0	2.815484E0	1.138931E-2
6.133333E0	2.905022E0	1.507975E-2
6.166667E0	2.969988E0	9.910987E-3
6.200000E0	3.047262E0	4.000492E-2
6.233333E0	3.061051E0	8.364670E-2
6.266667E0	3.070793E0	1.231585E-1
6.300000E0	3.064260E0	1.614892E-1
6.333333E0	3.032263E0	2.060265E-1
6.366667E0	2.943686E0	2.682242E-1
6.400000E0	2.904803E0	2.785317E-1
6.433333E0	2.810895E0	2.815844E-1
6.466667E0	2.643432E0	1.684853E-1
6.500000E0	2.537138E0	9.296978E-2
6.533333E0	2.491958E0	-7.003516E-3
6.566667E0	2.506451E0	-1.834558E-2
6.600000E0	2.660703E0	1.668505E-2
6.633333E0	2.711343E0	1.597598E-2
6.666667E0	2.823899E0	6.635552E-2
6.700000E0	3.041670E0	1.001112E-1
6.733333E0	3.115454E0	8.151677E-2
6.766667E0	3.259119E0	7.225530E-2
6.800000E0	3.370441E0	6.653832E-2
6.833333E0	3.410477E0	6.987005E-2
6.866667E0	3.531540E0	9.593044E-2
6.900000E0	3.546559E0	9.631627E-2
6.933333E0	3.564161E0	1.571866E-1
6.966667E0	3.556592E0	1.777616E-1
7.000000E0	3.536928E0	2.145850E-1
7.033333E0	3.439212E0	2.783286E-1
7.066667E0	3.414900E0	2.819646E-1
7.100000E0	3.333467E0	2.841834E-1
7.133333E0	3.138072E0	2.020824E-1
7.166667E0	3.018130E0	1.205746E-1
7.200000E0	2.998628E0	2.479493E-2
7.233333E0	3.009097E0	2.781901E-3
7.266667E0	3.170839E0	2.722288E-2
7.300000E0	3.231049E0	1.772351E-2
7.333333E0	3.358940E0	7.488351E-2
7.366667E0	3.566561E0	1.018716E-1
7.400000E0	3.656526E0	7.900445E-2
7.433333E0	3.830339E0	7.210277E-2
7.466667E0	3.905180E0	5.305407E-2
7.500000E0	3.969256E0	4.950921E-2
7.533333E0	4.074900E0	9.300438E-2
7.566667E0	4.088834E0	9.270092E-2
7.600000E0	4.114594E0	1.319152E-1
7.633333E0	4.119385E0	1.657396E-1
7.666667E0	4.112257E0	2.093375E-1
7.700000E0	4.037344E0	2.923721E-1
7.733333E0	3.997805E0	2.902344E-1
7.766667E0	3.918630E0	2.804813E-1
7.800000E0	3.748369E0	1.770734E-1
7.833333E0	3.646505E0	9.613142E-2
7.866667E0	3.613462E0	-1.676067E-2
7.900000E0	3.641977E0	-1.592783E-2
7.933333E0	3.784060E0	9.572217E-3
7.966667E0	3.840833E0	1.058053E-2
8.000000E0	3.970034E0	5.862121E-2
8.033333E0	4.199088E0	9.374672E-2
8.066667E0	4.282847E0	7.469056E-2
8.100000E0	4.422586E0	5.910727E-2
8.133333E0	4.547250E0	3.532448E-2
8.166667E0	4.614001E0	7.510305E-3
8.200000E0	4.725932E0	2.641960E-2
8.233333E0	4.734749E0	3.463241E-2
8.266667E0	4.753448E0	5.884827E-2
8.300000E0	4.764832E0	1.113786E-1
8.333333E0	4.767924E0	1.748274E-1
8.366667E0	4.702556E0	2.615437E-1
8.400000E0	4.671586E0	2.659103E-1
8.433333E0	4.606603E0	2.685269E-1
8.466667E0	4.445599E0	1.590395E-1
8.500000E0	4.352697E0	6.066030E-2
8.533333E0	4.341694E0	-4.772163E-2
8.566667E0	4.366791E0	-6.805942E-2
8.600000E0	4.525354E0	-6.248818E-2
8.633333E0	4.579607E0	-4.755226E-2
8.666667E0	4.711772E0	-3.297432E-3
8.700000E0	4.959645E0	2.231895E-2
8.733333E0	5.064798E0	6.715193E-3
8.766667E0	5.245505E0	-1.296155E-3
8.800000E0	5.316891E0	-1.787131E-2
8.833333E0	5.405603E0	-1.681121E-2
8.866667E0	5.544733E0	-7.333328E-5
8.900000E0	5.572894E0	8.621464E-3
8.933333E0	5.601551E0	3.578917E-2
8.966667E0	5.591734E0	6.687145E-2
9.000000E0	5.571814E0	1.210280E-1
9.033333E0	5.553466E0	1.636692E-1
9.066667E0	5.536656E0	1.516350E-1
9.100000E0	5.452669E0	1.384848E-1
9.133333E0	5.305305E0	3.610801E-2
9.166667E0	5.229936E0	-6.067114E-2
9.200000E0	5.229741E0	-1.876910E-1
9.233333E0	5.251696E0	-2.163198E-1
9.266667E0	5.449093E0	-2.037888E-1
9.300000E0	5.495925E0	-1.903862E-1
9.333333E0	5.632699E0	-1.468627E-1
9.366667E0	5.863707E0	-9.871297E-2
9.400000E0	5.979372E0	-8.819971E-2
9.433333E0	6.158628E0	-8.494541E-2
9.466667E0	6.227096E0	-1.071979E-1
9.500000E0	6.284553E0	-1.181969E-1
9.533333E0	6.343636E0	-6.803972E-2
9.566667E0	6.379800E0	-5.166525E-2
9.600000E0	6.413598E0	-1.063496E-2
9.633333E0	6.431269E0	2.960332E-2
9.666667E0	6.425539E0	7.007600E-2
9.700000E0	6.395536E0	1.341804E-1
9.733333E0	6.360359E0	1.273202E-1
9.766667E0	6.301369E0	1.327616E-1
9.800000E0	6.156531E0	1.865559E-2
9.833333E0	6.075706E0	-8.675008E-2
9.866667E0	6.090208E0	-1.940595E-1
9.900000E0	6.125793E0	-2.216540E-1
9.933333E0	6.321218E0	-2.112425E-1
9.966667E0	6.374751E0	-1.918566E-1
1.000000E1	6.510553E0	-1.379921E-1
1.003333E1	6.737887E0	-9.657832E-2
1.006667E1	6.854289E0	-8.938722E-2
1.010000E1	7.031902E0	-8.395697E-2
1.013333E1	7.088960E0	-1.008602E-1
1.016667E1	7.176676E0	-9.072293E-2
1.020000E1	7.306343E0	-6.978717E-2
1.023333E1	7.331503E0	-5.422422E-2
1.026667E1	7.380335E0	-1.933473E-2
1.030000E1	7.401432E0	3.813434E-2
1.033333E1	7.378832E0	7.051116E-2
1.036667E1	7.362676E0	1.246410E-1
1.040000E1	7.341386E0	1.239962E-1
1.043333E1	7.307577E0	1.295751E-1
1.046667E1	7.181978E0	1.761782E-2
1.050000E1	7.106205E0	-8.229219E-2
1.053333E1	7.131589E0	-2.117108E-1
1.056667E1	7.178019E0	-2.130482E-1
1.060000E1	7.355077E0	-1.981644E-1
1.063333E1	7.431083E0	-1.893381E-1
1.066667E1	7.580491E0	-1.429774E-1
1.070000E1	7.807830E0	-9.180357E-2
1.073333E1	7.919565E0	-8.300386E-2
1.076667E1	8.069828E0	-7.698023E-2
1.080000E1	8.115988E0	-8.270627E-2
1.083333E1	8.254088E0	-7.545904E-2
1.086667E1	8.385643E0	-6.266975E-2
1.090000E1	8.407771E0	-5.573039E-2
1.093333E1	8.445932E0	-2.046155E-2
1.096667E1	8.457291E0	4.092675E-2
1.100000E1	8.447511E0	1.250321E-1
1.103333E1	8.445947E0	1.755588E-1
1.106667E1	8.424936E0	1.516984E-1
1.110000E1	8.382216E0	1.399548E-1
1.113333E1	8.263185E0	3.172988E-2
1.116667E1	8.170336E0	-6.633728E-2
1.120000E1	8.169010E0	-1.631887E-1
1.123333E1	8.194173E0	-1.542005E-1
1.126667E1	8.366288E0	-1.240605E-1
1.130000E1	8.439352E0	-1.348651E-1
1.133333E1	8.580785E0	-8.504928E-2
1.136667E1	8.807684E0	-3.538148E-2
1.140000E1	8.891904E0	-4.239916E-2
1.143333E1	9.044513E0	-6.108572E-2
1.146667E1	9.093053E0	-6.319869E-2
1.150000E1	9.194501E0	-7.794349E-2
1.153333E1	9.319988E0	-6.386587E-2
1.156667E1	9.343145E0	-5.813156E-2
1.160000E1	9.390863E0	1.081746E-3
1.163333E1	9.404598E0	3.768261E-2
1.166667E1	9.383026E0	1.139985E-1
1.170000E1	9.349737E0	1.966058E-1
1.173333E1	9.327680E0	1.882379E-1
1.176667E1	9.317994E0	1.585917E-1
1.180000E1	9.170508E0	8.117260E-2
1.183333E1	9.066250E0	1.198542E-2
1.186667E1	9.051524E0	-8.787521E-2
1.190000E1	9.068682E0	-8.376112E-2
1.193333E1	9.249124E0	-6.060685E-2
1.196667E1	9.287512E0	-6.683954E-2
1.200000E1	9.428885E0	4.662194E-3
1.203333E1	9.631319E0	2.933561E-2
1.206667E1	9.735507E0	5.741665E-3
1.210000E1	9.894670E0	-5.932125E-3
1.213333E1	9.935871E0	-7.861033E-3
1.216667E1	1.003426E1	-4.598699E-2
1.220000E1	1.016711E1	-5.942050E-2
1.223333E1	1.019285E1	-4.945371E-2
1.226667E1	1.021753E1	1.446983E-2
1.230000E1	1.021382E1	4.887048E-2
1.233333E1	1.020043E1	1.373617E-1
1.236667E1	1.016771E1	2.064148E-1
1.240000E1	1.016102E1	2.025132E-1
1.243333E1	1.012376E1	2.084908E-1
1.246667E1	9.983327E0	1.176077E-1
1.250000E1	9.915092E0	3.536128E-2
1.253333E1	9.900129E0	-8.425956E-2
1.256667E1	9.917613E0	-7.885021E-2
1.260000E1	1.008259E1	-5.747183E-2
1.263333E1	1.013485E1	-5.496550E-2
1.266667E1	1.024928E1	-1.329568E-2
1.270000E1	1.045927E1	1.852430E-2
1.273333E1	1.053968E1	1.195012E-2
1.276667E1	1.069174E1	-1.588328E-3
1.280000E1	1.074984E1	-1.256899E-2
1.283333E1	1.085546E1	-3.373608E-2
1.286667E1	1.095344E1	-5.707353E-2
1.290000E1	1.098434E1	-4.249360E-2
1.293333E1	1.101076E1	1.252011E-2
1.296667E1	1.099955E1	4.811201E-2
1.300000E1	1.098426E1	1.301668E-1
1.303333E1	1.093257E1	2.160219E-1
1.306667E1	1.091300E1	2.038360E-1
1.310000E1	1.090257E1	1.690928E-1
1.313333E1	1.075009E1	6.818271E-2
1.316667E1	1.065333E1	-3.711233E-3
1.320000E1	1.064627E1	-1.142479E-1
1.323333E1	1.065460E1	-1.311817E-1
1.326667E1	1.080907E1	-1.186163E-1
1.330000E1	1.086669E1	-1.161827E-1
1.333333E1	1.098628E1	-7.383775E-2
1.336667E1	1.118990E1	-4.070490E-2
1.340000E1	1.126748E1	-5.081036E-2
1.343333E1	1.141150E1	-6.685031E-2
1.346667E1	1.147815E1	-7.851604E-2
1.350000E1	1.157728E1	-1.059539E-1
1.353333E1	1.167560E1	-1.192956E-1
1.356667E1	1.170342E1	-1.062223E-1
1.360000E1	1.173103E1	-3.910999E-2
1.363333E1	1.172477E1	-7.932976E-3
1.366667E1	1.170313E1	6.350931E-2
1.370000E1	1.165224E1	1.439061E-1
1.373333E1	1.162878E1	1.360428E-1
1.376667E1	1.159107E1	1.309674E-1
1.380000E1	1.146218E1	1.894417E-2
1.383333E1	1.137535E1	-6.796007E-2
1.386667E1	1.135055E1	-1.509708E-1
1.390000E1	1.137015E1	-1.632832E-1
1.393333E1	1.148210E1	-1.750138E-1
1.396667E1	1.150911E1	-1.531281E-1
1.400000E1	1.168534E1	-9.498360E-2
1.403333E1	1.182371E1	-5.622629E-2
1.406667E1	1.196893E1	-6.361191E-2
1.410000E1	1.209933E1	-7.370942E-2
1.413333E1	1.212977E1	-8.245042E-2
1.416667E1	1.227843E1	-1.253477E-1
1.420000E1	1.235398E1	-1.370682E-1
1.423333E1	1.237723E1	-1.112385E-1
1.426667E1	1.241563E1	-7.345296E-2
1.430000E1	1.243164E1	-4.311704E-2
1.433333E1	1.238963E1	6.996055E-2
1.436667E1	1.234733E1	1.215732E-1
1.440000E1	1.232667E1	1.283152E-1
1.443333E1	1.227018E1	1.285422E-1
1.446667E1	1.219538E1	6.037693E-2
1.450000E1	1.205990E1	-7.388688E-2
1.453333E1	1.204754E1	-1.549029E-1
1.456667E1	1.208251E1	-1.727706E-1
1.460000E1	1.218236E1	-1.765810E-1
1.463333E1	1.222420E1	-1.586856E-1
1.466667E1	1.238212E1	-7.984773E-2
1.470000E1	1.250665E1	-4.907936E-2
1.473333E1	1.263875E1	-6.284857E-2
1.476667E1	1.276546E1	-6.979795E-2
1.480000E1	1.279937E1	-8.055213E-2
1.483333E1	1.293327E1	-1.201647E-1
1.486667E1	1.301254E1	-1.316613E-1
1.490000E1	1.303710E1	-1.095635E-1
1.493333E1	1.307123E1	-7.435308E-2
1.496667E1	1.308175E1	-4.019289E-2
1.500000E1	1.305179E1	5.492210E-2
1.503333E1	1.302587E1	1.306629E-1
1.506667E1	1.299195E1	1.298854E-1
1.510000E1	1.293895E1	1.326973E-1
1.513333E1	1.286072E1	6.715011E-2
1.516667E1	1.272036E1	-7.268729E-2
1.520000E1	1.270243E1	-1.516143E-1
1.523333E1	1.273874E1	-1.622563E-1
1.526667E1	1.282556E1	-1.620980E-1
1.530000E1	1.285780E1	-1.556653E-1
1.533333E1	1.303302E1	-7.318388E-2
1.536667E1	1.315185E1	-4.738452E-2
1.540000E1	1.326989E1	-6.264858E-2
1.543333E1	1.341037E1	-7.096720E-2
1.546667E1	1.345605E1	-8.164357E-2
1.550000E1	1.358398E1	-1.283899E-1
1.553333E1	1.365488E1	-1.368816E-1
1.556667E1	1.367864E1	-1.076858E-1
1.560000E1	1.371433E1	-7.996526E-2
1.563333E1	1.373132E1	-4.045473E-2
1.566667E1	1.369682E1	5.266249E-2
1.570000E1	1.367746E1	1.309970E-1
1.573333E1	1.363999E1	1.333030E-1
1.576667E1	1.358136E1	1.339230E-1
1.580000E1	1.350882E1	6.765798E-2
1.583333E1	1.337130E1	-6.882584E-2
1.586667E1	1.335366E1	-1.517336E-1
1.590000E1	1.337947E1	-1.658824E-1
1.593333E1	1.348003E1	-1.645913E-1
1.596667E1	1.352128E1	-1.509916E-1
1.600000E1	1.367262E1	-7.038402E-2
1.603333E1	1.379810E1	-4.032462E-2
1.606667E1	1.391704E1	-6.040990E-2
1.610000E1	1.404890E1	-6.765780E-2
1.613333E1	1.408276E1	-8.385575E-2
1.616667E1	1.421441E1	-1.401802E-1
1.620000E1	1.427282E1	-1.428966E-1
1.623333E1	1.431014E1	-1.125480E-1
1.626667E1	1.432836E1	-8.204695E-2
1.630000E1	1.433234E1	-4.490379E-2
1.633333E1	1.429154E1	5.305707E-2
1.636667E1	1.426108E1	1.343580E-1
1.640000E1	1.424281E1	1.351298E-1
1.643333E1	1.410980E1	1.309381E-1
1.646667E1	1.402502E1	3.296235E-2
1.650000E1	1.391848E1	-1.319139E-1
1.653333E1	1.394663E1	-1.919563E-1
1.656667E1	1.399545E1	-2.027193E-1
1.660000E1	1.411707E1	-1.956666E-1
1.663333E1	1.412874E1	-1.731364E-1
1.666667E1	1.432047E1	-7.369168E-2
1.670000E1	1.443563E1	-6.152913E-2
1.673333E1	1.453409E1	-6.767264E-2
1.676667E1	1.464431E1	-8.126806E-2
1.680000E1	1.469846E1	-8.956793E-2
1.683333E1	1.480778E1	-1.318211E-1
1.686667E1	1.485599E1	-1.243358E-1
1.690000E1	1.488519E1	-9.907593E-2
1.693333E1	1.491739E1	-3.570330E-2
1.696667E1	1.489679E1	-9.788049E-3
1.700000E1	1.487596E1	9.894324E-2
1.703333E1	1.486137E1	1.151401E-1
1.706667E1	1.485153E1	1.241309E-1
1.710000E1	1.475193E1	1.232210E-1
1.713333E1	1.467210E1	2.153223E-2
1.716667E1	1.457253E1	-1.312798E-1
1.720000E1	1.460521E1	-1.852792E-1
1.723333E1	1.466758E1	-2.058337E-1
1.726667E1	1.478760E1	-1.974399E-1
1.730000E1	1.482037E1	-1.751429E-1
1.733333E1	1.498306E1	-7.884236E-2
1.736667E1	1.510232E1	-6.466857E-2
1.740000E1	1.522411E1	-6.322186E-2
1.743333E1	1.534826E1	-8.530514E-2
1.746667E1	1.538870E1	-1.005797E-1
1.750000E1	1.552263E1	-1.409278E-1
1.753333E1	1.558367E1	-1.257573E-1
1.756667E1	1.561529E1	-9.914308E-2
1.760000E1	1.565809E1	-5.029521E-2
1.763333E1	1.566197E1	-2.047332E-2
1.766667E1	1.566197E1	8.204974E-2
1.770000E1	1.563008E1	1.427221E-1
1.773333E1	1.559433E1	1.321584E-1
1.776667E1	1.554416E1	1.201013E-1
1.780000E1	1.545048E1	1.751727E-2
1.783333E1	1.538476E1	-1.309755E-1
1.786667E1	1.540195E1	-1.962822E-1
1.790000E1	1.546953E1	-2.166767E-1
1.793333E1	1.559682E1	-2.102426E-1
1.796667E1	1.563789E1	-1.924424E-1
1.800000E1	1.581004E1	-1.277024E-1
1.803333E1	1.595494E1	-1.224691E-1
1.806667E1	1.599046E1	-1.355519E-1
1.810000E1	1.615465E1	-1.406181E-1
1.813333E1	1.624787E1	-1.490878E-1
1.816667E1	1.638885E1	-1.809793E-1
1.820000E1	1.643473E1	-1.575841E-1
1.823333E1	1.645834E1	-1.315875E-1
1.826667E1	1.651223E1	-1.022479E-1
1.830000E1	1.653544E1	-5.697523E-2
1.833333E1	1.653195E1	3.923722E-2
1.836667E1	1.652735E1	8.755713E-2
1.840000E1	1.651443E1	7.731468E-2
1.843333E1	1.646037E1	4.496149E-2
1.846667E1	1.639452E1	-3.553835E-2
1.850000E1	1.632766E1	-1.935192E-1
1.853333E1	1.635128E1	-2.678695E-1
1.856667E1	1.642258E1	-2.787505E-1
1.860000E1	1.654281E1	-2.782120E-1
1.863333E1	1.659425E1	-2.651726E-1
1.866667E1	1.677404E1	-1.729109E-1
1.870000E1	1.690281E1	-1.447215E-1
1.873333E1	1.704763E1	-1.399130E-1
1.876667E1	1.717390E1	-1.498146E-1
1.880000E1	1.722258E1	-1.492312E-1
1.883333E1	1.733862E1	-1.721614E-1
1.886667E1	1.741513E1	-1.461552E-1
1.890000E1	1.745733E1	-1.200630E-1
1.893333E1	1.750846E1	-6.908375E-2
1.896667E1	1.751057E1	-2.772527E-2
1.900000E1	1.751022E1	8.492210E-2
1.903333E1	1.748844E1	1.196855E-1
1.906667E1	1.747878E1	1.089528E-1
1.910000E1	1.743116E1	5.476962E-2
1.913333E1	1.735695E1	-4.558733E-3
1.916667E1	1.728518E1	-1.379597E-1
1.920000E1	1.732269E1	-2.078103E-1
1.923333E1	1.741088E1	-2.176705E-1
1.926667E1	1.755846E1	-2.061769E-1
1.930000E1	1.759326E1	-2.007276E-1
1.933333E1	1.782006E1	-1.290365E-1
1.936667E1	1.797549E1	-1.208769E-1
1.940000E1	1.801670E1	-1.302285E-1
1.943333E1	1.819366E1	-1.402416E-1
1.946667E1	1.828340E1	-1.416274E-1
1.950000E1	1.841891E1	-1.630413E-1
1.953333E1	1.849272E1	-1.357712E-1
1.956667E1	1.852542E1	-1.222941E-1
1.960000E1	1.858653E1	-4.712957E-2
1.963333E1	1.859088E1	-2.256511E-2
1.966667E1	1.859365E1	1.036716E-1
1.970000E1	1.857766E1	1.390425E-1
1.973333E1	1.856158E1	1.276228E-1
1.976667E1	1.855302E1	1.072586E-1
1.980000E1	1.847893E1	1.428988E-2
1.983333E1	1.842940E1	-1.270767E-1
1.986667E1	1.844179E1	-1.712460E-1
1.990000E1	1.854311E1	-1.662640E-1
1.993333E1	1.869574E1	-1.424309E-1
1.996667E1	1.872634E1	-1.377211E-1
2.000000E1	1.892230E1	-6.413772E-2
2.003333E1	1.906560E1	-5.231942E-2
2.006667E1	1.917898E1	-7.085235E-2
2.010000E1	1.931089E1	-7.404607E-2
2.013333E1	1.938796E1	-8.903806E-2
2.016667E1	1.952045E1	-1.286277E-1
2.020000E1	1.958820E1	-1.181724E-1
2.023333E1	1.962122E1	-9.213410E-2
2.026667E1	1.969656E1	-4.438549E-2
2.030000E1	1.971354E1	-8.672954E-3
2.033333E1	1.972476E1	1.196543E-1
2.036667E1	1.972439E1	1.818281E-1
2.040000E1	1.970504E1	1.539011E-1
2.043333E1	1.965443E1	1.380333E-1
2.046667E1	1.958632E1	7.464106E-2
2.050000E1	1.951988E1	-4.865554E-2
2.053333E1	1.954997E1	-1.309639E-1
2.056667E1	1.962631E1	-1.429961E-1
2.060000E1	1.976437E1	-1.331863E-1
2.063333E1	1.982171E1	-1.196009E-1
2.066667E1	2.001184E1	-3.670395E-2
2.070000E1	2.012562E1	-3.204321E-2
2.073333E1	2.026879E1	-1.640423E-2
2.076667E1	2.042089E1	-1.872961E-2
2.080000E1	2.045932E1	-3.188830E-2
2.083333E1	2.058829E1	-7.730870E-2
2.086667E1	2.065437E1	-6.168929E-2
2.090000E1	2.068649E1	-4.649483E-2
2.093333E1	2.073972E1	1.028134E-2
2.096667E1	2.074678E1	3.569766E-2
2.100000E1	2.075278E1	1.462822E-1
2.103333E1	2.073973E1	2.024339E-1
2.106667E1	2.072562E1	1.962355E-1
2.110000E1	2.069451E1	1.808110E-1
2.113333E1	2.060893E1	1.134241E-1
2.116667E1	2.053032E1	-1.166946E-2
2.120000E1	2.054861E1	-7.648075E-2
2.123333E1	2.061519E1	-8.632631E-2
2.126667E1	2.074560E1	-6.455446E-2
2.130000E1	2.079378E1	-6.206688E-2
2.133333E1	2.099231E1	1.239304E-2
2.136667E1	2.114245E1	1.839486E-2
2.140000E1	2.119292E1	-2.029240E-2
2.143333E1	2.138907E1	-1.312750E-2
2.146667E1	2.145976E1	-3.124956E-2
2.150000E1	2.158686E1	-8.858530E-2
2.153333E1	2.166137E1	-6.615552E-2
2.156667E1	2.169600E1	-5.088796E-2
2.160000E1	2.174763E1	-7.771860E-4
2.163333E1	2.175983E1	3.098664E-2
2.166667E1	2.176344E1	1.454635E-1
2.170000E1	2.175214E1	1.998863E-1
2.173333E1	2.173508E1	1.956288E-1
2.176667E1	2.168136E1	1.874439E-1
2.180000E1	2.161165E1	1.245106E-1
2.183333E1	2.153662E1	-5.227224E-3
2.186667E1	2.155649E1	-7.005283E-2
2.190000E1	2.160850E1	-8.799675E-2
2.193333E1	2.172710E1	-7.400868E-2
2.196667E1	2.177697E1	-6.112816E-2
2.200000E1	2.196095E1	1.571711E-2
2.203333E1	2.208573E1	1.762393E-2
2.206667E1	2.213789E1	-1.370796E-2
2.210000E1	2.232279E1	-1.400333E-2
2.213333E1	2.241897E1	-3.694536E-2
2.216667E1	2.252319E1	-1.166285E-1
2.220000E1	2.258797E1	-1.218344E-1
2.223333E1	2.261188E1	-1.150065E-1
2.226667E1	2.264883E1	-5.953716E-2
2.230000E1	2.267659E1	-1.629288E-2
2.233333E1	2.268201E1	6.946662E-2
2.236667E1	2.267942E1	1.441495E-1
2.240000E1	2.265844E1	1.532176E-1
2.243333E1	2.261813E1	1.470265E-1
2.246667E1	2.248851E1	6.837611E-2
2.250000E1	2.241164E1	-1.494697E-2
2.253333E1	2.241243E1	-1.282755E-1
2.256667E1	2.243416E1	-1.546303E-1
2.260000E1	2.260027E1	-1.223684E-1
2.263333E1	2.263887E1	-1.203362E-1
2.266667E1	2.274626E1	-6.492192E-2
2.270000E1	2.291116E1	-1.030971E-2
2.273333E1	2.298820E1	-1.684777E-2
2.276667E1	2.310951E1	-1.598923E-2
2.280000E1	2.322076E1	-5.234601E-2
2.283333E1	2.327212E1	-1.036970E-1
2.286667E1	2.334690E1	-9.016655E-2
2.290000E1	2.335994E1	-7.005073E-2
2.293333E1	2.339081E1	-3.773336E-2
2.296667E1	2.341296E1	2.615942E-3
2.300000E1	2.340946E1	8.012822E-2
2.303333E1	2.339418E1	1.644337E-1
2.306667E1	2.337551E1	1.593300E-1
2.310000E1	2.334567E1	1.435646E-1
2.313333E1	2.321398E1	5.569973E-2
2.316667E1	2.313842E1	-2.131099E-2
2.320000E1	2.312984E1	-1.292406E-1
2.323333E1	2.314558E1	-1.398909E-1
2.326667E1	2.327888E1	-1.274808E-1
2.330000E1	2.333815E1	-1.230645E-1
2.333333E1	2.345029E1	-6.739211E-2
2.336667E1	2.362303E1	-1.458303E-2
2.340000E1	2.367740E1	-1.264424E-2
2.343333E1	2.382057E1	-1.152891E-2
2.346667E1	2.393105E1	-5.936730E-2
2.350000E1	2.397914E1	-1.006436E-1
2.353333E1	2.405808E1	-8.610548E-2
2.356667E1	2.407214E1	-6.694966E-2
2.360000E1	2.409936E1	-3.372249E-2
2.363333E1	2.411905E1	1.786559E-3
2.366667E1	2.411994E1	7.491650E-2
2.370000E1	2.409056E1	1.755260E-1
2.373333E1	2.405274E1	1.616359E-1
2.376667E1	2.401517E1	1.458132E-1
2.380000E1	2.388440E1	4.955136E-2
2.383333E1	2.380331E1	-2.990054E-2
2.386667E1	2.378169E1	-1.359860E-1
2.390000E1	2.379198E1	-1.464732E-1
2.393333E1	2.390835E1	-1.321832E-1
2.396667E1	2.395833E1	-1.283970E-1
2.400000E1	2.407420E1	-6.647391E-2
2.403333E1	2.422341E1	-1.820101E-2
2.406667E1	2.427798E1	-2.265229E-2
2.410000E1	2.438710E1	-1.683155E-2
2.413333E1	2.450547E1	-7.100677E-2
2.416667E1	2.456683E1	-1.186306E-1
2.420000E1	2.463133E1	-1.285688E-1
2.423333E1	2.464315E1	-1.204043E-1
2.426667E1	2.465298E1	-7.649083E-2
2.430000E1	2.465170E1	-1.559446E-2
2.433333E1	2.463920E1	6.291810E-2
2.436667E1	2.459922E1	1.468047E-1
2.440000E1	2.457680E1	1.575420E-1
2.443333E1	2.452124E1	1.417422E-1
2.446667E1	2.437381E1	3.590908E-2
2.450000E1	2.428320E1	-6.352407E-2
2.453333E1	2.425745E1	-1.753529E-1
2.456667E1	2.428851E1	-1.755689E-1
2.460000E1	2.440391E1	-1.477249E-1
2.463333E1	2.443765E1	-1.381901E-1
2.466667E1	2.454066E1	-8.001020E-2
2.470000E1	2.469152E1	-2.423197E-2
2.473333E1	2.475979E1	-2.378392E-2
2.476667E1	2.489009E1	-1.795106E-2
2.480000E1	2.497398E1	-7.563070E-2
2.483333E1	2.504035E1	-1.227328E-1
2.486667E1	2.509848E1	-1.336672E-1
2.490000E1	2.509593E1	-1.267141E-1
2.493333E1	2.509135E1	-8.685317E-2
2.496667E1	2.507990E1	-2.635146E-2
2.500000E1	2.506301E1	4.246136E-2
2.503333E1	2.501035E1	1.403665E-1
2.506667E1	2.496574E1	1.323282E-1
2.510000E1	2.492053E1	1.379891E-1
2.513333E1	2.477681E1	8.037829E-3
2.516667E1	2.466787E1	-8.417420E-2
2.520000E1	2.464098E1	-1.951480E-1
2.523333E1	2.464740E1	-2.117941E-1
2.526667E1	2.475583E1	-1.996331E-1
2.530000E1	2.480021E1	-1.858639E-1
2.533333E1	2.489837E1	-1.374964E-1
2.536667E1	2.505698E1	-8.839088E-2
2.540000E1	2.510240E1	-7.470493E-2
2.543333E1	2.520729E1	-8.226828E-2
2.546667E1	2.531518E1	-1.119142E-1
2.550000E1	2.535042E1	-1.522931E-1
2.553333E1	2.541266E1	-1.465465E-1
2.556667E1	2.542642E1	-1.287029E-1
2.560000E1	2.542708E1	-9.027069E-2
2.563333E1	2.542979E1	-4.222459E-2
2.566667E1	2.540713E1	1.377655E-2
2.570000E1	2.534991E1	8.673060E-2
2.573333E1	2.531036E1	8.758583E-2
2.576667E1	2.524121E1	7.520730E-2
2.580000E1	2.508167E1	-3.003237E-2
2.583333E1	2.499510E1	-1.174436E-1
2.586667E1	2.494886E1	-2.316964E-1
2.590000E1	2.495171E1	-2.310861E-1
2.593333E1	2.505795E1	-2.111690E-1
2.596667E1	2.509629E1	-1.944546E-1
2.600000E1	2.518550E1	-1.439772E-1
2.603333E1	2.535270E1	-1.026296E-1
2.606667E1	2.539647E1	-8.777398E-2
2.610000E1	2.552770E1	-9.669226E-2
2.613333E1	2.562298E1	-1.281594E-1
2.616667E1	2.567322E1	-1.523259E-1
2.620000E1	2.572536E1	-1.410597E-1
2.623333E1	2.573795E1	-1.277392E-1
2.626667E1	2.574353E1	-8.086081E-2
2.630000E1	2.573140E1	-3.054822E-2
2.633333E1	2.572347E1	6.034819E-3
2.636667E1	2.566346E1	1.282500E-1
2.640000E1	2.563364E1	1.262855E-1
2.643333E1	2.558157E1	1.270455E-1
2.646667E1	2.544943E1	6.037866E-3
2.650000E1	2.536190E1	-1.025398E-1
2.653333E1	2.535754E1	-2.020602E-1
2.656667E1	2.537561E1	-2.178489E-1
2.660000E1	2.548465E1	-2.048410E-1
2.663333E1	2.555552E1	-1.932678E-1
2.666667E1	2.567210E1	-1.337226E-1
2.670000E1	2.584129E1	-9.161391E-2
2.673333E1	2.592144E1	-7.868647E-2
2.676667E1	2.606625E1	-8.613715E-2
2.680000E1	2.618507E1	-1.181142E-1
2.683333E1	2.623808E1	-1.594003E-1
2.686667E1	2.633539E1	-1.601194E-1
2.690000E1	2.636357E1	-1.420162E-1
2.693333E1	2.639626E1	-1.084877E-1
2.696667E1	2.640624E1	-7.371085E-2
2.700000E1	2.642908E1	-2.991881E-4
2.703333E1	2.642146E1	7.440310E-2
2.706667E1	2.640161E1	8.078691E-2
2.710000E1	2.636505E1	4.627089E-2
2.713333E1	2.627085E1	-3.833503E-2
2.716667E1	2.622092E1	-1.467418E-1
2.720000E1	2.624003E1	-2.653593E-1
2.723333E1	2.627013E1	-2.938463E-1
2.726667E1	2.643494E1	-2.697242E-1
2.730000E1	2.651003E1	-2.661276E-1
2.733333E1	2.664460E1	-1.990389E-1
2.736667E1	2.685131E1	-1.460696E-1
2.740000E1	2.693170E1	-1.418921E-1
2.743333E1	2.709286E1	-1.530739E-1
2.746667E1	2.722838E1	-1.759111E-1
2.750000E1	2.734400E1	-1.989843E-1
2.753333E1	2.746287E1	-2.073684E-1
2.756667E1	2.748601E1	-1.950921E-1
2.760000E1	2.755086E1	-1.670730E-1
2.763333E1	2.757005E1	-1.204903E-1
2.766667E1	2.760737E1	-4.312810E-2
2.770000E1	2.762115E1	3.765341E-2
2.773333E1	2.760069E1	2.144236E-2
2.776667E1	2.758994E1	-6.551216E-3
2.780000E1	2.751344E1	-1.078798E-1
2.783333E1	2.746500E1	-2.051712E-1
2.786667E1	2.750525E1	-3.355143E-1
2.790000E1	2.754386E1	-3.534912E-1
2.793333E1	2.770813E1	-3.392959E-1
2.796667E1	2.778956E1	-3.352617E-1
2.800000E1	2.793934E1	-2.773227E-1
2.803333E1	2.815737E1	-2.047905E-1
2.806667E1	2.823944E1	-2.055524E-1
2.810000E1	2.838380E1	-2.168470E-1
2.813333E1	2.854508E1	-2.334980E-1
2.816667E1	2.865721E1	-2.577875E-1
2.820000E1	2.874978E1	-2.783983E-1
2.823333E1	2.879510E1	-2.621128E-1
2.826667E1	2.889789E1	-2.225086E-1
2.830000E1	2.894513E1	-1.657198E-1
2.833333E1	2.898237E1	-9.250872E-2
2.836667E1	2.900165E1	1.061140E-2
2.840000E1	2.898436E1	9.127991E-3
2.843333E1	2.897084E1	-1.596605E-2
2.846667E1	2.890895E1	-1.004992E-1
2.850000E1	2.885750E1	-1.729282E-1
2.853333E1	2.890862E1	-2.817886E-1
2.856667E1	2.895048E1	-2.999153E-1
2.860000E1	2.914940E1	-2.754084E-1
2.863333E1	2.922325E1	-2.805065E-1
2.866667E1	2.939079E1	-2.152400E-1
2.870000E1	2.962361E1	-1.387193E-1
2.873333E1	2.970387E1	-1.431288E-1
2.876667E1	2.985593E1	-1.508044E-1
2.880000E1	3.002506E1	-1.693992E-1
2.883333E1	3.014228E1	-1.761202E-1
2.886667E1	3.027362E1	-1.673097E-1
2.890000E1	3.029694E1	-1.485788E-1
2.893333E1	3.038725E1	-1.210367E-1
2.896667E1	3.043298E1	-1.020225E-1
2.900000E1	3.046419E1	-1.099528E-2
2.903333E1	3.053232E1	8.696830E-2
2.906667E1	3.053895E1	8.367443E-2
2.910000E1	3.053016E1	5.502048E-2
2.913333E1	3.046432E1	-9.387684E-3
2.916667E1	3.042785E1	-9.348006E-2
2.920000E1	3.046765E1	-2.004571E-1
2.923333E1	3.050438E1	-2.167439E-1
2.926667E1	3.068882E1	-1.943699E-1
2.930000E1	3.075053E1	-2.031431E-1
2.933333E1	3.090751E1	-1.367167E-1
2.936667E1	3.113954E1	-6.656173E-2
2.940000E1	3.121912E1	-6.772870E-2
2.943333E1	3.138082E1	-7.975791E-2
2.946667E1	3.154432E1	-1.158812E-1
2.950000E1	3.165933E1	-1.442973E-1
2.953333E1	3.178759E1	-1.453906E-1
2.956667E1	3.182292E1	-1.307339E-1
2.960000E1	3.190142E1	-1.044130E-1
2.963333E1	3.194849E1	-4.073799E-2
2.966667E1	3.198399E1	2.525353E-2
2.970000E1	3.201457E1	1.346423E-1
2.973333E1	3.200732E1	1.488508E-1
2.976667E1	3.198661E1	1.407684E-1
2.980000E1	3.191795E1	6.987403E-2
2.983333E1	3.187126E1	-3.555712E-3
2.986667E1	3.189742E1	-1.206140E-1
2.990000E1	3.195058E1	-1.380674E-1
2.993333E1	3.210280E1	-1.277151E-1
2.996667E1	3.218020E1	-1.105847E-1
3.000000E1	3.230457E1	-5.838889E-2
3.003333E1	3.253139E1	1.260775E-3
3.006667E1	3.260575E1	-8.638186E-3
3.010000E1	3.273334E1	-1.534342E-2
3.013333E1	3.292403E1	-5.272920E-2
3.016667E1	3.303597E1	-8.355230E-2
3.020000E1	3.312484E1	-9.667514E-2
3.023333E1	3.317033E1	-7.156017E-2
3.026667E1	3.328943E1	-2.465613E-2
3.030000E1	3.331365E1	3.598108E-2
3.033333E1	3.333925E1	1.132630E-1
3.036667E1	3.338984E1	2.526002E-1
3.040000E1	3.337791E1	2.463712E-1
3.043333E1	3.333819E1	2.371158E-1
3.046667E1	3.327932E1	1.499289E-1
3.050000E1	3.323064E1	6.882824E-2
3.053333E1	3.324607E1	-2.126516E-2
3.056667E1	3.327710E1	-2.664950E-2
3.060000E1	3.338929E1	-1.114660E-2
3.063333E1	3.343364E1	-5.747253E-3
3.066667E1	3.362921E1	7.193104E-2
3.070000E1	3.377811E1	1.219550E-1
3.073333E1	3.391851E1	1.330601E-1
3.076667E1	3.408293E1	1.337415E-1
3.080000E1	3.416401E1	8.471071E-2
3.083333E1	3.430564E1	1.878517E-2
3.086667E1	3.437219E1	-2.238743E-3
3.090000E1	3.442081E1	7.748866E-3
3.093333E1	3.447119E1	3.599963E-2
3.096667E1	3.448983E1	9.715134E-2
3.100000E1	3.448845E1	2.125718E-1
3.103333E1	3.447397E1	2.875447E-1
3.106667E1	3.444590E1	2.912770E-1
3.110000E1	3.437731E1	2.824185E-1
3.113333E1	3.431676E1	2.273605E-1
3.116667E1	3.421645E1	1.058228E-1
3.120000E1	3.423996E1	3.184475E-2
3.123333E1	3.429271E1	6.957451E-3
3.126667E1	3.440543E1	1.503937E-2
3.130000E1	3.445429E1	2.284247E-2
3.133333E1	3.461776E1	1.280090E-1
3.136667E1	3.474065E1	1.448028E-1
3.140000E1	3.477563E1	1.326905E-1
3.143333E1	3.497495E1	1.219619E-1
3.146667E1	3.505069E1	8.577521E-2
3.150000E1	3.516251E1	2.470147E-2
3.153333E1	3.522042E1	1.727907E-2
3.156667E1	3.525454E1	3.008746E-2
3.160000E1	3.530456E1	7.583988E-2
3.163333E1	3.531750E1	1.171922E-1
3.166667E1	3.533254E1	2.508711E-1
3.170000E1	3.532332E1	3.014117E-1
3.173333E1	3.529602E1	2.970499E-1
3.176667E1	3.521807E1	2.842055E-1
3.180000E1	3.517004E1	2.261438E-1
3.183333E1	3.506862E1	9.735778E-2
3.186667E1	3.506912E1	1.891860E-2
3.190000E1	3.511864E1	4.867744E-3
3.193333E1	3.521507E1	7.368984E-3
3.196667E1	3.527612E1	2.443191E-2
3.200000E1	3.545171E1	1.137334E-1
3.203333E1	3.558515E1	1.363077E-1
3.206667E1	3.562911E1	1.291598E-1
3.210000E1	3.582479E1	1.199461E-1
3.213333E1	3.591469E1	6.061392E-2
3.216667E1	3.602454E1	5.190819E-3
3.220000E1	3.608591E1	-1.409163E-3
3.223333E1	3.612442E1	1.253671E-2
3.226667E1	3.616850E1	5.352544E-2
3.230000E1	3.618830E1	9.881760E-2
3.233333E1	3.619638E1	2.111567E-1
3.236667E1	3.619145E1	2.752324E-1
3.240000E1	3.615853E1	2.740177E-1
3.243333E1	3.610413E1	2.777934E-1
3.246667E1	3.604569E1	2.009061E-1
3.250000E1	3.595577E1	6.494450E-2
3.253333E1	3.597545E1	-5.285908E-3
3.256667E1	3.602837E1	-2.146759E-2
3.260000E1	3.615944E1	-3.571026E-3
3.263333E1	3.620111E1	-4.563319E-4
3.266667E1	3.637876E1	8.789758E-2
3.270000E1	3.649709E1	1.162110E-1
3.273333E1	3.653396E1	1.109352E-1
3.276667E1	3.675559E1	5.168375E-2
3.280000E1	3.683020E1	2.118731E-2
3.283333E1	3.694129E1	-3.568611E-2
3.286667E1	3.698796E1	-6.280625E-2
3.290000E1	3.701833E1	-4.777566E-2
3.293333E1	3.705315E1	-1.081218E-2
3.296667E1	3.706305E1	2.523967E-2
3.300000E1	3.707229E1	1.349833E-1
3.303333E1	3.706516E1	2.031109E-1
3.306667E1	3.703732E1	2.058942E-1
3.310000E1	3.694290E1	1.674590E-1
3.313333E1	3.690911E1	1.321719E-1
3.316667E1	3.680833E1	-2.917350E-3
3.320000E1	3.684010E1	-7.933942E-2
3.323333E1	3.689036E1	-1.028676E-1
3.326667E1	3.697046E1	-8.988344E-2
3.330000E1	3.699472E1	-8.048412E-2
3.333333E1	3.722629E1	3.080651E-2
3.336667E1	3.733148E1	4.827947E-2
3.340000E1	3.736147E1	3.788159E-2
3.343333E1	3.757397E1	5.389340E-4
3.346667E1	3.763841E1	-1.785726E-2
3.350000E1	3.774379E1	-7.750686E-2
3.353333E1	3.780088E1	-7.419519E-2
3.356667E1	3.781252E1	-5.270978E-2
3.360000E1	3.785300E1	-1.321839E-2
3.363333E1	3.785865E1	1.890880E-2
3.366667E1	3.785902E1	1.321704E-1
3.370000E1	3.784621E1	1.900549E-1
3.373333E1	3.781069E1	2.019458E-1
3.376667E1	3.772933E1	1.764028E-1
3.380000E1	3.766137E1	1.111859E-1
3.383333E1	3.755718E1	-4.603969E-2
3.386667E1	3.757725E1	-1.254516E-1
3.390000E1	3.762318E1	-1.483639E-1
3.393333E1	3.772804E1	-1.426808E-1
3.396667E1	3.777343E1	-1.281718E-1
3.400000E1	3.793657E1	-2.788814E-2
3.403333E1	3.805121E1	-2.390532E-3
3.406667E1	3.808895E1	-1.133798E-2
3.410000E1	3.827041E1	-1.505453E-2
3.413333E1	3.835544E1	-4.088604E-2
3.416667E1	3.843210E1	-1.043154E-1
3.420000E1	3.848635E1	-9.598482E-2
3.423333E1	3.851057E1	-6.455615E-2
3.426667E1	3.852552E1	-1.386208E-2
3.430000E1	3.852157E1	1.902855E-2
3.433333E1	3.851023E1	1.291856E-1
3.436667E1	3.850709E1	1.813937E-1
3.440000E1	3.846715E1	1.601640E-1
3.443333E1	3.837812E1	1.382235E-1
3.446667E1	3.832660E1	7.630537E-2
3.450000E1	3.821650E1	-6.103043E-2
3.453333E1	3.821729E1	-1.364212E-1
3.456667E1	3.824780E1	-1.435043E-1
3.460000E1	3.834433E1	-1.390663E-1
3.463333E1	3.838281E1	-1.268194E-1
3.466667E1	3.852739E1	-2.487094E-2
3.470000E1	3.863888E1	3.781822E-3
3.473333E1	3.867886E1	-9.422853E-3
3.476667E1	3.883639E1	-1.870256E-2
3.480000E1	3.892877E1	-4.329289E-2
3.483333E1	3.899766E1	-1.029617E-1
3.486667E1	3.905434E1	-8.359314E-2
3.490000E1	3.907768E1	-5.905490E-2
3.493333E1	3.908689E1	-1.767206E-2
3.496667E1	3.908485E1	1.431775E-2
3.500000E1	3.906920E1	1.205653E-1
3.503333E1	3.906454E1	1.702847E-1
3.506667E1	3.897773E1	1.619041E-1
3.510000E1	3.890950E1	1.474289E-1
3.513333E1	3.883624E1	8.546140E-2
3.516667E1	3.872365E1	-5.763024E-2
3.520000E1	3.871982E1	-1.356425E-1
3.523333E1	3.874978E1	-1.445705E-1
3.526667E1	3.882424E1	-1.360001E-1
3.530000E1	3.885986E1	-1.219887E-1
3.533333E1	3.900279E1	-1.402335E-2
3.536667E1	3.910308E1	1.220499E-2
3.540000E1	3.913954E1	-3.823342E-3
3.543333E1	3.930329E1	-8.015289E-3
3.546667E1	3.935017E1	-2.100582E-2
3.550000E1	3.941983E1	-6.382678E-2
3.553333E1	3.946133E1	-6.311343E-2
3.556667E1	3.946466E1	-4.440712E-2
3.560000E1	3.947041E1	6.162808E-3
3.563333E1	3.945980E1	3.354640E-2
3.566667E1	3.942717E1	1.380638E-1
3.570000E1	3.940539E1	1.864793E-1
3.573333E1	3.934801E1	2.093540E-1
3.576667E1	3.925766E1	1.940327E-1
3.580000E1	3.917377E1	1.420489E-1
3.583333E1	3.903585E1	9.127090E-3
3.586667E1	3.901518E1	-6.728562E-2
3.590000E1	3.903849E1	-7.110597E-2
3.593333E1	3.910874E1	-6.525659E-2
3.596667E1	3.915076E1	-4.826095E-2
3.600000E1	3.928702E1	4.468183E-2
3.603333E1	3.938581E1	7.579771E-2
3.606667E1	3.942833E1	5.993023E-2
3.610000E1	3.957797E1	4.794042E-2
3.613333E1	3.963808E1	2.105332E-2
3.616667E1	3.968073E1	-1.550320E-2
3.620000E1	3.970186E1	-3.838128E-3
3.623333E1	3.972441E1	1.697205E-2
3.626667E1	3.972822E1	5.738913E-2
3.630000E1	3.972726E1	9.242160E-2
3.633333E1	3.969176E1	2.033181E-1
3.636667E1	3.965043E1	2.596524E-1
3.640000E1	3.958687E1	2.709441E-1
3.643333E1	3.949627E1	2.744327E-1
3.646667E1	3.942298E1	1.818207E-1
3.650000E1	3.930740E1	3.448601E-2
3.653333E1	3.928541E1	-2.924870E-2
3.656667E1	3.931877E1	-2.645045E-2
3.660000E1	3.939635E1	-1.054179E-2
3.663333E1	3.943076E1	2.832474E-3
3.666667E1	3.957866E1	7.881792E-2
3.670000E1	3.967046E1	9.521862E-2
3.673333E1	3.969209E1	6.511842E-2
3.676667E1	3.988049E1	2.686513E-2
3.680000E1	3.992504E1	-2.931134E-3
3.683333E1	3.996927E1	-2.074793E-2
3.686667E1	4.000059E1	-1.300826E-2
3.690000E1	4.002624E1	9.860429E-3
3.693333E1	4.003587E1	5.322642E-2
3.696667E1	4.003167E1	1.038270E-1
3.700000E1	4.001098E1	2.040358E-1
3.703333E1	3.999040E1	2.626542E-1
3.706667E1	3.993996E1	2.720550E-1
3.710000E1	3.985324E1	2.744587E-1
3.713333E1	3.979891E1	1.832964E-1
3.716667E1	3.967297E1	3.320976E-2
3.720000E1	3.966194E1	-2.989785E-2
3.723333E1	3.968806E1	-2.429185E-2
3.726667E1	3.978776E1	-9.082666E-3
3.730000E1	3.982243E1	3.661612E-3
3.733333E1	3.996366E1	9.760506E-2
3.736667E1	4.007994E1	1.034927E-1
3.740000E1	4.010290E1	7.746209E-2
3.743333E1	4.027041E1	5.905570E-2
3.746667E1	4.035304E1	1.549524E-2
3.750000E1	4.039796E1	-2.300399E-2
3.753333E1	4.043574E1	-9.685026E-3
3.756667E1	4.047408E1	1.086557E-2
3.760000E1	4.049652E1	3.406947E-2
3.763333E1	4.050463E1	3.977857E-2
3.766667E1	4.050784E1	1.635590E-1
3.770000E1	4.050239E1	2.127345E-1
3.773333E1	4.044891E1	2.218756E-1
3.776667E1	4.036121E1	2.039756E-1
3.780000E1	4.028597E1	1.473277E-1
3.783333E1	4.018262E1	2.591405E-3
3.786667E1	4.017925E1	-7.250849E-2
3.790000E1	4.021073E1	-9.428245E-2
3.793333E1	4.030357E1	-7.485687E-2
3.796667E1	4.035691E1	-6.117414E-2
3.800000E1	4.051599E1	2.053602E-2
3.803333E1	4.060740E1	4.246205E-2
3.806667E1	4.066547E1	2.809206E-2
3.810000E1	4.082531E1	-4.759526E-3
3.813333E1	4.086367E1	-2.164322E-2
3.816667E1	4.094592E1	-5.741533E-2
3.820000E1	4.099098E1	-4.627310E-2
3.823333E1	4.098917E1	-3.381415E-2
3.826667E1	4.099565E1	1.133810E-2
3.830000E1	4.101701E1	3.624034E-2
3.833333E1	4.101353E1	1.386623E-1
3.836667E1	4.101066E1	1.809627E-1
3.840000E1	4.095652E1	1.657634E-1
3.843333E1	4.085826E1	1.445570E-1
3.846667E1	4.079853E1	7.242346E-2
3.850000E1	4.068253E1	-6.380746E-2
3.853333E1	4.067928E1	-1.404998E-1
3.856667E1	4.071475E1	-1.507956E-1
3.860000E1	4.081532E1	-1.377911E-1
3.863333E1	4.085342E1	-1.292496E-1
3.866667E1	4.100434E1	-2.657219E-2
3.870000E1	4.111645E1	5.397839E-3
3.873333E1	4.116234E1	-8.439203E-3
3.876667E1	4.132526E1	-1.694044E-2
3.880000E1	4.137864E1	-3.830318E-2
3.883333E1	4.143257E1	-9.600265E-2
3.886667E1	4.149303E1	-6.803662E-2
3.890000E1	4.148687E1	-5.319382E-2
3.893333E1	4.149399E1	-7.679831E-3
3.896667E1	4.148047E1	4.578650E-2
3.900000E1	4.146545E1	1.284780E-1
3.903333E1	4.144909E1	2.177710E-1
3.906667E1	4.142871E1	2.164236E-1
3.910000E1	4.137005E1	2.125010E-1
3.913333E1	4.125375E1	1.102720E-1
3.916667E1	4.114126E1	-1.389991E-3
3.920000E1	4.113146E1	-1.177901E-1
3.923333E1	4.113348E1	-1.339554E-1
3.926667E1	4.122497E1	-1.248660E-1
3.930000E1	4.127947E1	-1.117402E-1
3.933333E1	4.137339E1	-4.054720E-2
3.936667E1	4.152234E1	-5.182066E-4
3.940000E1	4.156271E1	6.246726E-4
3.943333E1	4.168185E1	-9.717867E-3
3.946667E1	4.176319E1	-2.762112E-2
3.950000E1	4.180538E1	-4.821422E-2
3.953333E1	4.187151E1	-5.462596E-2
3.956667E1	4.189555E1	-3.666727E-2
3.960000E1	4.190635E1	1.051683E-2
3.963333E1	4.190143E1	5.300059E-2
3.966667E1	4.190289E1	1.412508E-1
3.970000E1	4.188424E1	2.276806E-1
3.973333E1	4.186477E1	2.235662E-1
3.976667E1	4.179545E1	2.197275E-1
3.980000E1	4.168660E1	1.382875E-1
3.983333E1	4.159443E1	5.075399E-2
3.986667E1	4.157699E1	-5.433050E-2
3.990000E1	4.159707E1	-6.885882E-2
3.993333E1	4.168385E1	-5.870611E-2
3.996667E1	4.174414E1	-3.036858E-2
4.000000E1	4.183306E1	4.619164E-2
4.003333E1	4.198114E1	9.685490E-2
4.006667E1	4.202007E1	7.014460E-2
4.010000E1	4.215449E1	6.084669E-2
4.013333E1	4.224631E1	2.700008E-2
4.016667E1	4.228141E1	-1.057747E-3
4.020000E1	4.234241E1	4.093737E-4
4.023333E1	4.235264E1	1.604857E-2
4.026667E1	4.236147E1	6.258325E-2
4.030000E1	4.235281E1	1.254691E-1
4.033333E1	4.234651E1	2.102443E-1
4.036667E1	4.233876E1	3.027205E-1
4.040000E1	4.231637E1	3.000951E-1
4.043333E1	4.222930E1	2.928953E-1
4.046667E1	4.214814E1	2.237225E-1
4.050000E1	4.205815E1	1.376222E-1
4.053333E1	4.203456E1	2.030559E-2
4.056667E1	4.205585E1	7.252107E-3
4.060000E1	4.213019E1	9.781404E-3
4.063333E1	4.219490E1	2.657691E-2
4.066667E1	4.228996E1	9.807421E-2
4.070000E1	4.242368E1	1.349476E-1
4.073333E1	4.247381E1	1.323007E-1
4.076667E1	4.259101E1	1.258221E-1
4.080000E1	4.268867E1	7.139296E-2
4.083333E1	4.273759E1	3.048233E-2
4.086667E1	4.282057E1	1.367510E-2
4.090000E1	4.283811E1	2.239486E-2
4.093333E1	4.285360E1	7.519040E-2
4.096667E1	4.285434E1	1.295345E-1
4.100000E1	4.285177E1	2.246790E-1
4.103333E1	4.283308E1	3.284190E-1
4.106667E1	4.282495E1	3.474191E-1
4.110000E1	4.278458E1	3.489081E-1
4.113333E1	4.266581E1	2.811368E-1
4.116667E1	4.257981E1	1.981288E-1
4.120000E1	4.255691E1	8.997367E-2
4.123333E1	4.256866E1	7.318458E-2
4.126667E1	4.266656E1	8.808678E-2
4.130000E1	4.272786E1	8.851202E-2
4.133333E1	4.283836E1	1.537095E-1
4.136667E1	4.298844E1	2.008116E-1
4.140000E1	4.302591E1	1.942882E-1
4.143333E1	4.315580E1	1.885250E-1
4.146667E1	4.324545E1	1.271251E-1
4.150000E1	4.328993E1	1.097537E-1
4.153333E1	4.336683E1	7.783206E-2
4.156667E1	4.337329E1	9.035634E-2
4.160000E1	4.338611E1	1.204576E-1
4.163333E1	4.340507E1	1.698707E-1
4.166667E1	4.340732E1	2.476261E-1
4.170000E1	4.341007E1	3.274791E-1
4.173333E1	4.339916E1	3.209544E-1
4.176667E1	4.328603E1	2.889845E-1
4.180000E1	4.322598E1	2.738267E-1
4.183333E1	4.313122E1	1.743877E-1
4.186667E1	4.311407E1	5.222308E-2
4.190000E1	4.312764E1	4.383323E-2
4.193333E1	4.321078E1	6.392647E-2
4.196667E1	4.327178E1	8.011113E-2
4.200000E1	4.337450E1	1.462069E-1
4.203333E1	4.350435E1	1.887595E-1
4.206667E1	4.355057E1	1.874338E-1
4.210000E1	4.368909E1	1.555157E-1
4.213333E1	4.375202E1	1.154375E-1
4.216667E1	4.381848E1	8.738129E-2
4.220000E1	4.389315E1	6.812784E-2
4.223333E1	4.391734E1	8.570596E-2
4.226667E1	4.393851E1	1.423186E-1
4.230000E1	4.394496E1	1.830335E-1
4.233333E1	4.392941E1	2.596047E-1
4.236667E1	4.391997E1	3.467084E-1
4.240000E1	4.391007E1	3.626553E-1
4.243333E1	4.383034E1	3.589753E-1
4.246667E1	4.373667E1	2.959231E-1
4.250000E1	4.364942E1	2.031111E-1
4.253333E1	4.363395E1	8.778636E-2
4.256667E1	4.364776E1	7.196445E-2
4.260000E1	4.373093E1	7.426323E-2
4.263333E1	4.379226E1	9.401515E-2
4.266667E1	4.388034E1	1.582746E-1
4.270000E1	4.404100E1	1.804667E-1
4.273333E1	4.411236E1	1.511242E-1
4.276667E1	4.424610E1	1.282665E-1
4.280000E1	4.429915E1	1.189950E-1
4.283333E1	4.434669E1	8.255330E-2
4.286667E1	4.442326E1	6.621427E-2
4.290000E1	4.443653E1	8.205175E-2
4.293333E1	4.445388E1	1.348714E-1
4.296667E1	4.445483E1	1.781156E-1
4.300000E1	4.444836E1	2.634208E-1
4.303333E1	4.444046E1	3.723325E-1
4.306667E1	4.443120E1	3.748546E-1
4.310000E1	4.429860E1	3.103830E-1
4.313333E1	4.427729E1	2.895648E-1
4.316667E1	4.419906E1	1.950374E-1
4.320000E1	4.420233E1	8.485963E-2
4.323333E1	4.422182E1	7.308028E-2
4.326667E1	4.429557E1	7.000773E-2
4.330000E1	4.437224E1	9.007451E-2
4.333333E1	4.446240E1	1.481104E-1
4.336667E1	4.463689E1	1.965876E-1
4.340000E1	4.468107E1	1.864671E-1
4.343333E1	4.483932E1	1.589711E-1
4.346667E1	4.489201E1	1.323748E-1
4.350000E1	4.493335E1	9.786930E-2
4.353333E1	4.500527E1	7.245127E-2
4.356667E1	4.501472E1	8.643356E-2
4.360000E1	4.503216E1	1.297016E-1
4.363333E1	4.502562E1	1.837451E-1
4.366667E1	4.502419E1	2.773700E-1
4.370000E1	4.501802E1	3.788378E-1
4.373333E1	4.500655E1	3.768703E-1
4.376667E1	4.486202E1	3.236174E-1
4.380000E1	4.484112E1	2.860280E-1
4.383333E1	4.475186E1	1.883364E-1
4.386667E1	4.474688E1	9.395537E-2
4.390000E1	4.475131E1	6.069882E-2
4.393333E1	4.484374E1	7.426252E-2
4.396667E1	4.490327E1	8.555654E-2
4.400000E1	4.500010E1	1.495794E-1
4.403333E1	4.514414E1	1.856875E-1
4.406667E1	4.520519E1	1.788681E-1
4.410000E1	4.530995E1	1.383044E-1
4.413333E1	4.537439E1	1.076851E-1
4.416667E1	4.539765E1	5.841885E-2
4.420000E1	4.543352E1	4.476343E-2
4.423333E1	4.544362E1	6.746333E-2
4.426667E1	4.545054E1	1.198272E-1
4.430000E1	4.544952E1	1.684247E-1
4.433333E1	4.543450E1	2.564925E-1
4.436667E1	4.542430E1	3.547070E-1
4.440000E1	4.541782E1	3.644299E-1
4.443333E1	4.531293E1	3.379484E-1
4.446667E1	4.522379E1	2.968193E-1
4.450000E1	4.513499E1	1.959611E-1
4.453333E1	4.510341E1	9.224449E-2
4.456667E1	4.510782E1	7.227517E-2
4.460000E1	4.516117E1	7.166079E-2
4.463333E1	4.520825E1	8.296812E-2
4.466667E1	4.529271E1	1.478092E-1
4.470000E1	4.542404E1	1.857813E-1
4.473333E1	4.546193E1	1.973603E-1
4.476667E1	4.557720E1	1.567194E-1
4.480000E1	4.560582E1	1.322091E-1
4.483333E1	4.562883E1	8.747446E-2
4.486667E1	4.567621E1	7.077042E-2
4.490000E1	4.567645E1	8.079507E-2
4.493333E1	4.567464E1	1.290688E-1
4.496667E1	4.567147E1	1.734625E-1
4.500000E1	4.565036E1	2.497935E-1
4.503333E1	4.563885E1	3.206652E-1
4.506667E1	4.562860E1	3.182410E-1
4.510000E1	4.550431E1	2.861310E-1
4.513333E1	4.543157E1	2.602919E-1
4.516667E1	4.534599E1	1.589845E-1
4.520000E1	4.532255E1	3.104031E-2
4.523333E1	4.531430E1	8.850463E-3
4.526667E1	4.537583E1	1.512278E-2
4.530000E1	4.542638E1	2.294725E-2
4.533333E1	4.550326E1	8.701091E-2
4.536667E1	4.563065E1	1.222823E-1
4.540000E1	4.568135E1	1.306307E-1
4.543333E1	4.578049E1	1.051782E-1
4.546667E1	4.582425E1	5.930743E-2
4.550000E1	4.584951E1	1.755936E-2
4.553333E1	4.590697E1	1.324031E-2
4.556667E1	4.592285E1	2.345446E-2
4.560000E1	4.592111E1	8.959974E-2
4.563333E1	4.591780E1	1.406818E-1
4.566667E1	4.591848E1	2.202992E-1
4.570000E1	4.587909E1	2.934744E-1
4.573333E1	4.583930E1	2.846242E-1
4.576667E1	4.574502E1	2.756951E-1
4.580000E1	4.562177E1	1.588243E-1
4.583333E1	4.557834E1	5.186399E-2
4.586667E1	4.557929E1	-3.317400E-2
4.590000E1	4.559366E1	-2.209427E-2
4.593333E1	4.569274E1	1.763901E-2
4.596667E1	4.573941E1	3.100357E-2
4.600000E1	4.581409E1	8.563229E-2
4.603333E1	4.595106E1	8.464365E-2
4.606667E1	4.598997E1	5.901874E-2
4.610000E1	4.610228E1	3.715956E-2
4.613333E1	4.612525E1	-9.278390E-3
4.616667E1	4.617086E1	-3.218202E-2
4.620000E1	4.621885E1	-1.072781E-2
4.623333E1	4.623909E1	4.161301E-3
4.626667E1	4.624417E1	5.222237E-2
4.630000E1	4.623412E1	1.206912E-1
4.633333E1	4.623457E1	2.004538E-1
4.636667E1	4.622270E1	2.731341E-1
4.640000E1	4.620303E1	2.675307E-1
4.643333E1	4.608162E1	1.650557E-1
4.646667E1	4.604066E1	1.354152E-1
4.650000E1	4.599749E1	1.901565E-2
4.653333E1	4.601865E1	-8.926291E-2
4.656667E1	4.604241E1	-8.111758E-2
4.660000E1	4.613740E1	-6.088548E-2
4.663333E1	4.621338E1	-4.004473E-2
4.666667E1	4.631374E1	1.597766E-2
4.670000E1	4.646401E1	2.867164E-2
4.673333E1	4.650523E1	3.311317E-3
4.676667E1	4.660491E1	-1.289896E-2
4.680000E1	4.664806E1	-3.791171E-2
4.683333E1	4.670832E1	-8.868408E-2
4.686667E1	4.676358E1	-6.294927E-2
4.690000E1	4.675941E1	-5.323338E-2
4.693333E1	4.676289E1	-3.673294E-3
4.696667E1	4.675703E1	5.195969E-2
4.700000E1	4.675770E1	1.380327E-1
4.703333E1	4.674616E1	2.168339E-1
4.706667E1	4.673117E1	2.059665E-1
4.710000E1	4.659143E1	1.105500E-1
4.713333E1	4.656898E1	6.307588E-2
4.716667E1	4.653663E1	-3.724024E-2
4.720000E1	4.655079E1	-1.353630E-1
4.723333E1	4.656464E1	-1.457004E-1
4.726667E1	4.664204E1	-1.307081E-1
4.730000E1	4.670247E1	-1.251879E-1
4.733333E1	4.684718E1	-2.532334E-2
4.736667E1	4.694261E1	8.512842E-3
4.740000E1	4.700634E1	-4.720396E-3
4.743333E1	4.711485E1	-1.436356E-2
4.746667E1	4.713263E1	-2.316020E-2
4.750000E1	4.719601E1	-5.958839E-2
4.753333E1	4.720704E1	-6.367641E-2
4.756667E1	4.722595E1	-3.622563E-2
4.760000E1	4.723577E1	-6.448252E-4
4.763333E1	4.723789E1	2.482639E-2
4.766667E1	4.721949E1	1.447430E-1
4.770000E1	4.720351E1	2.094459E-1
4.773333E1	4.715755E1	2.148021E-1
4.776667E1	4.703690E1	2.056060E-1
4.780000E1	4.696507E1	1.839846E-1
4.783333E1	4.684870E1	6.104150E-2
4.786667E1	4.685097E1	-7.050365E-3
4.790000E1	4.687108E1	-1.656571E-2
4.793333E1	4.691133E1	-2.736240E-3
4.796667E1	4.692911E1	9.849132E-3
4.800000E1	4.704009E1	9.865550E-2
4.803333E1	4.711594E1	1.028841E-1
4.806667E1	4.715549E1	5.811607E-2
4.810000E1	4.725208E1	4.091620E-2
4.813333E1	4.728744E1	2.040772E-2
4.816667E1	4.732259E1	-2.462272E-2
4.820000E1	4.733619E1	6.865951E-5
4.823333E1	4.733804E1	1.729221E-2
4.826667E1	4.732986E1	6.478426E-2
4.830000E1	4.732496E1	1.089151E-1
4.833333E1	4.730649E1	2.137663E-1
4.836667E1	4.730070E1	2.846568E-1
4.840000E1	4.727631E1	2.944203E-1
4.843333E1	4.715545E1	2.820693E-1
4.846667E1	4.710587E1	2.366515E-1
4.850000E1	4.699665E1	9.194995E-2
4.853333E1	4.700210E1	1.190872E-2
4.856667E1	4.701898E1	-2.549374E-3
4.860000E1	4.707335E1	8.787982E-3
4.863333E1	4.713672E1	1.299919E-2
4.866667E1	4.725587E1	1.246112E-1
4.870000E1	4.733885E1	1.452804E-1
4.873333E1	4.739068E1	1.298605E-1
4.876667E1	4.750819E1	4.567282E-2
4.880000E1	4.753613E1	4.635153E-2
4.883333E1	4.759065E1	-2.696555E-3
4.886667E1	4.762259E1	-2.533343E-3
4.890000E1	4.763145E1	1.270628E-2
4.893333E1	4.762804E1	4.770201E-2
4.896667E1	4.762456E1	9.472035E-2
4.900000E1	4.760506E1	2.157883E-1
4.903333E1	4.759964E1	2.853589E-1
4.906667E1	4.757903E1	2.865421E-1
4.910000E1	4.747526E1	2.768352E-1
4.913333E1	4.743644E1	2.357052E-1
4.916667E1	4.732155E1	8.714828E-2
4.920000E1	4.731754E1	5.246266E-3
4.923333E1	4.733305E1	-6.111215E-3
4.926667E1	4.742177E1	-1.322443E-2
4.930000E1	4.745638E1	3.739998E-3
4.933333E1	4.759519E1	9.500204E-2
4.936667E1	4.767905E1	1.167882E-1
4.940000E1	4.774330E1	1.098165E-1
4.943333E1	4.787175E1	4.768639E-2
4.946667E1	4.790548E1	2.811629E-2
4.950000E1	4.794520E1	-4.027100E-2
4.953333E1	4.797727E1	-5.960366E-2
4.956667E1	4.798239E1	-4.780483E-2
4.960000E1	4.798177E1	-1.157974E-2
4.963333E1	4.797380E1	1.856031E-2
4.966667E1	4.795240E1	1.401972E-1
4.970000E1	4.794432E1	2.064991E-1
4.973333E1	4.791040E1	2.270255E-1
4.976667E1	4.778042E1	2.004865E-1
4.980000E1	4.772628E1	1.741746E-1
4.983333E1	4.760392E1	1.536351E-2
4.986667E1	4.759887E1	-6.095177E-2
4.990000E1	4.761210E1	-7.668021E-2
4.993333E1	4.767067E1	-7.395961E-2
4.996667E1	4.771332E1	-6.197838E-2
5.000000E1	4.782639E1	4.640434E-2
5.003333E1	4.790715E1	8.083817E-2
5.006667E1	4.794562E1	5.863158E-2
5.010000E1	4.807398E1	1.293090E-2
5.013333E1	4.810073E1	-3.437033E-3
5.016667E1	4.812834E1	-4.850937E-2
5.020000E1	4.813637E1	-6.235925E-2
5.023333E1	4.812810E1	-4.724329E-2
5.026667E1	4.810945E1	-3.025313E-3
5.030000E1	4.811220E1	2.011106E-2
5.033333E1	4.806923E1	1.409482E-1
5.036667E1	4.802264E1	1.937475E-1
5.040000E1	4.797520E1	2.233095E-1
5.043333E1	4.783162E1	2.038862E-1
5.046667E1	4.776678E1	1.654234E-1
5.050000E1	4.761235E1	1.210388E-2
5.053333E1	4.758944E1	-6.928097E-2
5.056667E1	4.760070E1	-8.481793E-2
5.060000E1	4.763330E1	-7.211340E-2
5.063333E1	4.766576E1	-6.094629E-2
5.066667E1	4.775404E1	3.997701E-2
5.070000E1	4.783034E1	7.697886E-2
5.073333E1	4.787963E1	5.291030E-2
5.076667E1	4.797825E1	3.332129E-2
5.080000E1	4.798754E1	3.829446E-3
5.083333E1	4.797366E1	-2.989179E-2
5.086667E1	4.797728E1	-7.970752E-3
5.090000E1	4.796878E1	1.028341E-2
5.093333E1	4.794481E1	4.315907E-2
5.096667E1	4.794483E1	8.879587E-2
5.100000E1	4.788527E1	1.888217E-1
5.103333E1	4.783680E1	2.599560E-1
5.106667E1	4.776584E1	2.746568E-1
5.110000E1	4.761339E1	2.826521E-1
5.113333E1	4.753858E1	2.105447E-1
5.116667E1	4.737475E1	7.329184E-2
5.120000E1	4.734618E1	9.536396E-3
5.123333E1	4.733568E1	-5.660467E-3
5.126667E1	4.737120E1	-1.922974E-3
5.130000E1	4.740413E1	1.430379E-2
5.133333E1	4.747027E1	1.124500E-1
5.136667E1	4.753625E1	1.376013E-1
5.140000E1	4.757351E1	1.149379E-1
5.143333E1	4.768119E1	8.275914E-2
5.146667E1	4.769647E1	6.292483E-2
5.150000E1	4.771773E1	1.558290E-2
5.153333E1	4.774921E1	2.244138E-2
5.156667E1	4.775116E1	3.585510E-2
5.160000E1	4.775223E1	9.730022E-2
5.163333E1	4.775139E1	1.162046E-1
5.166667E1	4.776073E1	2.112027E-1
5.170000E1	4.776400E1	2.663994E-1
5.173333E1	4.775709E1	2.777256E-1
5.176667E1	4.774397E1	2.643686E-1
5.180000E1	4.774910E1	2.537652E-1
5.183333E1	4.772801E1	1.661882E-1
5.186667E1	4.770705E1	1.413850E-1
5.190000E1	4.767413E1	1.255070E-1
5.193333E1	4.768026E1	1.089778E-1
5.196667E1	4.767988E1	8.681670E-2
5.200000E1	4.769297E1	5.786288E-2
