	masse A		
t	x	y	
0.000000E0	-5.359072E-3	-3.552714E-15
3.333333E-2	5.086916E-4	3.180421E-3
6.666667E-2	4.251381E-3	2.866610E-3
1.000000E-1	1.659005E-3	1.733875E-3
1.333333E-1	-3.563478E-3	-1.379846E-3
1.666667E-1	-4.156248E-2	-5.594583E-3
2.000000E-1	-1.265373E-1	-9.113687E-3
2.333333E-1	-1.819022E-1	-6.855240E-3
2.666667E-1	-3.128587E-1	-5.107252E-3
3.000000E-1	-4.088223E-1	-7.914308E-3
3.333333E-1	-6.228836E-1	-2.810520E-2
3.666667E-1	-7.302080E-1	-6.107942E-2
4.000000E-1	-7.482910E-1	-9.639016E-2
4.333333E-1	-7.572527E-1	-1.232367E-1
4.666667E-1	-7.284342E-1	-1.370960E-1
5.000000E-1	-5.708992E-1	-1.297122E-1
5.333333E-1	-4.340067E-1	-1.278776E-1
5.666667E-1	-2.342447E-1	-1.134862E-1
6.000000E-1	-6.072631E-2	-1.183791E-1
6.333333E-1	7.165410E-3	-8.629919E-2
6.666667E-1	2.610503E-1	-8.724671E-3
7.000000E-1	4.105794E-1	2.028969E-2
7.333333E-1	5.812751E-1	3.350736E-2
7.666667E-1	7.089061E-1	3.871661E-2
8.000000E-1	7.326530E-1	3.966141E-2
8.333333E-1	8.500070E-1	4.531636E-2
8.666667E-1	8.864105E-1	6.572102E-2
9.000000E-1	8.820631E-1	6.720579E-2
9.333333E-1	8.960110E-1	1.165420E-1
9.666667E-1	8.982944E-1	1.571407E-1
1.000000E0	8.799391E-1	1.900201E-1
1.033333E0	7.344350E-1	1.100873E-1
1.066667E0	7.071339E-1	9.404014E-2
1.100000E0	5.818832E-1	-2.194496E-2
1.133333E0	4.380376E-1	-1.454456E-1
1.166667E0	3.542793E-1	-2.370715E-1
1.200000E0	3.488014E-1	-3.289158E-1
1.233333E0	3.876206E-1	-3.249925E-1
1.266667E0	4.765512E-1	-3.215946E-1
1.300000E0	5.938508E-1	-2.805228E-1
1.333333E0	7.501930E-1	-2.191478E-1
1.366667E0	1.020620E0	-2.224507E-1
1.400000E0	1.040149E0	-2.241746E-1
1.433333E0	1.500235E0	-2.983392E-1
1.466667E0	1.529328E0	-2.937528E-1
1.500000E0	1.619684E0	-2.854375E-1
1.533333E0	1.763007E0	-2.711787E-1
1.566667E0	1.789893E0	-2.765549E-1
1.600000E0	1.808721E0	-2.256811E-1
1.633333E0	1.802127E0	-1.896961E-1
1.666667E0	1.776919E0	-1.179636E-1
1.700000E0	1.806555E0	-1.754596E-2
1.733333E0	1.786308E0	-2.473738E-2
1.766667E0	1.720251E0	-3.510209E-2
1.800000E0	1.581527E0	-1.517823E-1
1.833333E0	1.494092E0	-2.329967E-1
1.866667E0	1.410058E0	-3.406065E-1
1.900000E0	1.434618E0	-3.420978E-1
1.933333E0	1.496843E0	-3.326247E-1
1.966667E0	1.537464E0	-3.177512E-1
2.000000E0	1.594786E0	-2.699041E-1
2.033333E0	1.726761E0	-1.526329E-1
2.066667E0	1.784488E0	-1.524555E-1
2.100000E0	1.870710E0	-1.493652E-1
2.133333E0	1.895140E0	-1.472516E-1
2.166667E0	1.922532E0	-1.476585E-1
2.200000E0	1.971725E0	-1.497588E-1
2.233333E0	1.954800E0	-1.425683E-1
2.266667E0	1.916628E0	-9.185325E-2
2.300000E0	1.879493E0	-3.640436E-2
2.333333E0	1.805443E0	-2.430962E-3
2.366667E0	1.551288E0	1.611407E-1
2.400000E0	1.497206E0	1.612626E-1
2.433333E0	1.361001E0	1.584686E-1
2.466667E0	1.137730E0	6.320596E-2
2.500000E0	9.840955E-1	1.238127E-2
2.533333E0	8.753443E-1	-7.553234E-2
2.566667E0	8.881620E-1	-7.014482E-2
2.600000E0	9.501657E-1	-4.202888E-2
2.633333E0	9.864245E-1	-1.115657E-2
2.666667E0	1.048163E0	6.374619E-2
2.700000E0	1.181441E0	1.371083E-1
2.733333E0	1.239418E0	1.358737E-1
2.766667E0	1.336294E0	1.487279E-1
2.800000E0	1.377494E0	1.333282E-1
2.833333E0	1.408977E0	1.539737E-1
2.866667E0	1.426887E0	1.693562E-1
2.900000E0	1.411905E0	1.713449E-1
2.933333E0	1.343837E0	2.139101E-1
2.966667E0	1.306626E0	2.423337E-1
3.000000E0	1.233025E0	2.803404E-1
3.033333E0	1.102547E0	3.244286E-1
3.066667E0	1.063269E0	3.180863E-1
3.100000E0	9.110370E-1	3.007178E-1
3.133333E0	7.013158E-1	1.966057E-1
3.166667E0	5.453337E-1	1.148634E-1
3.200000E0	4.238473E-1	1.525006E-2
3.233333E0	4.116305E-1	1.205101E-2
3.266667E0	4.725802E-1	2.624685E-2
3.300000E0	5.217303E-1	3.294590E-2
3.333333E0	6.102588E-1	9.030441E-2
3.366667E0	7.603565E-1	1.461904E-1
3.400000E0	8.220520E-1	1.399418E-1
3.433333E0	9.402579E-1	1.398112E-1
3.466667E0	9.919761E-1	1.176647E-1
3.500000E0	1.017399E0	1.046422E-1
3.533333E0	1.098231E0	1.063542E-1
3.566667E0	1.107284E0	1.114482E-1
3.600000E0	1.072950E0	1.883778E-1
3.633333E0	1.039289E0	1.956008E-1
3.666667E0	9.751313E-1	2.328203E-1
3.700000E0	8.436458E-1	3.050554E-1
3.733333E0	8.045960E-1	2.970969E-1
3.766667E0	7.023893E-1	2.928254E-1
3.800000E0	5.090870E-1	1.737300E-1
3.833333E0	3.958440E-1	9.690709E-2
3.866667E0	3.355824E-1	-2.301604E-2
3.900000E0	3.356207E-1	-5.512803E-2
3.933333E0	4.034723E-1	-4.206997E-2
3.966667E0	4.462422E-1	-4.276216E-2
4.000000E0	5.469801E-1	1.371739E-2
4.033333E0	7.086573E-1	7.407717E-2
4.066667E0	7.625468E-1	6.787852E-2
4.100000E0	8.879535E-1	6.714909E-2
4.133333E0	9.740529E-1	4.058771E-2
4.166667E0	1.014417E0	2.199594E-2
4.200000E0	1.109948E0	3.367038E-2
4.233333E0	1.120404E0	4.289783E-2
4.266667E0	1.107821E0	9.310648E-2
4.300000E0	1.088587E0	1.265055E-1
4.333333E0	1.054214E0	1.841729E-1
4.366667E0	9.618803E-1	2.357750E-1
4.400000E0	9.439815E-1	2.278430E-1
4.433333E0	8.323415E-1	2.225956E-1
4.466667E0	6.786735E-1	1.025040E-1
4.500000E0	5.471234E-1	1.356040E-2
4.533333E0	5.041093E-1	-1.094886E-1
4.566667E0	4.883628E-1	-1.292782E-1
4.600000E0	5.905776E-1	-1.260820E-1
4.633333E0	6.377450E-1	-1.147809E-1
4.666667E0	7.384970E-1	-7.343800E-2
4.700000E0	9.246657E-1	7.725244E-3
4.733333E0	1.001412E0	2.303698E-3
4.766667E0	1.126284E0	3.440453E-3
4.800000E0	1.187803E0	-1.172721E-2
4.833333E0	1.245003E0	-7.601667E-3
4.866667E0	1.346812E0	1.342394E-2
4.900000E0	1.355370E0	2.164671E-2
4.933333E0	1.344853E0	6.145112E-2
4.966667E0	1.336505E0	1.006027E-1
5.000000E0	1.293901E0	1.498847E-1
5.033333E0	1.211526E0	1.869714E-1
5.066667E0	1.155284E0	1.620724E-1
5.100000E0	1.079538E0	1.572715E-1
5.133333E0	9.252299E-1	4.752764E-2
5.166667E0	8.038456E-1	-5.627518E-2
5.200000E0	7.586142E-1	-1.580377E-1
5.233333E0	7.730656E-1	-1.556471E-1
5.266667E0	8.928252E-1	-1.329950E-1
5.300000E0	9.372242E-1	-1.234106E-1
5.333333E0	1.044560E0	-7.532760E-2
5.366667E0	1.241464E0	-1.135829E-2
5.400000E0	1.309460E0	-4.730474E-3
5.433333E0	1.471841E0	7.668831E-3
5.466667E0	1.537773E0	-1.374702E-2
5.500000E0	1.609300E0	1.669119E-3
5.533333E0	1.706375E0	2.546394E-2
5.566667E0	1.720434E0	3.123865E-2
5.600000E0	1.719615E0	7.858601E-2
5.633333E0	1.714142E0	1.154735E-1
5.666667E0	1.675427E0	1.443583E-1
5.700000E0	1.628465E0	1.883850E-1
5.733333E0	1.580011E0	1.738088E-1
5.766667E0	1.493788E0	1.608141E-1
5.800000E0	1.327419E0	6.203004E-2
5.833333E0	1.218042E0	-3.428758E-3
5.866667E0	1.173644E0	-1.173377E-1
5.900000E0	1.196853E0	-1.304318E-1
5.933333E0	1.309885E0	-1.081121E-1
5.966667E0	1.370131E0	-1.006994E-1
6.000000E0	1.468803E0	-5.591402E-2
6.033333E0	1.651087E0	7.495764E-3
6.066667E0	1.717225E0	3.182748E-3
6.100000E0	1.847434E0	1.163425E-2
6.133333E0	1.926572E0	1.430109E-2
6.166667E0	1.981296E0	1.972214E-2
6.200000E0	2.092430E0	4.161055E-2
6.233333E0	2.095500E0	4.357282E-2
6.266667E0	2.116682E0	1.032507E-1
6.300000E0	2.112871E0	1.338375E-1
6.333333E0	2.093067E0	1.776018E-1
6.366667E0	2.010398E0	2.368626E-1
6.400000E0	1.976321E0	2.170546E-1
6.433333E0	1.892238E0	2.226295E-1
6.466667E0	1.713424E0	1.433184E-1
6.500000E0	1.583846E0	7.233218E-2
6.533333E0	1.554168E0	-3.220492E-2
6.566667E0	1.564831E0	-4.434915E-2
6.600000E0	1.694707E0	-1.637663E-2
6.633333E0	1.723994E0	1.273164E-2
6.666667E0	1.839682E0	5.722300E-2
6.700000E0	2.022636E0	9.440779E-2
6.733333E0	2.106366E0	8.656498E-2
6.766667E0	2.264177E0	8.440347E-2
6.800000E0	2.334541E0	7.610682E-2
6.833333E0	2.408847E0	8.105039E-2
6.866667E0	2.526066E0	9.262605E-2
6.900000E0	2.549454E0	1.048907E-1
6.933333E0	2.560930E0	1.625796E-1
6.966667E0	2.556602E0	1.972377E-1
7.000000E0	2.515562E0	2.816945E-1
7.033333E0	2.432053E0	3.417552E-1
7.066667E0	2.411887E0	3.398187E-1
7.100000E0	2.325953E0	3.188736E-1
7.133333E0	2.151979E0	2.458874E-1
7.166667E0	2.023185E0	1.545503E-1
7.200000E0	1.997564E0	5.941944E-2
7.233333E0	1.996462E0	6.491598E-2
7.266667E0	2.137835E0	9.584111E-2
7.300000E0	2.193347E0	1.012585E-1
7.333333E0	2.263223E0	1.203982E-1
7.366667E0	2.500380E0	1.696971E-1
7.400000E0	2.569498E0	1.422622E-1
7.433333E0	2.741635E0	1.540303E-1
7.466667E0	2.794295E0	1.505805E-1
7.500000E0	2.861248E0	1.489510E-1
7.533333E0	2.949146E0	1.726245E-1
7.566667E0	2.956490E0	1.787737E-1
7.600000E0	2.949811E0	2.473762E-1
7.633333E0	2.927035E0	2.761418E-1
7.666667E0	2.914657E0	3.326848E-1
7.700000E0	2.833656E0	3.729180E-1
7.733333E0	2.804880E0	3.607616E-1
7.766667E0	2.716256E0	3.606375E-1
7.800000E0	2.556487E0	2.479405E-1
7.833333E0	2.478964E0	1.558610E-1
7.866667E0	2.492682E0	7.917663E-2
7.900000E0	2.531948E0	7.545742E-2
7.933333E0	2.693703E0	1.241541E-1
7.966667E0	2.737790E0	1.447691E-1
8.000000E0	2.862460E0	1.964506E-1
8.033333E0	3.057927E0	1.753010E-1
8.066667E0	3.129795E0	1.563503E-1
8.100000E0	3.264086E0	1.534986E-1
8.133333E0	3.310369E0	1.520443E-1
8.166667E0	3.382296E0	1.398254E-1
8.200000E0	3.450059E0	1.585714E-1
8.233333E0	3.459892E0	1.680128E-1
8.266667E0	3.453894E0	2.344002E-1
8.300000E0	3.434503E0	2.739323E-1
8.333333E0	3.423369E0	3.221038E-1
8.366667E0	3.348380E0	3.665432E-1
8.400000E0	3.313998E0	3.575556E-1
8.433333E0	3.264585E0	3.223702E-1
8.466667E0	3.077437E0	2.192744E-1
8.500000E0	2.993936E0	1.394818E-1
8.533333E0	3.016781E0	4.925434E-2
8.566667E0	3.051928E0	2.660783E-2
8.600000E0	3.175836E0	4.450977E-2
8.633333E0	3.268632E0	7.343208E-2
8.666667E0	3.402072E0	1.352594E-1
8.700000E0	3.602245E0	1.489097E-1
8.733333E0	3.686561E0	1.344123E-1
8.766667E0	3.828316E0	1.437064E-1
8.800000E0	3.872962E0	1.233723E-1
8.833333E0	3.959722E0	7.674099E-2
8.866667E0	4.026068E0	9.644104E-2
8.900000E0	4.032510E0	1.044282E-1
8.933333E0	4.026057E0	1.611751E-1
8.966667E0	4.019349E0	1.950743E-1
9.000000E0	3.990472E0	2.291269E-1
9.033333E0	3.955246E0	2.819938E-1
9.066667E0	3.902111E0	2.788220E-1
9.100000E0	3.808363E0	2.862525E-1
9.133333E0	3.647132E0	1.557446E-1
9.166667E0	3.575573E0	5.417209E-2
9.200000E0	3.597898E0	-2.128887E-2
9.233333E0	3.633207E0	-4.600768E-2
9.266667E0	3.741608E0	-4.371365E-2
9.300000E0	3.784731E0	-1.376349E-2
9.333333E0	3.978750E0	6.155032E-2
9.366667E0	4.130175E0	8.328919E-2
9.400000E0	4.176585E0	7.943393E-2
9.433333E0	4.374400E0	6.754988E-2
9.466667E0	4.434921E0	4.697775E-2
9.500000E0	4.562695E0	1.667480E-2
9.533333E0	4.630823E0	1.178120E-2
9.566667E0	4.668954E0	2.971121E-2
9.600000E0	4.692556E0	6.482867E-2
9.633333E0	4.706969E0	9.111347E-2
9.666667E0	4.664367E0	1.729201E-1
9.700000E0	4.640017E0	1.885769E-1
9.733333E0	4.600809E0	1.690700E-1
9.766667E0	4.484452E0	1.526016E-1
9.800000E0	4.394434E0	8.612188E-2
9.833333E0	4.257291E0	-5.650996E-2
9.866667E0	4.245566E0	-1.226695E-1
9.900000E0	4.298265E0	-1.412347E-1
9.933333E0	4.410297E0	-1.236605E-1
9.966667E0	4.464896E0	-1.107251E-1
1.000000E1	4.664639E0	-3.447326E-2
1.003333E1	4.800401E0	-2.220207E-2
1.006667E1	4.890606E0	-4.839432E-2
1.010000E1	5.051543E0	-4.897394E-2
1.013333E1	5.091070E0	-5.425555E-2
1.016667E1	5.220133E0	-5.466093E-2
1.020000E1	5.296639E0	-4.210077E-2
1.023333E1	5.321868E0	-3.142566E-2
1.026667E1	5.354661E0	1.918861E-2
1.030000E1	5.368807E0	3.919996E-2
1.033333E1	5.331640E0	1.150330E-1
1.036667E1	5.288243E0	1.329194E-1
1.040000E1	5.272196E0	1.422426E-1
1.043333E1	5.171822E0	1.379750E-1
1.046667E1	5.061001E0	4.900524E-2
1.050000E1	4.967813E0	-1.058512E-1
1.053333E1	4.948163E0	-1.603451E-1
1.056667E1	5.019131E0	-1.653466E-1
1.060000E1	5.137053E0	-1.700331E-1
1.063333E1	5.171901E0	-1.516687E-1
1.066667E1	5.363275E0	-6.920482E-2
1.070000E1	5.484791E0	-3.683939E-2
1.073333E1	5.582481E0	-4.740204E-2
1.076667E1	5.727968E0	-4.924808E-2
1.080000E1	5.757898E0	-4.729410E-2
1.083333E1	5.884331E0	-5.593344E-2
1.086667E1	5.958259E0	-4.132448E-2
1.090000E1	5.984231E0	-2.732881E-2
1.093333E1	6.012426E0	3.877503E-2
1.096667E1	6.012267E0	5.398450E-2
1.100000E1	5.989769E0	1.656240E-1
1.103333E1	5.950738E0	1.786766E-1
1.106667E1	5.916109E0	1.569561E-1
1.110000E1	5.785009E0	1.451258E-1
1.113333E1	5.700332E0	8.381195E-2
1.116667E1	5.582674E0	-5.445104E-2
1.120000E1	5.597625E0	-1.175159E-1
1.123333E1	5.651957E0	-1.241361E-1
1.126667E1	5.770651E0	-1.124430E-1
1.130000E1	5.836694E0	-9.290739E-2
1.133333E1	6.009830E0	-1.508130E-2
1.136667E1	6.161186E0	5.806073E-3
1.140000E1	6.194941E0	-2.408809E-3
1.143333E1	6.421025E0	1.009124E-2
1.146667E1	6.462919E0	1.092482E-2
1.150000E1	6.598457E0	-2.665269E-3
1.153333E1	6.675432E0	1.349320E-2
1.156667E1	6.716586E0	3.169649E-2
1.160000E1	6.757317E0	7.326766E-2
1.163333E1	6.761628E0	1.019689E-1
1.166667E1	6.741460E0	1.833218E-1
1.170000E1	6.712429E0	2.024525E-1
1.173333E1	6.697861E0	2.076960E-1
1.176667E1	6.602295E0	2.029357E-1
1.180000E1	6.490505E0	1.501329E-1
1.183333E1	6.367776E0	1.049285E-2
1.186667E1	6.393544E0	-5.157443E-2
1.190000E1	6.439331E0	-6.824786E-2
1.193333E1	6.580312E0	-4.915883E-2
1.196667E1	6.630824E0	-3.345354E-2
1.200000E1	6.828139E0	2.972106E-2
1.203333E1	6.966184E0	3.261610E-2
1.206667E1	7.010362E0	8.630600E-3
1.210000E1	7.217280E0	1.664076E-2
1.213333E1	7.253288E0	1.795727E-2
1.216667E1	7.382767E0	8.102243E-4
1.220000E1	7.474669E0	1.680693E-2
1.223333E1	7.501826E0	2.930538E-2
1.226667E1	7.542803E0	8.559785E-2
1.230000E1	7.550356E0	1.111189E-1
1.233333E1	7.539704E0	1.949559E-1
1.236667E1	7.511192E0	2.139422E-1
1.240000E1	7.497028E0	2.153321E-1
1.243333E1	7.400507E0	2.014899E-1
1.246667E1	7.315465E0	1.419723E-1
1.250000E1	7.204420E0	2.591040E-2
1.253333E1	7.206695E0	-3.330336E-2
1.256667E1	7.262618E0	-5.289197E-2
1.260000E1	7.379847E0	-3.997673E-2
1.263333E1	7.438162E0	-3.694381E-2
1.266667E1	7.643256E0	4.748341E-2
1.270000E1	7.769197E0	4.481332E-2
1.273333E1	7.887878E0	2.811125E-2
1.276667E1	8.038942E0	1.359364E-2
1.280000E1	8.075276E0	1.618787E-2
1.283333E1	8.195974E0	-1.115235E-2
1.286667E1	8.273284E0	5.418158E-3
1.290000E1	8.309118E0	2.668242E-2
1.293333E1	8.346872E0	6.544026E-2
1.296667E1	8.348013E0	1.000966E-1
1.300000E1	8.332513E0	1.965424E-1
1.303333E1	8.306893E0	2.190957E-1
1.306667E1	8.301169E0	2.187108E-1
1.310000E1	8.212621E0	2.112603E-1
1.313333E1	8.118825E0	1.538563E-1
1.316667E1	8.009809E0	3.703364E-2
1.320000E1	8.003202E0	-2.872703E-2
1.323333E1	8.045979E0	-5.601190E-2
1.326667E1	8.170582E0	-4.022710E-2
1.330000E1	8.219010E0	-2.292638E-2
1.333333E1	8.405257E0	3.552137E-2
1.336667E1	8.543063E0	4.286990E-2
1.340000E1	8.671954E0	3.602387E-2
1.343333E1	8.805947E0	1.619126E-2
1.346667E1	8.850075E0	1.943249E-2
1.350000E1	8.968300E0	-1.342426E-2
1.353333E1	9.049991E0	2.553414E-3
1.356667E1	9.080135E0	2.532250E-2
1.360000E1	9.100628E0	5.449632E-2
1.363333E1	9.115786E0	9.546490E-2
1.366667E1	9.075439E0	2.040903E-1
1.370000E1	9.053320E0	2.470171E-1
1.373333E1	9.029832E0	2.267847E-1
1.376667E1	8.933083E0	2.151556E-1
1.380000E1	8.899844E0	1.981808E-1
1.383333E1	8.731492E0	4.153588E-2
1.386667E1	8.723433E0	-3.154218E-2
1.390000E1	8.765449E0	-5.483773E-2
1.393333E1	8.886193E0	-4.676475E-2
1.396667E1	8.939197E0	-2.990821E-2
1.400000E1	9.122574E0	2.713975E-2
1.403333E1	9.261295E0	2.769122E-2
1.406667E1	9.383550E0	3.818888E-3
1.410000E1	9.526159E0	3.331972E-3
1.413333E1	9.555062E0	5.330466E-3
1.416667E1	9.694911E0	-2.954193E-2
1.420000E1	9.773285E0	-3.470507E-2
1.423333E1	9.798174E0	-1.191056E-2
1.426667E1	9.829405E0	3.759442E-2
1.430000E1	9.844167E0	4.854910E-2
1.433333E1	9.804693E0	1.616480E-1
1.436667E1	9.782112E0	1.900175E-1
1.440000E1	9.763458E0	1.674504E-1
1.443333E1	9.662000E0	1.449968E-1
1.446667E1	9.586497E0	9.920967E-2
1.450000E1	9.465317E0	-5.227510E-2
1.453333E1	9.490707E0	-1.197633E-1
1.456667E1	9.519150E0	-1.171717E-1
1.460000E1	9.631993E0	-1.230529E-1
1.463333E1	9.685733E0	-1.198182E-1
1.466667E1	9.883722E0	-2.256650E-2
1.470000E1	9.987549E0	-1.708118E-2
1.473333E1	1.011707E1	-4.289535E-3
1.476667E1	1.024672E1	-8.129532E-3
1.480000E1	1.026854E1	-1.488953E-2
1.483333E1	1.042043E1	-5.453471E-2
1.486667E1	1.049271E1	-5.418328E-2
1.490000E1	1.051491E1	-3.309465E-2
1.493333E1	1.054359E1	5.323508E-3
1.496667E1	1.055805E1	2.873238E-2
1.500000E1	1.051878E1	1.436047E-1
1.503333E1	1.049369E1	1.717424E-1
1.506667E1	1.046446E1	1.601368E-1
1.510000E1	1.035854E1	1.477536E-1
1.513333E1	1.027799E1	7.984184E-2
1.516667E1	1.016541E1	-4.942625E-2
1.520000E1	1.015905E1	-1.243987E-1
1.523333E1	1.020266E1	-1.464317E-1
1.526667E1	1.032324E1	-1.322005E-1
1.530000E1	1.037504E1	-1.210055E-1
1.533333E1	1.054642E1	-5.393243E-2
1.536667E1	1.069769E1	-3.261960E-2
1.540000E1	1.080116E1	-4.574807E-2
1.543333E1	1.090917E1	-5.842432E-2
1.546667E1	1.093449E1	-5.802376E-2
1.550000E1	1.111496E1	-9.678710E-2
1.553333E1	1.117317E1	-1.058119E-1
1.556667E1	1.118836E1	-9.266835E-2
1.560000E1	1.122520E1	-4.954608E-2
1.563333E1	1.121691E1	-1.859049E-2
1.566667E1	1.118136E1	1.010189E-1
1.570000E1	1.113922E1	1.239563E-1
1.573333E1	1.111842E1	1.012652E-1
1.576667E1	1.103491E1	8.239680E-2
1.580000E1	1.093529E1	1.436446E-2
1.583333E1	1.080941E1	-1.186763E-1
1.586667E1	1.080469E1	-1.854246E-1
1.590000E1	1.082974E1	-2.134248E-1
1.593333E1	1.095574E1	-1.928091E-1
1.596667E1	1.100587E1	-1.827910E-1
1.600000E1	1.118448E1	-1.016957E-1
1.603333E1	1.129865E1	-1.037948E-1
1.606667E1	1.140920E1	-1.017357E-1
1.610000E1	1.153165E1	-1.101535E-1
1.613333E1	1.155753E1	-1.159807E-1
1.616667E1	1.167766E1	-1.245302E-1
1.620000E1	1.173330E1	-1.146436E-1
1.623333E1	1.175379E1	-9.733067E-2
1.626667E1	1.177313E1	-4.537274E-2
1.630000E1	1.177085E1	-1.918558E-2
1.633333E1	1.173845E1	9.018863E-2
1.636667E1	1.167649E1	1.376786E-1
1.640000E1	1.165489E1	1.355038E-1
1.643333E1	1.155679E1	1.349339E-1
1.646667E1	1.146542E1	4.454220E-2
1.650000E1	1.132679E1	-1.048351E-1
1.653333E1	1.131621E1	-1.666098E-1
1.656667E1	1.135434E1	-2.022540E-1
1.660000E1	1.146868E1	-1.908792E-1
1.663333E1	1.151424E1	-1.739876E-1
1.666667E1	1.168126E1	-9.639487E-2
1.670000E1	1.179469E1	-1.025335E-1
1.673333E1	1.191526E1	-1.128075E-1
1.676667E1	1.202739E1	-1.180519E-1
1.680000E1	1.206336E1	-1.248722E-1
1.683333E1	1.217577E1	-1.374648E-1
1.686667E1	1.223105E1	-1.214972E-1
1.690000E1	1.224189E1	-1.024397E-1
1.693333E1	1.225655E1	-3.409625E-2
1.696667E1	1.224208E1	-9.449910E-3
1.700000E1	1.219232E1	1.019714E-1
1.703333E1	1.212579E1	1.490066E-1
1.706667E1	1.209931E1	1.414105E-1
1.710000E1	1.198010E1	1.342251E-1
1.713333E1	1.191239E1	3.701172E-2
1.716667E1	1.180044E1	-1.104351E-1
1.720000E1	1.180056E1	-1.728373E-1
1.723333E1	1.182605E1	-1.903712E-1
1.726667E1	1.194150E1	-1.906608E-1
1.730000E1	1.195613E1	-1.593696E-1
1.733333E1	1.211294E1	-6.915734E-2
1.736667E1	1.223164E1	-5.854665E-2
1.740000E1	1.235184E1	-6.326661E-2
1.743333E1	1.247161E1	-6.856705E-2
1.746667E1	1.250515E1	-8.529309E-2
1.750000E1	1.263322E1	-1.223055E-1
1.753333E1	1.269276E1	-1.081040E-1
1.756667E1	1.269413E1	-8.691619E-2
1.760000E1	1.271914E1	-4.024547E-2
1.763333E1	1.271541E1	-1.380886E-2
1.766667E1	1.268690E1	7.214818E-2
1.770000E1	1.261232E1	1.492141E-1
1.773333E1	1.258246E1	1.486728E-1
1.776667E1	1.253856E1	1.545403E-1
1.780000E1	1.238596E1	4.042612E-2
1.783333E1	1.226717E1	-4.674143E-2
1.786667E1	1.222722E1	-1.622241E-1
1.790000E1	1.224322E1	-1.634478E-1
1.793333E1	1.238695E1	-1.378959E-1
1.796667E1	1.240635E1	-1.233608E-1
1.800000E1	1.252055E1	-8.051163E-2
1.803333E1	1.269122E1	-3.057831E-2
1.806667E1	1.276862E1	-5.178584E-2
1.810000E1	1.289281E1	-5.804599E-2
1.813333E1	1.295762E1	-7.057668E-2
1.816667E1	1.303054E1	-8.751254E-2
1.820000E1	1.312586E1	-6.643971E-2
1.823333E1	1.313711E1	-5.697763E-2
1.826667E1	1.317613E1	-1.144710E-2
1.830000E1	1.318082E1	3.088728E-2
1.833333E1	1.315336E1	8.313443E-2
1.836667E1	1.309602E1	1.580674E-1
1.840000E1	1.307257E1	1.558917E-1
1.843333E1	1.302731E1	1.550404E-1
1.846667E1	1.288924E1	4.784211E-2
1.850000E1	1.278106E1	-6.505001E-2
1.853333E1	1.275968E1	-1.502976E-1
1.856667E1	1.276158E1	-1.495921E-1
1.860000E1	1.290942E1	-1.199512E-1
1.863333E1	1.293580E1	-1.249986E-1
1.866667E1	1.304541E1	-6.889830E-2
1.870000E1	1.322717E1	-4.271079E-2
1.873333E1	1.328848E1	-5.674722E-2
1.876667E1	1.344796E1	-5.489422E-2
1.880000E1	1.351040E1	-7.311720E-2
1.883333E1	1.359312E1	-8.864298E-2
1.886667E1	1.369502E1	-7.086061E-2
1.890000E1	1.370743E1	-5.476092E-2
1.893333E1	1.373442E1	-2.208319E-2
1.896667E1	1.373723E1	1.471794E-2
1.900000E1	1.371660E1	8.278103E-2
1.903333E1	1.367173E1	1.661788E-1
1.906667E1	1.365028E1	1.573655E-1
1.910000E1	1.361004E1	1.567262E-1
1.913333E1	1.346516E1	6.461907E-2
1.916667E1	1.335341E1	-1.591618E-2
1.920000E1	1.334714E1	-1.127464E-1
1.923333E1	1.335106E1	-1.261787E-1
1.926667E1	1.348632E1	-1.070698E-1
1.930000E1	1.352289E1	-1.149275E-1
1.933333E1	1.363448E1	-5.015618E-2
1.936667E1	1.379707E1	-1.848871E-2
1.940000E1	1.386941E1	-9.752478E-3
1.943333E1	1.403786E1	5.551277E-4
1.946667E1	1.410803E1	-2.770319E-2
1.950000E1	1.418030E1	-7.036091E-2
1.953333E1	1.428047E1	-6.100364E-2
1.956667E1	1.428288E1	-4.447904E-2
1.960000E1	1.430585E1	-5.781251E-3
1.963333E1	1.432535E1	3.340965E-2
1.966667E1	1.430265E1	9.437255E-2
1.970000E1	1.425758E1	1.794866E-1
1.973333E1	1.423974E1	1.631272E-1
1.976667E1	1.420575E1	1.624192E-1
1.980000E1	1.404254E1	7.864133E-2
1.983333E1	1.394515E1	-5.446957E-3
1.986667E1	1.393563E1	-1.223650E-1
1.990000E1	1.396671E1	-1.306261E-1
1.993333E1	1.410204E1	-1.073569E-1
1.996667E1	1.414583E1	-9.895897E-2
2.000000E1	1.424918E1	-5.408519E-2
2.003333E1	1.441654E1	-1.741643E-3
2.006667E1	1.450994E1	-1.490039E-2
2.010000E1	1.467187E1	-5.081754E-3
2.013333E1	1.470749E1	-1.029920E-2
2.016667E1	1.479421E1	-3.330244E-2
2.020000E1	1.488865E1	-5.526059E-2
2.023333E1	1.491110E1	-3.975600E-2
2.026667E1	1.493809E1	1.293000E-2
2.030000E1	1.493576E1	4.465718E-2
2.033333E1	1.490998E1	1.028330E-1
2.036667E1	1.486562E1	1.812573E-1
2.040000E1	1.483954E1	1.659694E-1
2.043333E1	1.480412E1	1.529027E-1
2.046667E1	1.467747E1	7.592368E-2
2.050000E1	1.457703E1	5.485969E-4
2.053333E1	1.455408E1	-1.145350E-1
2.056667E1	1.456748E1	-1.289367E-1
2.060000E1	1.471829E1	-1.112568E-1
2.063333E1	1.476744E1	-1.094096E-1
2.066667E1	1.486532E1	-5.272740E-2
2.070000E1	1.504231E1	-1.363578E-2
2.073333E1	1.512954E1	-1.370060E-2
2.076667E1	1.527746E1	1.071940E-3
2.080000E1	1.537967E1	-3.702209E-2
2.083333E1	1.547186E1	-7.964187E-2
2.086667E1	1.558450E1	-7.120167E-2
2.090000E1	1.559446E1	-5.681987E-2
2.093333E1	1.564120E1	-1.927010E-2
2.096667E1	1.564624E1	2.675523E-2
2.100000E1	1.562354E1	9.150031E-2
2.103333E1	1.557954E1	1.713762E-1
2.106667E1	1.555781E1	1.645302E-1
2.110000E1	1.552284E1	1.507233E-1
2.113333E1	1.539097E1	6.022157E-2
2.116667E1	1.529076E1	1.050130E-4
2.120000E1	1.526665E1	-1.254367E-1
2.123333E1	1.528543E1	-1.326474E-1
2.126667E1	1.543987E1	-1.082557E-1
2.130000E1	1.547365E1	-1.192629E-1
2.133333E1	1.557873E1	-6.003042E-2
2.136667E1	1.576276E1	-8.699021E-3
2.140000E1	1.584063E1	-4.847110E-3
2.143333E1	1.599346E1	1.783010E-3
2.146667E1	1.607828E1	-2.724839E-2
2.150000E1	1.614600E1	-7.337306E-2
2.153333E1	1.625601E1	-7.433973E-2
2.156667E1	1.628039E1	-5.101243E-2
2.160000E1	1.630885E1	-6.186906E-3
2.163333E1	1.630693E1	3.367764E-2
2.166667E1	1.627942E1	9.570182E-2
2.170000E1	1.623119E1	1.716312E-1
2.173333E1	1.620586E1	1.616948E-1
2.176667E1	1.616112E1	1.578259E-1
2.180000E1	1.601219E1	8.333236E-2
2.183333E1	1.591574E1	-6.885946E-4
2.186667E1	1.589626E1	-1.183128E-1
2.190000E1	1.592691E1	-1.318851E-1
2.193333E1	1.605804E1	-1.179501E-1
2.196667E1	1.610434E1	-1.187563E-1
2.200000E1	1.629415E1	-3.531850E-2
2.203333E1	1.642198E1	-2.638524E-2
2.206667E1	1.654429E1	-4.824086E-2
2.210000E1	1.669703E1	-5.971704E-2
2.213333E1	1.675318E1	-7.270145E-2
2.216667E1	1.684782E1	-9.124995E-2
2.220000E1	1.695126E1	-4.487926E-2
2.223333E1	1.695502E1	-3.578966E-2
2.226667E1	1.696262E1	-1.576176E-2
2.230000E1	1.698103E1	9.386129E-3
2.233333E1	1.694290E1	1.490829E-1
2.236667E1	1.687819E1	1.884965E-1
2.240000E1	1.684903E1	1.608347E-1
2.243333E1	1.679671E1	1.514375E-1
2.246667E1	1.664821E1	3.323428E-2
2.250000E1	1.657854E1	-5.222352E-2
2.253333E1	1.658664E1	-1.358029E-1
2.256667E1	1.662957E1	-1.386033E-1
2.260000E1	1.683018E1	-8.013144E-2
2.263333E1	1.685426E1	-7.178465E-2
2.266667E1	1.697000E1	-1.696112E-2
2.270000E1	1.716991E1	9.384650E-5
2.273333E1	1.725545E1	-1.236086E-2
2.276667E1	1.740221E1	-1.930000E-3
2.280000E1	1.746214E1	-2.248250E-2
2.283333E1	1.754483E1	-7.393502E-2
2.286667E1	1.765419E1	-3.855148E-2
2.290000E1	1.766914E1	-3.329134E-2
2.293333E1	1.768344E1	3.853841E-2
2.296667E1	1.766951E1	6.228131E-2
2.300000E1	1.764971E1	1.460783E-1
2.303333E1	1.759904E1	2.137794E-1
2.306667E1	1.758165E1	1.944902E-1
2.310000E1	1.753417E1	1.592020E-1
2.313333E1	1.738374E1	5.417285E-2
2.316667E1	1.730784E1	-6.898173E-3
2.320000E1	1.734498E1	-1.078401E-1
2.323333E1	1.738774E1	-1.131327E-1
2.326667E1	1.758121E1	-5.385597E-2
2.330000E1	1.759746E1	-5.280360E-2
2.333333E1	1.771742E1	7.148445E-3
2.336667E1	1.792556E1	1.661223E-2
2.340000E1	1.800014E1	7.045265E-3
2.343333E1	1.813650E1	3.240324E-3
2.346667E1	1.823678E1	-2.195724E-2
2.350000E1	1.831094E1	-6.447644E-2
2.353333E1	1.841932E1	-4.822187E-2
2.356667E1	1.844191E1	-2.918541E-2
2.360000E1	1.845520E1	2.442668E-2
2.363333E1	1.844830E1	6.027210E-2
2.366667E1	1.843321E1	1.433311E-1
2.370000E1	1.838122E1	2.088295E-1
2.373333E1	1.835747E1	2.038398E-1
2.376667E1	1.830841E1	2.047305E-1
2.380000E1	1.816017E1	9.673219E-2
2.383333E1	1.809053E1	1.105446E-2
2.386667E1	1.809571E1	-7.414441E-2
2.390000E1	1.812455E1	-7.825465E-2
2.393333E1	1.830189E1	-2.849776E-2
2.396667E1	1.833190E1	-7.862443E-3
2.400000E1	1.845034E1	4.301596E-2
2.403333E1	1.864978E1	3.279165E-2
2.406667E1	1.873106E1	1.487001E-2
2.410000E1	1.885485E1	5.860505E-3
2.413333E1	1.891880E1	-5.945080E-3
2.416667E1	1.902251E1	-2.307951E-2
2.420000E1	1.910734E1	-2.205399E-3
2.423333E1	1.911861E1	1.780612E-2
2.426667E1	1.911531E1	7.430532E-2
2.430000E1	1.909966E1	1.288136E-1
2.433333E1	1.908421E1	1.996709E-1
2.436667E1	1.902350E1	2.783094E-1
2.440000E1	1.899840E1	2.700716E-1
2.443333E1	1.896149E1	2.537799E-1
2.446667E1	1.879307E1	1.459605E-1
2.450000E1	1.873753E1	5.272030E-2
2.453333E1	1.874062E1	-4.661721E-2
2.456667E1	1.876225E1	-4.731089E-2
2.460000E1	1.893748E1	1.035774E-2
2.463333E1	1.896418E1	1.463042E-2
2.466667E1	1.907240E1	5.406094E-2
2.470000E1	1.927659E1	6.400939E-2
2.473333E1	1.937624E1	4.243052E-2
2.476667E1	1.950663E1	1.350465E-2
2.480000E1	1.956840E1	4.577603E-3
2.483333E1	1.965265E1	-1.989614E-2
2.486667E1	1.973965E1	-1.038866E-2
2.490000E1	1.975600E1	1.318252E-2
2.493333E1	1.975146E1	6.208470E-2
2.496667E1	1.974642E1	1.247121E-1
2.500000E1	1.972773E1	1.846304E-1
2.503333E1	1.967426E1	2.495192E-1
2.506667E1	1.963457E1	2.289615E-1
2.510000E1	1.957836E1	2.278589E-1
2.513333E1	1.943794E1	9.943207E-2
2.516667E1	1.935786E1	8.478384E-3
2.520000E1	1.937060E1	-7.676671E-2
2.523333E1	1.939876E1	-6.598798E-2
2.526667E1	1.954431E1	-1.186515E-2
2.530000E1	1.957249E1	-4.993453E-3
2.533333E1	1.968814E1	5.570889E-2
2.536667E1	1.986451E1	6.600855E-2
2.540000E1	1.990795E1	7.749580E-2
2.543333E1	2.003309E1	5.306750E-2
2.546667E1	2.012728E1	2.472008E-2
2.550000E1	2.018800E1	-1.942421E-2
2.553333E1	2.025752E1	-1.277289E-2
2.556667E1	2.026354E1	1.297209E-2
2.560000E1	2.025672E1	6.316683E-2
2.563333E1	2.025037E1	1.066563E-1
2.566667E1	2.021976E1	1.664059E-1
2.570000E1	2.015561E1	2.244604E-1
2.573333E1	2.012618E1	2.204224E-1
2.576667E1	2.004817E1	2.107453E-1
2.580000E1	1.988875E1	1.004678E-1
2.583333E1	1.980919E1	1.165990E-2
2.586667E1	1.980211E1	-7.422979E-2
2.590000E1	1.983522E1	-6.816983E-2
2.593333E1	1.991121E1	-6.171713E-2
2.596667E1	1.996005E1	-4.028887E-2
2.600000E1	2.012469E1	3.881530E-2
2.603333E1	2.023698E1	3.182431E-2
2.606667E1	2.029141E1	7.135421E-3
2.610000E1	2.045998E1	3.124685E-3
2.613333E1	2.050527E1	-5.164859E-3
2.616667E1	2.064399E1	-5.214947E-2
2.620000E1	2.071468E1	-4.821967E-2
2.623333E1	2.072479E1	-2.755803E-2
2.626667E1	2.075466E1	1.793621E-2
2.630000E1	2.075242E1	3.891822E-2
2.633333E1	2.069907E1	1.469021E-1
2.636667E1	2.065850E1	1.795982E-1
2.640000E1	2.063637E1	1.671374E-1
2.643333E1	2.049449E1	1.460121E-1
2.646667E1	2.042274E1	1.004162E-1
2.650000E1	2.028067E1	-3.372917E-2
2.653333E1	2.026560E1	-1.128093E-1
2.656667E1	2.030959E1	-1.295941E-1
2.660000E1	2.041313E1	-1.165488E-1
2.663333E1	2.046097E1	-1.074965E-1
2.666667E1	2.062186E1	-1.183781E-2
2.670000E1	2.075136E1	8.847635E-3
2.673333E1	2.089318E1	-4.032098E-3
2.676667E1	2.102328E1	-3.705071E-3
2.680000E1	2.105736E1	-8.529492E-3
2.683333E1	2.118199E1	-5.615658E-2
2.686667E1	2.125802E1	-5.125206E-2
2.690000E1	2.127578E1	-3.313260E-2
2.693333E1	2.130464E1	1.093710E-2
2.696667E1	2.131714E1	3.180205E-2
2.700000E1	2.128965E1	1.419895E-1
2.703333E1	2.124944E1	1.781279E-1
2.706667E1	2.120998E1	1.673674E-1
2.710000E1	2.109741E1	1.518908E-1
2.713333E1	2.103859E1	1.038546E-1
2.716667E1	2.090932E1	-2.969680E-2
2.720000E1	2.090722E1	-1.111271E-1
2.723333E1	2.094283E1	-1.305790E-1
2.726667E1	2.105990E1	-1.207989E-1
2.730000E1	2.110980E1	-1.099631E-1
2.733333E1	2.128158E1	-1.597554E-2
2.736667E1	2.140581E1	8.424081E-3
2.740000E1	2.149593E1	-4.963923E-3
2.743333E1	2.164843E1	-1.341334E-4
2.746667E1	2.169866E1	-1.503333E-2
2.750000E1	2.183416E1	-5.749528E-2
2.753333E1	2.190925E1	-5.757830E-2
2.756667E1	2.193225E1	-3.580256E-2
2.760000E1	2.197223E1	1.052860E-2
2.763333E1	2.197975E1	3.482059E-2
2.766667E1	2.194149E1	1.520529E-1
2.770000E1	2.190711E1	1.925906E-1
2.773333E1	2.188074E1	1.712173E-1
2.776667E1	2.177439E1	1.489540E-1
2.780000E1	2.170980E1	1.088145E-1
2.783333E1	2.156633E1	-2.151009E-2
2.786667E1	2.155923E1	-1.004625E-1
2.790000E1	2.159994E1	-1.247019E-1
2.793333E1	2.170256E1	-1.159426E-1
2.796667E1	2.176391E1	-1.055573E-1
2.800000E1	2.192864E1	-6.034756E-3
2.803333E1	2.205554E1	1.376731E-2
2.806667E1	2.218233E1	7.874636E-5
2.810000E1	2.232919E1	-2.972840E-3
2.813333E1	2.236022E1	-5.445272E-3
2.816667E1	2.249300E1	-5.608525E-2
2.820000E1	2.256519E1	-5.093753E-2
2.823333E1	2.258773E1	-3.704923E-2
2.826667E1	2.261514E1	1.391154E-2
2.830000E1	2.262208E1	3.671464E-2
2.833333E1	2.258502E1	1.522497E-1
2.836667E1	2.254884E1	1.918730E-1
2.840000E1	2.250928E1	1.774111E-1
2.843333E1	2.237346E1	1.476623E-1
2.846667E1	2.232014E1	1.272787E-1
2.850000E1	2.218728E1	8.479125E-3
2.853333E1	2.218055E1	-5.564367E-2
2.856667E1	2.220761E1	-6.272932E-2
2.860000E1	2.230251E1	-6.090931E-2
2.863333E1	2.234370E1	-4.046222E-2
2.866667E1	2.251319E1	3.304242E-2
2.870000E1	2.263241E1	3.859151E-2
2.873333E1	2.276878E1	1.311600E-2
2.876667E1	2.291150E1	7.208642E-3
2.880000E1	2.295024E1	5.697599E-3
2.883333E1	2.307087E1	-3.358661E-2
2.886667E1	2.314815E1	-3.307093E-2
2.890000E1	2.318365E1	-6.108733E-3
2.893333E1	2.321022E1	3.878521E-2
2.896667E1	2.320970E1	5.072482E-2
2.900000E1	2.318371E1	1.598175E-1
2.903333E1	2.315291E1	2.116811E-1
2.906667E1	2.311262E1	2.098442E-1
2.910000E1	2.303667E1	2.137472E-1
2.913333E1	2.293757E1	1.563539E-1
2.916667E1	2.279639E1	3.330270E-2
2.920000E1	2.278766E1	-2.930650E-2
2.923333E1	2.281692E1	-5.125025E-2
2.926667E1	2.293351E1	-4.353497E-2
2.930000E1	2.298886E1	-2.435286E-2
2.933333E1	2.318939E1	3.931053E-2
2.936667E1	2.333418E1	4.489819E-2
2.940000E1	2.336752E1	3.429222E-2
2.943333E1	2.359254E1	1.378477E-2
2.946667E1	2.364203E1	4.538767E-3
2.950000E1	2.378536E1	-2.424604E-2
2.953333E1	2.386490E1	-3.763156E-2
2.956667E1	2.390665E1	-1.650582E-3
2.960000E1	2.393974E1	3.977499E-2
2.963333E1	2.393802E1	5.597738E-2
2.966667E1	2.391791E1	1.851757E-1
2.970000E1	2.390160E1	2.263127E-1
2.973333E1	2.388268E1	2.359723E-1
2.976667E1	2.377525E1	2.175203E-1
2.980000E1	2.370506E1	1.737697E-1
2.983333E1	2.358758E1	4.302272E-2
2.986667E1	2.357051E1	-1.390064E-2
2.990000E1	2.362305E1	-2.230267E-2
2.993333E1	2.373066E1	-1.369100E-2
2.996667E1	2.376709E1	7.000281E-3
3.000000E1	2.395889E1	8.557192E-2
3.003333E1	2.408565E1	9.598619E-2
3.006667E1	2.415361E1	8.259525E-2
3.010000E1	2.435236E1	6.715418E-2
3.013333E1	2.443466E1	4.022707E-2
3.016667E1	2.457015E1	-1.898857E-2
3.020000E1	2.465800E1	-6.559600E-3
3.023333E1	2.469183E1	2.156278E-2
3.026667E1	2.474324E1	6.438058E-2
3.030000E1	2.474046E1	9.480627E-2
3.033333E1	2.471252E1	2.134933E-1
3.036667E1	2.470554E1	2.646418E-1
3.040000E1	2.468372E1	2.563980E-1
3.043333E1	2.457214E1	2.262409E-1
3.046667E1	2.450717E1	1.757159E-1
3.050000E1	2.437932E1	4.662261E-2
3.053333E1	2.437330E1	-2.726790E-2
3.056667E1	2.440899E1	-5.443667E-2
3.060000E1	2.452797E1	-4.865980E-2
3.063333E1	2.457844E1	-3.170130E-2
3.066667E1	2.478290E1	4.193740E-2
3.070000E1	2.490699E1	5.410917E-2
3.073333E1	2.496429E1	6.667751E-2
3.076667E1	2.516477E1	6.270634E-2
3.080000E1	2.524280E1	3.818696E-2
3.083333E1	2.537476E1	-1.660359E-2
3.086667E1	2.545723E1	-5.055121E-3
3.090000E1	2.549388E1	1.636384E-2
3.093333E1	2.554132E1	5.170849E-2
3.096667E1	2.553322E1	6.590746E-2
3.100000E1	2.551297E1	1.798576E-1
3.103333E1	2.549576E1	2.189750E-1
3.106667E1	2.548008E1	2.224091E-1
3.110000E1	2.538080E1	2.074500E-1
3.113333E1	2.529373E1	1.529326E-1
3.116667E1	2.517207E1	2.202390E-2
3.120000E1	2.516711E1	-4.461408E-2
3.123333E1	2.520199E1	-6.528118E-2
3.126667E1	2.532908E1	-6.341507E-2
3.130000E1	2.537550E1	-4.666738E-2
3.133333E1	2.557959E1	2.115202E-2
3.136667E1	2.572410E1	4.228638E-2
3.140000E1	2.575801E1	1.339903E-2
3.143333E1	2.598707E1	2.027876E-3
3.146667E1	2.607123E1	-2.228516E-3
3.150000E1	2.623709E1	-4.312913E-2
3.153333E1	2.631282E1	-5.310591E-2
3.156667E1	2.634393E1	-3.984880E-2
3.160000E1	2.638544E1	1.303826E-2
3.163333E1	2.639038E1	3.356654E-2
3.166667E1	2.636323E1	1.420333E-1
3.170000E1	2.635896E1	1.815852E-1
3.173333E1	2.633642E1	1.734228E-1
3.176667E1	2.623167E1	1.540631E-1
3.180000E1	2.614367E1	1.066757E-1
3.183333E1	2.603222E1	-3.174744E-2
3.186667E1	2.602486E1	-1.156422E-1
3.190000E1	2.607160E1	-1.405966E-1
3.193333E1	2.619062E1	-1.270072E-1
3.196667E1	2.623605E1	-1.175429E-1
3.200000E1	2.641120E1	-1.285843E-2
3.203333E1	2.654198E1	1.333710E-2
3.206667E1	2.665080E1	4.715610E-4
3.210000E1	2.682881E1	4.915896E-4
3.213333E1	2.687186E1	-1.160885E-2
3.216667E1	2.702430E1	-6.534284E-2
3.220000E1	2.710191E1	-6.806994E-2
3.223333E1	2.713118E1	-4.454678E-2
3.226667E1	2.716821E1	1.556115E-3
3.230000E1	2.717234E1	2.725342E-2
3.233333E1	2.713785E1	1.430062E-1
3.236667E1	2.710175E1	1.746890E-1
3.240000E1	2.706648E1	1.652340E-1
3.243333E1	2.695664E1	1.521393E-1
3.246667E1	2.687559E1	8.798297E-2
3.250000E1	2.673915E1	-3.530235E-2
3.253333E1	2.673797E1	-1.183296E-1
3.256667E1	2.677828E1	-1.257691E-1
3.260000E1	2.686617E1	-1.199780E-1
3.263333E1	2.692481E1	-1.186605E-1
3.266667E1	2.711104E1	-1.664704E-2
3.270000E1	2.724208E1	2.034051E-2
3.273333E1	2.738512E1	9.118045E-3
3.276667E1	2.752655E1	6.810924E-3
3.280000E1	2.756382E1	4.295791E-3
3.283333E1	2.769291E1	-3.001297E-2
3.286667E1	2.777039E1	-4.264760E-2
3.290000E1	2.779347E1	-2.385637E-2
3.293333E1	2.783238E1	2.223526E-2
3.296667E1	2.783324E1	3.902938E-2
3.300000E1	2.779425E1	1.473555E-1
3.303333E1	2.776714E1	1.881886E-1
3.306667E1	2.771408E1	1.679192E-1
3.310000E1	2.756976E1	1.441717E-1
3.313333E1	2.751383E1	1.192778E-1
3.316667E1	2.737789E1	-2.183041E-2
3.320000E1	2.738019E1	-1.014810E-1
3.323333E1	2.740512E1	-1.147198E-1
3.326667E1	2.748685E1	-1.145365E-1
3.330000E1	2.753485E1	-9.876514E-2
3.333333E1	2.769529E1	-8.494356E-3
3.336667E1	2.781922E1	1.270455E-2
3.340000E1	2.794856E1	5.261958E-3
3.343333E1	2.809807E1	6.135808E-4
3.346667E1	2.812780E1	-3.303184E-3
3.350000E1	2.825051E1	-3.273373E-2
3.353333E1	2.832166E1	-3.591609E-2
3.356667E1	2.834761E1	-1.283545E-2
3.360000E1	2.836613E1	5.139058E-2
3.363333E1	2.834291E1	6.745138E-2
3.366667E1	2.830414E1	1.766509E-1
3.370000E1	2.826142E1	2.281121E-1
3.373333E1	2.821582E1	2.205271E-1
3.376667E1	2.809861E1	2.141764E-1
3.380000E1	2.799892E1	1.612296E-1
3.383333E1	2.783345E1	2.963196E-2
3.386667E1	2.781538E1	-4.369457E-2
3.390000E1	2.783887E1	-5.770041E-2
3.393333E1	2.792670E1	-5.768304E-2
3.396667E1	2.796904E1	-4.123565E-2
3.400000E1	2.813012E1	3.475083E-2
3.403333E1	2.825159E1	3.847853E-2
3.406667E1	2.838136E1	1.802071E-2
3.410000E1	2.852727E1	9.465109E-3
3.413333E1	2.856202E1	6.915579E-3
3.416667E1	2.868244E1	-2.033892E-2
3.420000E1	2.874645E1	-3.149384E-2
3.423333E1	2.877119E1	-4.255515E-3
3.426667E1	2.878748E1	5.086739E-2
3.430000E1	2.877083E1	6.658298E-2
3.433333E1	2.874070E1	1.514796E-1
3.436667E1	2.868018E1	2.349487E-1
3.440000E1	2.865468E1	2.379878E-1
3.443333E1	2.855616E1	2.352977E-1
3.446667E1	2.840748E1	1.527960E-1
3.450000E1	2.827389E1	7.256929E-2
3.453333E1	2.821698E1	-2.830546E-2
3.456667E1	2.821430E1	-5.329819E-2
3.460000E1	2.827730E1	-5.945428E-2
3.463333E1	2.834979E1	-3.321786E-2
3.466667E1	2.845426E1	1.252488E-2
3.470000E1	2.863851E1	5.425834E-2
3.473333E1	2.869397E1	5.583545E-2
3.476667E1	2.884021E1	6.169101E-2
3.480000E1	2.895759E1	2.425130E-2
3.483333E1	2.903960E1	-1.537923E-3
3.486667E1	2.914063E1	-1.762690E-3
3.490000E1	2.915295E1	1.747858E-2
3.493333E1	2.915460E1	5.561752E-2
3.496667E1	2.915210E1	1.078729E-1
3.500000E1	2.912096E1	1.685878E-1
3.503333E1	2.907011E1	2.506449E-1
3.506667E1	2.902764E1	2.381400E-1
3.510000E1	2.897674E1	2.412044E-1
3.513333E1	2.882412E1	1.560622E-1
3.516667E1	2.870035E1	7.322728E-2
3.520000E1	2.863981E1	-3.552334E-2
3.523333E1	2.864270E1	-5.958804E-2
3.526667E1	2.871127E1	-5.879270E-2
3.530000E1	2.878297E1	-3.816703E-2
3.533333E1	2.889232E1	9.617279E-3
3.536667E1	2.908261E1	5.167953E-2
3.540000E1	2.914140E1	3.351617E-2
3.543333E1	2.928587E1	7.876908E-3
3.546667E1	2.939843E1	-1.156784E-2
3.550000E1	2.948840E1	-1.427369E-2
3.553333E1	2.958682E1	-1.420659E-2
3.556667E1	2.959666E1	1.951718E-3
3.560000E1	2.963438E1	3.565949E-2
3.563333E1	2.963288E1	6.350326E-2
3.566667E1	2.960863E1	1.518300E-1
3.570000E1	2.955861E1	2.348290E-1
3.573333E1	2.953019E1	2.305003E-1
3.576667E1	2.946554E1	2.275549E-1
3.580000E1	2.930908E1	1.495631E-1
3.583333E1	2.920440E1	7.162963E-2
3.586667E1	2.913952E1	-4.240168E-2
3.590000E1	2.914362E1	-6.312460E-2
3.593333E1	2.923516E1	-4.781782E-2
3.596667E1	2.929762E1	-4.661561E-2
3.600000E1	2.941547E1	1.128447E-2
3.603333E1	2.958965E1	6.873502E-2
3.606667E1	2.967125E1	5.478944E-2
3.610000E1	2.984356E1	6.460912E-2
3.613333E1	2.994176E1	3.280461E-2
3.616667E1	3.000912E1	-3.568882E-3
3.620000E1	3.012599E1	-2.692062E-2
3.623333E1	3.014497E1	-2.411865E-2
3.626667E1	3.016502E1	2.427376E-2
3.630000E1	3.015508E1	5.422840E-2
3.633333E1	3.012685E1	1.371976E-1
3.636667E1	3.007732E1	2.280513E-1
3.640000E1	3.004446E1	2.251298E-1
3.643333E1	2.998677E1	2.225977E-1
3.646667E1	2.984140E1	1.454621E-1
3.650000E1	2.971926E1	6.268003E-2
3.653333E1	2.966802E1	-5.709538E-2
3.656667E1	2.970830E1	-7.069841E-2
3.660000E1	2.983285E1	-4.750067E-2
3.663333E1	2.991447E1	-3.311631E-2
3.666667E1	3.003524E1	1.679055E-2
3.670000E1	3.024658E1	3.640607E-2
3.673333E1	3.031069E1	1.812083E-2
3.676667E1	3.044054E1	5.466458E-3
3.680000E1	3.053930E1	-1.451965E-2
3.683333E1	3.063929E1	-3.282016E-2
3.686667E1	3.073364E1	-2.698041E-2
3.690000E1	3.073441E1	-1.640841E-2
3.693333E1	3.074200E1	5.241059E-2
3.696667E1	3.072457E1	8.577814E-2
3.700000E1	3.070439E1	1.539777E-1
3.703333E1	3.063682E1	2.062141E-1
3.706667E1	3.059921E1	1.985918E-1
3.710000E1	3.053790E1	1.832374E-1
3.713333E1	3.037501E1	6.849662E-2
3.716667E1	3.027853E1	-1.157180E-2
3.720000E1	3.027796E1	-1.018669E-1
3.723333E1	3.030261E1	-1.149982E-1
3.726667E1	3.040557E1	-9.295004E-2
3.730000E1	3.051150E1	-6.626799E-2
3.733333E1	3.063356E1	6.801755E-3
3.736667E1	3.084931E1	2.405788E-2
3.740000E1	3.092015E1	1.416292E-2
3.743333E1	3.109327E1	9.103781E-3
3.746667E1	3.117757E1	-2.206818E-4
3.750000E1	3.126515E1	-3.218144E-2
3.753333E1	3.137267E1	-1.211059E-2
3.756667E1	3.139342E1	1.342735E-2
3.760000E1	3.141258E1	5.152569E-2
3.763333E1	3.141800E1	8.835901E-2
3.766667E1	3.140396E1	1.539340E-1
3.770000E1	3.134600E1	2.030614E-1
3.773333E1	3.131478E1	2.079776E-1
3.776667E1	3.123575E1	1.970052E-1
3.780000E1	3.107834E1	8.716944E-2
3.783333E1	3.099411E1	-4.607153E-3
3.786667E1	3.099986E1	-1.000312E-1
3.790000E1	3.102778E1	-1.160477E-1
3.793333E1	3.112259E1	-1.044525E-1
3.796667E1	3.125235E1	-6.874315E-2
3.800000E1	3.136808E1	4.151825E-3
3.803333E1	3.158728E1	2.010035E-2
3.806667E1	3.168886E1	1.111096E-2
3.810000E1	3.186481E1	7.065827E-3
3.813333E1	3.193614E1	-8.192605E-3
3.816667E1	3.202988E1	-1.461743E-2
3.820000E1	3.214853E1	6.400989E-3
3.823333E1	3.217160E1	1.933029E-2
3.826667E1	3.218923E1	7.164860E-2
3.830000E1	3.218170E1	1.359455E-1
3.833333E1	3.216276E1	1.998020E-1
3.836667E1	3.214322E1	2.565928E-1
3.840000E1	3.212465E1	2.311152E-1
3.843333E1	3.204577E1	2.029313E-1
3.846667E1	3.189126E1	1.134476E-1
3.850000E1	3.181956E1	1.579454E-2
3.853333E1	3.181658E1	-8.158026E-2
3.856667E1	3.184684E1	-8.392765E-2
3.860000E1	3.198935E1	-4.614586E-2
3.863333E1	3.208797E1	-3.869586E-2
3.866667E1	3.221604E1	1.841791E-2
3.870000E1	3.244850E1	4.389272E-2
3.873333E1	3.254968E1	2.365435E-2
3.876667E1	3.268411E1	6.007070E-3
3.880000E1	3.278437E1	-8.766855E-3
3.883333E1	3.290674E1	-2.980780E-2
3.886667E1	3.301591E1	-3.626178E-2
3.890000E1	3.303433E1	-2.126742E-2
3.893333E1	3.305554E1	3.662091E-2
3.896667E1	3.304462E1	7.062332E-2
3.900000E1	3.303202E1	1.545039E-1
3.903333E1	3.299047E1	2.136838E-1
3.906667E1	3.297503E1	2.160064E-1
3.910000E1	3.289374E1	2.021403E-1
3.913333E1	3.274427E1	9.979996E-2
3.916667E1	3.266039E1	1.490261E-2
3.920000E1	3.266708E1	-8.080619E-2
3.923333E1	3.269716E1	-7.450439E-2
3.926667E1	3.277042E1	-6.774671E-2
3.930000E1	3.289445E1	-1.539370E-2
3.933333E1	3.302724E1	6.099784E-2
3.936667E1	3.324931E1	8.694289E-2
3.940000E1	3.331169E1	7.747484E-2
3.943333E1	3.346866E1	6.847923E-2
3.946667E1	3.359607E1	3.683068E-2
3.950000E1	3.369163E1	3.003563E-3
3.953333E1	3.379987E1	1.421722E-2
3.956667E1	3.383134E1	2.606426E-2
3.960000E1	3.384575E1	9.010639E-2
3.963333E1	3.383335E1	1.345307E-1
3.966667E1	3.382181E1	2.070494E-1
3.970000E1	3.376970E1	2.777440E-1
3.973333E1	3.374401E1	2.658536E-1
3.976667E1	3.368528E1	2.197542E-1
3.980000E1	3.354404E1	1.176700E-1
3.983333E1	3.346097E1	2.214506E-2
3.986667E1	3.346535E1	-7.658395E-2
3.990000E1	3.349543E1	-8.337701E-2
3.993333E1	3.362451E1	-6.348751E-2
3.996667E1	3.373539E1	-2.707240E-2
4.000000E1	3.387466E1	2.735881E-2
4.003333E1	3.409168E1	4.190331E-2
4.006667E1	3.415940E1	2.362587E-2
4.010000E1	3.432065E1	9.120623E-3
4.013333E1	3.443998E1	-3.489785E-3
4.016667E1	3.454146E1	-2.152657E-2
4.020000E1	3.464950E1	-3.135942E-2
4.023333E1	3.467935E1	-2.016478E-2
4.026667E1	3.469953E1	3.677099E-2
4.030000E1	3.469669E1	7.612570E-2
4.033333E1	3.468228E1	1.520604E-1
4.036667E1	3.463957E1	2.236351E-1
4.040000E1	3.460607E1	2.126415E-1
4.043333E1	3.454824E1	2.015552E-1
4.046667E1	3.439663E1	9.744539E-2
4.050000E1	3.432957E1	1.050228E-2
4.053333E1	3.433703E1	-8.914476E-2
4.056667E1	3.437732E1	-9.336199E-2
4.060000E1	3.446043E1	-1.070202E-1
4.063333E1	3.460401E1	-5.840014E-2
4.066667E1	3.474532E1	1.184558E-2
4.070000E1	3.495701E1	2.986881E-2
4.073333E1	3.502945E1	1.829796E-2
4.076667E1	3.518565E1	9.285865E-3
4.080000E1	3.530632E1	-5.224638E-3
4.083333E1	3.540457E1	-2.132469E-2
4.086667E1	3.550022E1	-1.587426E-2
4.090000E1	3.551418E1	5.572283E-3
4.093333E1	3.555953E1	4.850331E-2
4.096667E1	3.555998E1	9.967068E-2
4.100000E1	3.555309E1	1.639323E-1
4.103333E1	3.550698E1	2.305010E-1
4.106667E1	3.547544E1	2.128747E-1
4.110000E1	3.540425E1	1.940016E-1
4.113333E1	3.528515E1	8.593652E-2
4.116667E1	3.520854E1	7.675104E-3
4.120000E1	3.521484E1	-9.129637E-2
4.123333E1	3.524432E1	-8.796302E-2
4.126667E1	3.536203E1	-6.780364E-2
4.130000E1	3.547839E1	-2.708004E-2
4.133333E1	3.561735E1	2.504145E-2
4.136667E1	3.583359E1	3.765249E-2
4.140000E1	3.590114E1	1.796855E-2
4.143333E1	3.604725E1	8.942849E-3
4.146667E1	3.617096E1	-5.726931E-3
4.150000E1	3.626623E1	-1.738021E-2
4.153333E1	3.637812E1	1.292189E-2
4.156667E1	3.638739E1	2.277870E-2
4.160000E1	3.642831E1	6.161088E-2
4.163333E1	3.643611E1	1.330184E-1
4.166667E1	3.642566E1	1.984399E-1
4.170000E1	3.639227E1	2.787640E-1
4.173333E1	3.637844E1	2.852669E-1
4.176667E1	3.623076E1	1.657681E-1
4.180000E1	3.618697E1	1.398189E-1
4.183333E1	3.613448E1	3.765890E-2
4.186667E1	3.615396E1	-5.850285E-2
4.190000E1	3.618703E1	-7.024300E-2
4.193333E1	3.631855E1	-4.186568E-2
4.196667E1	3.642917E1	-1.956750E-2
4.200000E1	3.655703E1	3.487845E-2
4.203333E1	3.677749E1	5.731320E-2
4.206667E1	3.682596E1	6.331426E-2
4.210000E1	3.698501E1	5.713052E-2
4.213333E1	3.713387E1	2.006933E-2
4.216667E1	3.722815E1	-1.116286E-2
4.220000E1	3.733911E1	9.466017E-3
4.223333E1	3.736246E1	2.362082E-2
4.226667E1	3.739792E1	6.456802E-2
4.230000E1	3.743088E1	1.320514E-1
4.233333E1	3.743483E1	2.018711E-1
4.236667E1	3.741564E1	2.807931E-1
4.240000E1	3.740090E1	2.762337E-1
4.243333E1	3.735781E1	2.718771E-1
4.246667E1	3.724092E1	1.653376E-1
4.250000E1	3.719213E1	4.821462E-2
4.253333E1	3.721997E1	-4.780887E-2
4.256667E1	3.724923E1	-6.605365E-2
4.260000E1	3.736524E1	-5.891763E-2
4.263333E1	3.742699E1	-4.716248E-2
4.266667E1	3.763439E1	4.070614E-2
4.270000E1	3.777521E1	7.037198E-2
4.273333E1	3.780802E1	6.028816E-2
4.276667E1	3.804985E1	6.109080E-2
4.280000E1	3.816458E1	4.048922E-2
4.283333E1	3.829286E1	-8.669895E-3
4.286667E1	3.836968E1	5.417443E-3
4.290000E1	3.840595E1	2.720852E-2
4.293333E1	3.848654E1	5.279639E-2
4.296667E1	3.850900E1	7.833240E-2
4.300000E1	3.852151E1	2.039901E-1
4.303333E1	3.852263E1	2.754330E-1
4.306667E1	3.849912E1	2.763061E-1
4.310000E1	3.844278E1	2.662696E-1
4.313333E1	3.838103E1	1.977569E-1
4.316667E1	3.826941E1	7.227265E-2
4.320000E1	3.829453E1	9.155305E-3
4.323333E1	3.834827E1	-4.728591E-3
4.326667E1	3.847963E1	1.472019E-2
4.330000E1	3.852634E1	1.348619E-2
4.333333E1	3.873347E1	1.076628E-1
4.336667E1	3.886189E1	1.342711E-1
4.340000E1	3.890322E1	1.304069E-1
4.343333E1	3.910728E1	1.342458E-1
4.346667E1	3.921694E1	8.568642E-2
4.350000E1	3.936147E1	2.732138E-2
4.353333E1	3.943548E1	2.326859E-2
4.356667E1	3.947623E1	3.565078E-2
4.360000E1	3.952482E1	9.123480E-2
4.363333E1	3.953360E1	1.260641E-1
4.366667E1	3.953983E1	2.007222E-1
4.370000E1	3.955167E1	3.116062E-1
4.373333E1	3.952315E1	3.030027E-1
4.376667E1	3.946830E1	2.909066E-1
4.380000E1	3.941226E1	2.347687E-1
4.383333E1	3.933348E1	1.162795E-1
4.386667E1	3.933661E1	3.403847E-2
4.390000E1	3.937631E1	1.198396E-2
4.393333E1	3.949407E1	1.882847E-2
4.396667E1	3.954908E1	2.858997E-2
4.400000E1	3.973285E1	1.175653E-1
4.403333E1	3.986571E1	1.400283E-1
4.406667E1	3.991793E1	1.359669E-1
4.410000E1	4.013545E1	1.399707E-1
4.413333E1	4.024162E1	9.335239E-2
4.416667E1	4.036362E1	3.410231E-2
4.420000E1	4.042655E1	2.606646E-2
4.423333E1	4.046252E1	3.963956E-2
4.426667E1	4.052216E1	9.496424E-2
4.430000E1	4.053276E1	1.283138E-1
4.433333E1	4.054400E1	2.516332E-1
4.436667E1	4.054471E1	3.074353E-1
4.440000E1	4.051851E1	3.106057E-1
4.443333E1	4.044348E1	2.982659E-1
4.446667E1	4.039578E1	2.707846E-1
4.450000E1	4.026858E1	1.506005E-1
4.453333E1	4.026735E1	7.842212E-2
4.456667E1	4.029436E1	5.463571E-2
4.460000E1	4.039631E1	7.519592E-2
4.463333E1	4.044767E1	8.612088E-2
4.466667E1	4.063733E1	1.708545E-1
4.470000E1	4.074122E1	1.824234E-1
4.473333E1	4.077551E1	1.557379E-1
4.476667E1	4.098180E1	1.468028E-1
4.480000E1	4.107854E1	1.110894E-1
4.483333E1	4.118181E1	5.104705E-2
4.486667E1	4.124648E1	4.342801E-2
4.490000E1	4.126750E1	5.785717E-2
4.493333E1	4.131026E1	1.383066E-1
4.496667E1	4.133059E1	1.724595E-1
4.500000E1	4.134052E1	2.901983E-1
4.503333E1	4.133816E1	3.395382E-1
4.506667E1	4.130934E1	3.297963E-1
4.510000E1	4.123032E1	3.112270E-1
4.513333E1	4.118228E1	2.839721E-1
4.516667E1	4.106817E1	1.634537E-1
4.520000E1	4.104873E1	9.908715E-2
4.523333E1	4.107751E1	6.941564E-2
4.526667E1	4.117923E1	8.281464E-2
4.530000E1	4.123695E1	9.521878E-2
4.533333E1	4.139974E1	1.745835E-1
4.536667E1	4.151242E1	1.877518E-1
4.540000E1	4.155222E1	1.705784E-1
4.543333E1	4.173219E1	1.498125E-1
4.546667E1	4.180690E1	1.349420E-1
4.550000E1	4.189558E1	9.785233E-2
4.553333E1	4.195133E1	8.925403E-2
4.556667E1	4.197567E1	1.165806E-1
4.560000E1	4.200518E1	1.811175E-1
4.563333E1	4.199719E1	1.977044E-1
4.566667E1	4.199170E1	3.159140E-1
4.570000E1	4.197862E1	3.745821E-1
4.573333E1	4.195758E1	3.776613E-1
4.576667E1	4.185468E1	3.578234E-1
4.580000E1	4.181207E1	3.319296E-1
4.583333E1	4.168616E1	1.901508E-1
4.586667E1	4.167517E1	1.256247E-1
4.590000E1	4.169522E1	1.325017E-1
4.593333E1	4.179045E1	1.424433E-1
4.596667E1	4.181887E1	1.560889E-1
4.600000E1	4.196137E1	2.226649E-1
4.603333E1	4.206841E1	2.510092E-1
4.606667E1	4.210791E1	2.174439E-1
4.610000E1	4.228325E1	1.938019E-1
4.613333E1	4.231550E1	1.509190E-1
4.616667E1	4.239693E1	1.099506E-1
4.620000E1	4.243913E1	1.072464E-1
4.623333E1	4.243766E1	1.203086E-1
4.626667E1	4.245311E1	1.847292E-1
4.630000E1	4.246881E1	2.008185E-1
4.633333E1	4.247711E1	3.301691E-1
4.636667E1	4.246301E1	3.824871E-1
4.640000E1	4.243439E1	3.910326E-1
4.643333E1	4.232405E1	3.747616E-1
4.646667E1	4.228394E1	3.405689E-1
4.650000E1	4.214922E1	1.926798E-1
4.653333E1	4.213559E1	1.270958E-1
4.656667E1	4.215668E1	1.293745E-1
4.660000E1	4.226088E1	1.445045E-1
4.663333E1	4.230076E1	1.567751E-1
4.666667E1	4.245807E1	2.355430E-1
4.670000E1	4.256709E1	2.553719E-1
4.673333E1	4.259659E1	2.204844E-1
4.676667E1	4.276642E1	1.989823E-1
4.680000E1	4.283470E1	1.711962E-1
4.683333E1	4.290836E1	1.190909E-1
4.686667E1	4.296512E1	1.003890E-1
4.690000E1	4.298661E1	1.192526E-1
4.693333E1	4.301472E1	1.888657E-1
4.696667E1	4.300638E1	1.983366E-1
4.700000E1	4.300857E1	3.212942E-1
4.703333E1	4.299677E1	3.750128E-1
4.706667E1	4.297520E1	3.744294E-1
4.710000E1	4.288509E1	3.590599E-1
4.713333E1	4.284759E1	3.255942E-1
4.716667E1	4.272730E1	1.702761E-1
4.720000E1	4.271851E1	9.243498E-2
4.723333E1	4.273980E1	6.863250E-2
4.726667E1	4.284266E1	8.095696E-2
4.730000E1	4.289665E1	9.652208E-2
4.733333E1	4.305786E1	1.762395E-1
4.736667E1	4.317399E1	1.784790E-1
4.740000E1	4.322095E1	1.560829E-1
4.743333E1	4.339189E1	1.305026E-1
4.746667E1	4.346514E1	1.059408E-1
4.750000E1	4.355680E1	4.091961E-2
4.753333E1	4.361446E1	2.879734E-2
4.756667E1	4.363950E1	4.594360E-2
4.760000E1	4.369668E1	1.103633E-1
4.763333E1	4.370344E1	1.384499E-1
4.766667E1	4.372043E1	2.694490E-1
4.770000E1	4.372883E1	3.224000E-1
4.773333E1	4.370930E1	3.151370E-1
4.776667E1	4.364756E1	2.903605E-1
4.780000E1	4.360614E1	2.502959E-1
4.783333E1	4.352787E1	8.532698E-2
4.786667E1	4.355152E1	1.117933E-2
4.790000E1	4.358535E1	4.051912E-3
4.793333E1	4.369351E1	3.793876E-3
4.796667E1	4.373055E1	1.811650E-2
4.800000E1	4.389278E1	9.156891E-2
4.803333E1	4.402858E1	1.221896E-1
4.806667E1	4.405727E1	7.736261E-2
4.810000E1	4.425461E1	5.803913E-2
4.813333E1	4.431170E1	6.399249E-2
4.816667E1	4.441368E1	1.952896E-4
4.820000E1	4.447793E1	5.424630E-3
4.823333E1	4.452632E1	2.749980E-2
4.826667E1	4.457609E1	8.142865E-2
4.830000E1	4.459112E1	1.204658E-1
4.833333E1	4.461488E1	2.073832E-1
4.836667E1	4.466525E1	2.597783E-1
4.840000E1	4.464974E1	2.434386E-1
4.843333E1	4.460899E1	2.066725E-1
4.846667E1	4.458944E1	1.786245E-1
4.850000E1	4.450374E1	1.778288E-2
4.853333E1	4.452631E1	-5.771865E-2
4.856667E1	4.456201E1	-8.247245E-2
4.860000E1	4.468391E1	-7.320331E-2
4.863333E1	4.473792E1	-6.392941E-2
4.866667E1	4.491362E1	6.909965E-3
4.870000E1	4.505217E1	2.430183E-2
4.873333E1	4.510269E1	1.125960E-2
4.876667E1	4.528634E1	-2.600941E-3
4.880000E1	4.535445E1	-1.889061E-2
4.883333E1	4.547894E1	-8.516679E-2
4.886667E1	4.556659E1	-7.471278E-2
4.890000E1	4.559830E1	-4.199831E-2
4.893333E1	4.567044E1	2.089305E-3
4.896667E1	4.569056E1	4.006689E-2
4.900000E1	4.570814E1	1.495777E-1
4.903333E1	4.575089E1	1.926395E-1
4.906667E1	4.573818E1	1.768070E-1
4.910000E1	4.570980E1	1.467302E-1
4.913333E1	4.569226E1	1.091919E-1
4.916667E1	4.561756E1	-4.551777E-2
4.920000E1	4.562206E1	-1.075335E-1
4.923333E1	4.569467E1	-1.505789E-1
4.926667E1	4.582868E1	-1.572704E-1
4.930000E1	4.586437E1	-1.422204E-1
4.933333E1	4.604277E1	-4.787080E-2
4.936667E1	4.615723E1	-1.635142E-2
4.940000E1	4.619472E1	-1.366384E-2
4.943333E1	4.642119E1	-5.043252E-2
4.946667E1	4.645901E1	-6.859580E-2
4.950000E1	4.656888E1	-1.213248E-1
4.953333E1	4.663314E1	-1.212471E-1
4.956667E1	4.666842E1	-9.974470E-2
4.960000E1	4.673022E1	-3.585373E-2
4.963333E1	4.674782E1	-5.603447E-3
4.966667E1	4.677506E1	1.025092E-1
4.970000E1	4.681125E1	1.575301E-1
4.973333E1	4.679695E1	1.574293E-1
4.976667E1	4.674590E1	1.363094E-1
4.980000E1	4.671995E1	1.005443E-1
4.983333E1	4.661958E1	-4.687826E-2
4.986667E1	4.662470E1	-1.232974E-1
4.990000E1	4.665146E1	-1.472509E-1
4.993333E1	4.675028E1	-1.401018E-1
4.996667E1	4.679705E1	-1.261517E-1
5.000000E1	4.697552E1	-2.909466E-2
5.003333E1	4.706794E1	-8.720719E-3
5.006667E1	4.712999E1	-2.414468E-3
5.010000E1	4.726949E1	-1.580638E-3
5.013333E1	4.730664E1	-1.324283E-2
5.016667E1	4.739516E1	-4.847028E-2
5.020000E1	4.744501E1	-6.087313E-2
5.023333E1	4.746584E1	-2.739452E-2
5.026667E1	4.750284E1	1.688401E-2
5.030000E1	4.752545E1	4.144699E-2
5.033333E1	4.752487E1	1.521920E-1
5.036667E1	4.752458E1	2.043595E-1
5.040000E1	4.750527E1	2.168384E-1
5.043333E1	4.741933E1	2.071893E-1
5.046667E1	4.737367E1	1.903517E-1
5.050000E1	4.724129E1	5.440958E-2
5.053333E1	4.723057E1	-3.921938E-3
5.056667E1	4.725091E1	-2.116250E-3
5.060000E1	4.731582E1	4.398593E-3
5.063333E1	4.735570E1	1.438080E-2
5.066667E1	4.748985E1	1.172336E-1
5.070000E1	4.754852E1	1.377577E-1
5.073333E1	4.760066E1	1.316362E-1
5.076667E1	4.773105E1	1.009849E-1
5.080000E1	4.775887E1	8.124250E-2
5.083333E1	4.780753E1	4.636389E-2
5.086667E1	4.785085E1	4.540060E-2
5.090000E1	4.783933E1	6.708851E-2
5.093333E1	4.783727E1	1.354816E-1
5.096667E1	4.783311E1	1.675848E-1
5.100000E1	4.781670E1	2.452576E-1
5.103333E1	4.781306E1	3.349156E-1
5.106667E1	4.780732E1	3.327305E-1
5.110000E1	4.763194E1	2.903856E-1
5.113333E1	4.756300E1	2.839081E-1
5.116667E1	4.748731E1	1.883909E-1
5.120000E1	4.745738E1	1.106097E-1
5.123333E1	4.747326E1	1.008166E-1
5.126667E1	4.754232E1	1.035704E-1
5.130000E1	4.760220E1	1.571111E-1
5.133333E1	4.767496E1	2.103547E-1
5.136667E1	4.780290E1	2.164879E-1
5.140000E1	4.784459E1	2.162643E-1
5.143333E1	4.794435E1	1.672703E-1
5.146667E1	4.797639E1	1.497271E-1
5.150000E1	4.799235E1	1.378274E-1
5.153333E1	4.803040E1	1.567951E-1
5.156667E1	4.804390E1	1.700853E-1
5.160000E1	4.804134E1	2.526949E-1
5.163333E1	4.803557E1	2.887309E-1
5.166667E1	4.803297E1	3.657290E-1
5.170000E1	4.801238E1	4.497167E-1
5.173333E1	4.800274E1	4.432171E-1
5.176667E1	4.789011E1	4.352566E-1
5.180000E1	4.777505E1	3.536924E-1
5.183333E1	4.771239E1	2.884996E-1
5.186667E1	4.768942E1	1.891698E-1
5.190000E1	4.770139E1	1.772020E-1
5.193333E1	4.777144E1	1.976710E-1
5.196667E1	4.781402E1	2.334114E-1
5.200000E1	4.789081E1	2.858004E-1
5.203333E1	4.802646E1	2.869927E-1
5.206667E1	4.805797E1	2.834963E-1
5.210000E1	4.816779E1	2.083139E-1
5.213333E1	4.819578E1	2.030746E-1
5.216667E1	4.822944E1	1.658850E-1
5.220000E1	4.829156E1	1.736006E-1
5.223333E1	4.830888E1	1.853018E-1
5.226667E1	4.831256E1	2.440287E-1
5.230000E1	4.830889E1	2.870275E-1
5.233333E1	4.830143E1	3.566073E-1
5.236667E1	4.826538E1	4.574624E-1
5.240000E1	4.822193E1	4.485256E-1
5.243333E1	4.810395E1	4.360199E-1
5.246667E1	4.801364E1	3.660172E-1
5.250000E1	4.793589E1	2.862206E-1
5.253333E1	4.791844E1	1.878222E-1
5.256667E1	4.791785E1	1.716815E-1
5.260000E1	4.798526E1	1.930166E-1
5.263333E1	4.802351E1	1.982353E-1
5.266667E1	4.809403E1	2.792781E-1
5.270000E1	4.822337E1	2.904163E-1
5.273333E1	4.826403E1	2.850891E-1
5.276667E1	4.835082E1	2.374623E-1
5.280000E1	4.837991E1	1.916894E-1
5.283333E1	4.840310E1	1.603811E-1
5.286667E1	4.843367E1	1.715625E-1
5.290000E1	4.841692E1	1.846528E-1
5.293333E1	4.840591E1	2.512298E-1
5.296667E1	4.839011E1	2.939335E-1
5.300000E1	4.837816E1	3.584126E-1
5.303333E1	4.832413E1	4.498845E-1
5.306667E1	4.829444E1	4.440312E-1
5.310000E1	4.817883E1	4.388525E-1
5.313333E1	4.804736E1	3.473581E-1
5.316667E1	4.795443E1	2.764297E-1
5.320000E1	4.792653E1	1.829188E-1
5.323333E1	4.792550E1	1.727662E-1
5.326667E1	4.797789E1	1.880764E-1
5.330000E1	4.802777E1	1.922365E-1
5.333333E1	4.809907E1	2.463747E-1
5.336667E1	4.821147E1	2.551313E-1
5.340000E1	4.823317E1	2.162914E-1
5.343333E1	4.832621E1	1.840173E-1
5.346667E1	4.834663E1	1.645529E-1
5.350000E1	4.834629E1	1.419241E-1
5.353333E1	4.835903E1	1.642015E-1
5.356667E1	4.835222E1	1.796560E-1
5.360000E1	4.833427E1	2.323421E-1
5.363333E1	4.831730E1	2.841212E-1
5.366667E1	4.830513E1	3.448276E-1
5.370000E1	4.822336E1	4.286926E-1
5.373333E1	4.819885E1	4.381801E-1
5.376667E1	4.798781E1	3.276983E-1
5.380000E1	4.795340E1	3.090678E-1
5.383333E1	4.785148E1	2.217390E-1
5.386667E1	4.780492E1	1.319426E-1
5.390000E1	4.781653E1	1.384669E-1
5.393333E1	4.787666E1	1.634951E-1
5.396667E1	4.792242E1	1.839194E-1
5.400000E1	4.797124E1	2.281278E-1
5.403333E1	4.806548E1	2.260755E-1
5.406667E1	4.811464E1	1.935014E-1
5.410000E1	4.817302E1	1.554418E-1
5.413333E1	4.819234E1	1.429037E-1
5.416667E1	4.818943E1	1.272193E-1
5.420000E1	4.819972E1	1.577927E-1
5.423333E1	4.819473E1	1.702544E-1
5.426667E1	4.817186E1	2.351731E-1
5.430000E1	4.815364E1	2.784716E-1
5.433333E1	4.811624E1	3.460236E-1
5.436667E1	4.803483E1	4.222331E-1
5.440000E1	4.801062E1	4.207578E-1
5.443333E1	4.777384E1	3.201809E-1
5.446667E1	4.774469E1	2.979717E-1
5.450000E1	4.764065E1	1.832781E-1
5.453333E1	4.760509E1	8.456548E-2
5.456667E1	4.761061E1	7.973228E-2
5.460000E1	4.765790E1	1.035285E-1
5.463333E1	4.770721E1	1.387701E-1
5.466667E1	4.776546E1	1.944041E-1
5.470000E1	4.786470E1	1.701328E-1
5.473333E1	4.790066E1	1.622272E-1
5.476667E1	4.796101E1	1.412214E-1
5.480000E1	4.798199E1	1.305482E-1
5.483333E1	4.799433E1	1.097273E-1
5.486667E1	4.797816E1	1.369660E-1
5.490000E1	4.797191E1	1.550619E-1
5.493333E1	4.795596E1	1.966129E-1
5.496667E1	4.793996E1	2.328029E-1
5.500000E1	4.790962E1	3.100451E-1
5.503333E1	4.782360E1	3.666678E-1
5.506667E1	4.777816E1	3.564846E-1
5.510000E1	4.755060E1	2.659700E-1
5.513333E1	4.751795E1	2.336702E-1
5.516667E1	4.741419E1	1.527555E-1
5.520000E1	4.737555E1	4.437795E-2
5.523333E1	4.738977E1	3.183016E-2
5.526667E1	4.743138E1	4.918755E-2
5.530000E1	4.749053E1	8.115380E-2
5.533333E1	4.754456E1	1.483289E-1
5.536667E1	4.764502E1	1.487937E-1
5.540000E1	4.768981E1	1.479951E-1
5.543333E1	4.775914E1	1.343758E-1
5.546667E1	4.780516E1	9.909556E-2
5.550000E1	4.782894E1	7.717300E-2
5.553333E1	4.788245E1	1.118972E-1
5.556667E1	4.789061E1	1.302624E-1
5.560000E1	4.790481E1	2.017298E-1
5.563333E1	4.791742E1	2.545922E-1
5.566667E1	4.792512E1	3.050431E-1
5.570000E1	4.797046E1	3.413465E-1
5.573333E1	4.797538E1	3.238053E-1
5.576667E1	4.796309E1	2.954280E-1
5.580000E1	4.795705E1	2.716062E-1
5.583333E1	4.795523E1	2.406131E-1
5.586667E1	4.794799E1	1.700861E-1
5.590000E1	4.795096E1	1.582332E-1
5.593333E1	4.796599E1	1.437526E-1
