	masse A		
t	x	y	
0.000000E0	-7.868118E-3	8.498895E-3
3.333333E-2	-8.184871E-3	8.157127E-3
6.666667E-2	-1.745184E-2	4.513302E-3
1.000000E-1	-5.784649E-2	-4.688150E-3
1.333333E-1	-1.217985E-1	-1.811750E-3
1.666667E-1	-1.867002E-1	2.154451E-4
2.000000E-1	-3.500355E-1	-4.713337E-3
2.333333E-1	-4.311351E-1	1.057394E-3
2.666667E-1	-6.043041E-1	1.665112E-3
3.000000E-1	-7.037952E-1	-7.379903E-3
3.333333E-1	-8.614744E-1	-6.387994E-3
3.666667E-1	-1.022130E0	-1.748458E-2
4.000000E-1	-1.018556E0	-2.204653E-2
4.333333E-1	-9.822250E-1	-3.659580E-2
4.666667E-1	-9.207277E-1	-5.017985E-2
5.000000E-1	-7.760277E-1	-3.427758E-2
5.333333E-1	-4.575686E-1	-4.572517E-2
5.666667E-1	-3.512290E-1	-5.796459E-2
6.000000E-1	-3.872778E-2	-6.201219E-2
6.333333E-1	2.301432E-1	-6.902375E-2
6.666667E-1	4.336131E-1	-8.349115E-2
7.000000E-1	6.058702E-1	-6.959684E-2
7.333333E-1	6.472864E-1	-6.525973E-2
7.666667E-1	6.746114E-1	-2.983270E-2
8.000000E-1	6.644347E-1	2.313092E-3
8.333333E-1	6.143501E-1	1.012847E-1
8.666667E-1	4.358340E-1	1.863220E-1
9.000000E-1	3.644187E-1	1.525694E-1
9.333333E-1	1.881059E-1	3.649951E-2
9.666667E-1	1.388123E-1	1.783589E-3
1.000000E0	8.950616E-2	-7.918025E-2
1.033333E0	8.857418E-2	-1.346490E-1
1.066667E0	1.061559E-1	-1.238352E-1
1.100000E0	2.145468E-1	-1.142417E-1
1.133333E0	4.038546E-1	-2.289725E-2
1.166667E0	5.524193E-1	1.992283E-2
1.200000E0	6.915334E-1	3.865231E-3
1.233333E0	7.087423E-1	7.716588E-4
1.266667E0	7.176280E-1	-8.668062E-3
1.300000E0	7.160380E-1	-1.448235E-2
1.333333E0	6.666724E-1	2.870762E-3
1.366667E0	4.645942E-1	7.099521E-2
1.400000E0	4.294544E-1	8.358791E-2
1.433333E0	3.502143E-1	6.116853E-2
1.466667E0	3.037863E-1	1.197963E-3
1.500000E0	2.905550E-1	-3.100026E-2
1.533333E0	3.884385E-1	-5.302464E-2
1.566667E0	4.427978E-1	-5.705221E-2
1.600000E0	6.003214E-1	-6.634753E-2
1.633333E0	7.899890E-1	-4.575674E-2
1.666667E0	9.303281E-1	-4.834770E-2
1.700000E0	1.022008E0	-6.372880E-2
1.733333E0	1.015446E0	-5.609249E-2
1.766667E0	9.848949E-1	-3.368265E-2
1.800000E0	9.555710E-1	-1.386354E-2
1.833333E0	8.465967E-1	8.411946E-2
1.866667E0	5.941123E-1	1.597850E-1
1.900000E0	5.389367E-1	1.540398E-1
1.933333E0	3.569991E-1	3.338465E-2
1.966667E0	3.028193E-1	4.239639E-3
2.000000E0	2.347861E-1	-5.271708E-2
2.033333E0	2.749519E-1	-5.827605E-2
2.066667E0	3.303483E-1	-5.008748E-2
2.100000E0	4.980365E-1	-4.307964E-2
2.133333E0	6.890379E-1	5.493661E-2
2.166667E0	8.447962E-1	8.543177E-2
2.200000E0	9.430216E-1	5.799106E-2
2.233333E0	9.383005E-1	6.821661E-2
2.266667E0	9.203635E-1	8.147910E-2
2.300000E0	9.040232E-1	8.640097E-2
2.333333E0	8.073469E-1	1.463239E-1
2.366667E0	5.600445E-1	2.235850E-1
2.400000E0	5.044307E-1	2.082897E-1
2.433333E0	3.686300E-1	1.903748E-1
2.466667E0	2.654871E-1	1.069170E-1
2.500000E0	2.295670E-1	6.808076E-2
2.533333E0	2.625044E-1	8.274666E-2
2.566667E0	3.123444E-1	8.275397E-2
2.600000E0	4.324712E-1	9.396329E-2
2.633333E0	6.328059E-1	1.408329E-1
2.666667E0	7.643116E-1	1.567156E-1
2.700000E0	8.478095E-1	1.387233E-1
2.733333E0	8.512633E-1	1.468160E-1
2.766667E0	8.226365E-1	1.562238E-1
2.800000E0	7.970572E-1	1.636022E-1
2.833333E0	6.967473E-1	2.352890E-1
2.866667E0	4.404710E-1	2.971006E-1
2.900000E0	3.920916E-1	2.946724E-1
2.933333E0	2.224520E-1	1.810686E-1
2.966667E0	1.619300E-1	1.472820E-1
3.000000E0	1.077871E-1	1.348970E-1
3.033333E0	1.589951E-1	1.403547E-1
3.066667E0	1.993662E-1	1.513668E-1
3.100000E0	3.420652E-1	1.715791E-1
3.133333E0	5.546676E-1	2.095767E-1
3.166667E0	7.061487E-1	2.296439E-1
3.200000E0	8.287760E-1	2.037540E-1
3.233333E0	8.465751E-1	2.153031E-1
3.266667E0	8.422245E-1	2.297079E-1
3.300000E0	8.289598E-1	2.345218E-1
3.333333E0	7.442319E-1	2.727419E-1
3.366667E0	5.113079E-1	3.637734E-1
3.400000E0	4.482750E-1	3.457540E-1
3.433333E0	2.994013E-1	2.992350E-1
3.466667E0	2.368747E-1	2.291789E-1
3.500000E0	1.672400E-1	1.920496E-1
3.533333E0	1.670827E-1	1.929809E-1
3.566667E0	2.251499E-1	2.167987E-1
3.600000E0	3.728987E-1	2.328528E-1
3.633333E0	4.593584E-1	2.355161E-1
3.666667E0	7.057977E-1	2.586183E-1
3.700000E0	7.968987E-1	2.306480E-1
3.733333E0	8.040512E-1	2.274373E-1
3.766667E0	8.094954E-1	2.222741E-1
3.800000E0	7.924133E-1	2.231362E-1
3.833333E0	7.035988E-1	2.762548E-1
3.866667E0	5.720160E-1	3.531685E-1
3.900000E0	5.181063E-1	3.514008E-1
3.933333E0	3.400577E-1	3.396849E-1
3.966667E0	2.915357E-1	2.611932E-1
4.000000E0	1.937848E-1	2.248944E-1
4.033333E0	2.262458E-1	2.150186E-1
4.066667E0	2.897908E-1	2.277620E-1
4.100000E0	4.411772E-1	2.350638E-1
4.133333E0	5.486275E-1	2.466577E-1
4.166667E0	8.364204E-1	2.757523E-1
4.200000E0	9.247200E-1	2.506907E-1
4.233333E0	9.635522E-1	2.364244E-1
4.266667E0	9.871386E-1	2.354135E-1
4.300000E0	9.920249E-1	2.289269E-1
4.333333E0	9.204104E-1	2.784158E-1
4.366667E0	8.091405E-1	3.495567E-1
4.400000E0	7.719790E-1	3.593281E-1
4.433333E0	5.764615E-1	3.172502E-1
4.466667E0	5.482109E-1	2.661240E-1
4.500000E0	4.674987E-1	2.070326E-1
4.533333E0	5.158524E-1	2.022402E-1
4.566667E0	5.815147E-1	2.210445E-1
4.600000E0	7.468531E-1	2.295227E-1
4.633333E0	8.446998E-1	2.398984E-1
4.666667E0	1.130344E0	2.617871E-1
4.700000E0	1.244093E0	2.451245E-1
4.733333E0	1.266823E0	2.376301E-1
4.766667E0	1.311628E0	2.305575E-1
4.800000E0	1.305407E0	2.269080E-1
4.833333E0	1.249747E0	2.651738E-1
4.866667E0	1.129583E0	3.523981E-1
4.900000E0	1.093844E0	3.569319E-1
4.933333E0	9.332011E-1	3.416985E-1
4.966667E0	8.888404E-1	2.714132E-1
5.000000E0	8.262241E-1	2.247094E-1
5.033333E0	8.701892E-1	2.134275E-1
5.066667E0	9.330140E-1	2.236547E-1
5.100000E0	1.116074E0	2.316375E-1
5.133333E0	1.211766E0	2.299491E-1
5.166667E0	1.496539E0	2.565213E-1
5.200000E0	1.626931E0	2.222033E-1
5.233333E0	1.672959E0	2.206685E-1
5.266667E0	1.738731E0	2.235276E-1
5.300000E0	1.734731E0	2.228752E-1
5.333333E0	1.676094E0	2.581471E-1
5.366667E0	1.556846E0	3.144375E-1
5.400000E0	1.495562E0	3.023939E-1
5.433333E0	1.368383E0	2.758396E-1
5.466667E0	1.325419E0	2.382766E-1
5.500000E0	1.259484E0	1.708780E-1
5.533333E0	1.307620E0	1.482357E-1
5.566667E0	1.381906E0	1.571412E-1
5.600000E0	1.552341E0	1.602092E-1
5.633333E0	1.660588E0	1.613538E-1
5.666667E0	1.929697E0	1.790003E-1
5.700000E0	2.063792E0	1.474054E-1
5.733333E0	2.110445E0	1.487531E-1
5.766667E0	2.167870E0	1.532588E-1
5.800000E0	2.172811E0	1.552421E-1
5.833333E0	2.130383E0	1.955719E-1
5.866667E0	2.024787E0	2.691663E-1
5.900000E0	1.975371E0	2.815104E-1
5.933333E0	1.851911E0	2.711947E-1
5.966667E0	1.808171E0	2.316960E-1
6.000000E0	1.743566E0	1.533886E-1
6.033333E0	1.783213E0	1.439263E-1
6.066667E0	1.858971E0	1.487091E-1
6.100000E0	2.033999E0	1.530531E-1
6.133333E0	2.143801E0	1.576667E-1
6.166667E0	2.432302E0	1.752024E-1
6.200000E0	2.558766E0	1.489683E-1
6.233333E0	2.604513E0	1.464267E-1
6.266667E0	2.668795E0	1.531833E-1
6.300000E0	2.672951E0	1.529980E-1
6.333333E0	2.636952E0	1.987183E-1
6.366667E0	2.527108E0	2.769406E-1
6.400000E0	2.482470E0	2.825455E-1
6.433333E0	2.349482E0	2.733210E-1
6.466667E0	2.302305E0	2.520880E-1
6.500000E0	2.239771E0	1.575233E-1
6.533333E0	2.282148E0	1.469465E-1
6.566667E0	2.355526E0	1.504667E-1
6.600000E0	2.531849E0	1.518701E-1
6.633333E0	2.629847E0	1.597826E-1
6.666667E0	2.921330E0	1.754728E-1
6.700000E0	3.039459E0	1.515907E-1
6.733333E0	3.075767E0	1.534640E-1
6.766667E0	3.127807E0	1.532638E-1
6.800000E0	3.119780E0	1.552527E-1
6.833333E0	3.076087E0	2.056036E-1
6.866667E0	2.961107E0	2.724100E-1
6.900000E0	2.923156E0	2.830869E-1
6.933333E0	2.786253E0	2.787020E-1
6.966667E0	2.719947E0	2.535940E-1
7.000000E0	2.656815E0	1.665345E-1
7.033333E0	2.701399E0	1.524456E-1
7.066667E0	2.775990E0	1.547825E-1
7.100000E0	2.947758E0	1.552839E-1
7.133333E0	3.037177E0	1.567532E-1
7.166667E0	3.292233E0	1.735402E-1
7.200000E0	3.404227E0	1.508155E-1
7.233333E0	3.433169E0	1.532557E-1
7.266667E0	3.475657E0	1.542814E-1
7.300000E0	3.471734E0	1.559210E-1
7.333333E0	3.418549E0	2.189519E-1
7.366667E0	3.305345E0	2.812397E-1
7.400000E0	3.248113E0	2.837191E-1
7.433333E0	3.079306E0	2.853086E-1
7.466667E0	3.043972E0	2.643048E-1
7.500000E0	2.940879E0	1.829082E-1
7.533333E0	2.975594E0	1.569412E-1
7.566667E0	3.028149E0	1.651899E-1
7.600000E0	3.181843E0	1.611432E-1
7.633333E0	3.271074E0	1.644389E-1
7.666667E0	3.515008E0	1.786863E-1
7.700000E0	3.657859E0	1.477397E-1
7.733333E0	3.686349E0	1.479114E-1
7.766667E0	3.715414E0	1.528384E-1
7.800000E0	3.728692E0	1.556031E-1
7.833333E0	3.671697E0	2.122772E-1
7.866667E0	3.537134E0	2.736747E-1
7.900000E0	3.467121E0	2.809387E-1
7.933333E0	3.298425E0	2.825320E-1
7.966667E0	3.248140E0	2.596087E-1
8.000000E0	3.161973E0	1.663817E-1
8.033333E0	3.191295E0	1.525727E-1
8.066667E0	3.268155E0	1.590861E-1
8.100000E0	3.407716E0	1.612230E-1
8.133333E0	3.498773E0	1.660811E-1
8.166667E0	3.762776E0	1.738814E-1
8.200000E0	3.848102E0	1.497218E-1
8.233333E0	3.872600E0	1.505071E-1
8.266667E0	3.924760E0	1.524381E-1
8.300000E0	3.946596E0	1.558874E-1
8.333333E0	3.886174E0	2.030823E-1
8.366667E0	3.758673E0	2.766182E-1
8.400000E0	3.697056E0	2.829976E-1
8.433333E0	3.533268E0	2.823790E-1
8.466667E0	3.496235E0	2.652246E-1
8.500000E0	3.402871E0	1.778995E-1
8.533333E0	3.439162E0	1.627141E-1
8.566667E0	3.513369E0	1.688066E-1
8.600000E0	3.673047E0	1.625068E-1
8.633333E0	3.768829E0	1.585688E-1
8.666667E0	4.084089E0	1.715253E-1
8.700000E0	4.171604E0	1.452857E-1
8.733333E0	4.200472E0	1.510039E-1
8.766667E0	4.215575E0	1.586512E-1
8.800000E0	4.232984E0	1.599345E-1
8.833333E0	4.134070E0	2.337578E-1
8.866667E0	4.003084E0	2.759337E-1
8.900000E0	3.949737E0	2.786010E-1
8.933333E0	3.834549E0	2.641683E-1
8.966667E0	3.798458E0	2.265452E-1
9.000000E0	3.781157E0	1.682202E-1
9.033333E0	3.840334E0	1.610545E-1
9.066667E0	3.942654E0	1.659879E-1
9.100000E0	4.127792E0	1.598529E-1
9.133333E0	4.236717E0	1.685665E-1
9.166667E0	4.480021E0	1.671292E-1
9.200000E0	4.548546E0	1.425996E-1
9.233333E0	4.581325E0	1.526352E-1
9.266667E0	4.621734E0	1.551379E-1
9.300000E0	4.616190E0	1.540786E-1
9.333333E0	4.508644E0	2.272062E-1
9.366667E0	4.408899E0	2.735177E-1
9.400000E0	4.356014E0	2.830172E-1
9.433333E0	4.228307E0	2.600271E-1
9.466667E0	4.207748E0	1.915031E-1
9.500000E0	4.161902E0	1.507792E-1
9.533333E0	4.222057E0	1.528201E-1
9.566667E0	4.339727E0	1.556767E-1
9.600000E0	4.510576E0	1.576962E-1
9.633333E0	4.620367E0	1.633227E-1
9.666667E0	4.838544E0	1.633456E-1
9.700000E0	4.921835E0	1.424082E-1
9.733333E0	4.952242E0	1.505475E-1
9.766667E0	4.987318E0	1.541564E-1
9.800000E0	4.980499E0	1.555723E-1
9.833333E0	4.881664E0	2.267136E-1
9.866667E0	4.771159E0	2.665447E-1
9.900000E0	4.711639E0	2.690867E-1
9.933333E0	4.574831E0	2.473904E-1
9.966667E0	4.565345E0	1.994589E-1
1.000000E1	4.525580E0	1.562507E-1
1.003333E1	4.597588E0	1.540112E-1
1.006667E1	4.687341E0	1.580556E-1
1.010000E1	4.873501E0	1.591689E-1
1.013333E1	4.987045E0	1.599746E-1
1.016667E1	5.211237E0	1.641568E-1
1.020000E1	5.298871E0	1.453038E-1
1.023333E1	5.339047E0	1.465553E-1
1.026667E1	5.370193E0	1.549406E-1
1.030000E1	5.387177E0	1.553162E-1
1.033333E1	5.310206E0	2.341250E-1
1.036667E1	5.195043E0	2.743192E-1
1.040000E1	5.149955E0	2.783162E-1
1.043333E1	5.033808E0	2.400394E-1
1.046667E1	5.018456E0	2.059307E-1
1.050000E1	4.933027E0	1.724780E-1
1.053333E1	5.024754E0	1.633968E-1
1.056667E1	5.147468E0	1.576430E-1
1.060000E1	5.323273E0	1.569180E-1
1.063333E1	5.419207E0	1.617110E-1
1.066667E1	5.640670E0	1.605424E-1
1.070000E1	5.720663E0	1.398827E-1
1.073333E1	5.743631E0	1.495049E-1
1.076667E1	5.780084E0	1.529860E-1
1.080000E1	5.772259E0	1.571377E-1
1.083333E1	5.683713E0	2.329792E-1
1.086667E1	5.560518E0	2.731827E-1
1.090000E1	5.504321E0	2.707541E-1
1.093333E1	5.384357E0	2.608806E-1
1.096667E1	5.350646E0	2.275011E-1
1.100000E1	5.314653E0	1.681951E-1
1.103333E1	5.375819E0	1.614431E-1
1.106667E1	5.478413E0	1.567730E-1
1.110000E1	5.646458E0	1.546901E-1
1.113333E1	5.751798E0	1.648947E-1
1.116667E1	5.990523E0	1.612690E-1
1.120000E1	6.044247E0	1.453394E-1
1.123333E1	6.059740E0	1.546071E-1
1.126667E1	6.063318E0	1.660123E-1
1.130000E1	6.059339E0	1.623881E-1
1.133333E1	5.962035E0	2.522803E-1
1.136667E1	5.902068E0	2.693548E-1
1.140000E1	5.790494E0	2.688210E-1
1.143333E1	5.633265E0	2.710085E-1
1.146667E1	5.597523E0	2.464985E-1
1.150000E1	5.562538E0	1.728307E-1
1.153333E1	5.608219E0	1.650140E-1
1.156667E1	5.713444E0	1.656298E-1
1.160000E1	5.876555E0	1.623013E-1
1.163333E1	5.985028E0	1.669587E-1
1.166667E1	6.191284E0	1.676985E-1
1.170000E1	6.266650E0	1.471188E-1
1.173333E1	6.283308E0	1.516166E-1
1.176667E1	6.285894E0	1.587014E-1
1.180000E1	6.276126E0	1.587315E-1
1.183333E1	6.145532E0	2.434244E-1
1.186667E1	5.997242E0	2.815201E-1
1.190000E1	5.955911E0	2.900519E-1
1.193333E1	5.834771E0	2.789083E-1
1.196667E1	5.749917E0	2.307397E-1
1.200000E1	5.698339E0	1.742567E-1
1.203333E1	5.750848E0	1.632090E-1
1.206667E1	5.794606E0	1.577102E-1
1.210000E1	5.908243E0	1.589593E-1
1.213333E1	6.019240E0	1.651478E-1
1.216667E1	6.201974E0	1.694477E-1
1.220000E1	6.387249E0	1.460586E-1
1.223333E1	6.419135E0	1.500655E-1
1.226667E1	6.423235E0	1.573582E-1
1.230000E1	6.415679E0	1.616224E-1
1.233333E1	6.369393E0	1.989804E-1
1.236667E1	6.148507E0	2.930498E-1
1.240000E1	6.101291E0	2.967057E-1
1.243333E1	5.984122E0	2.803546E-1
1.246667E1	5.897405E0	2.265422E-1
1.250000E1	5.849131E0	1.711031E-1
1.253333E1	5.896107E0	1.639714E-1
1.256667E1	5.937428E0	1.565609E-1
1.260000E1	6.058074E0	1.565268E-1
1.263333E1	6.232271E0	1.721538E-1
1.266667E1	6.405340E0	1.687181E-1
1.270000E1	6.530887E0	1.463146E-1
1.273333E1	6.551698E0	1.502350E-1
1.276667E1	6.568897E0	1.580215E-1
1.280000E1	6.559850E0	1.578995E-1
1.283333E1	6.505028E0	2.017031E-1
1.286667E1	6.303808E0	2.854303E-1
1.290000E1	6.277608E0	2.863952E-1
1.293333E1	6.141710E0	2.746812E-1
1.296667E1	6.063753E0	2.227450E-1
1.300000E1	5.996932E0	1.737538E-1
1.303333E1	6.046912E0	1.644095E-1
1.306667E1	6.095173E0	1.630285E-1
1.310000E1	6.246117E0	1.612264E-1
1.313333E1	6.414468E0	1.700556E-1
1.316667E1	6.560273E0	1.683188E-1
1.320000E1	6.687823E0	1.469097E-1
1.323333E1	6.706083E0	1.495368E-1
1.326667E1	6.708467E0	1.608019E-1
1.330000E1	6.701912E0	1.587443E-1
1.333333E1	6.663701E0	2.010678E-1
1.336667E1	6.462117E0	2.855413E-1
1.340000E1	6.430924E0	2.862387E-1
1.343333E1	6.295599E0	2.723539E-1
1.346667E1	6.218156E0	2.079907E-1
1.350000E1	6.142426E0	1.724042E-1
1.353333E1	6.189129E0	1.622163E-1
1.356667E1	6.226953E0	1.538552E-1
1.360000E1	6.348143E0	1.596315E-1
1.363333E1	6.511656E0	1.634173E-1
1.366667E1	6.643539E0	1.717788E-1
1.370000E1	6.762797E0	1.457537E-1
1.373333E1	6.776760E0	1.510540E-1
1.376667E1	6.777213E0	1.581070E-1
1.380000E1	6.768440E0	1.585578E-1
1.383333E1	6.718881E0	1.996182E-1
1.386667E1	6.504609E0	2.805647E-1
1.390000E1	6.465528E0	2.899322E-1
1.393333E1	6.336500E0	2.791190E-1
1.396667E1	6.245390E0	2.220948E-1
1.400000E1	6.199081E0	1.707974E-1
1.403333E1	6.236647E0	1.594056E-1
1.406667E1	6.295898E0	1.560946E-1
1.410000E1	6.408425E0	1.606911E-1
1.413333E1	6.578569E0	1.684905E-1
1.416667E1	6.709407E0	1.695548E-1
1.420000E1	6.827554E0	1.450861E-1
1.423333E1	6.839698E0	1.495230E-1
1.426667E1	6.840690E0	1.600510E-1
1.430000E1	6.832430E0	1.633773E-1
1.433333E1	6.768294E0	2.066977E-1
1.436667E1	6.563307E0	2.845975E-1
1.440000E1	6.527951E0	2.921553E-1
1.443333E1	6.394945E0	2.793158E-1
1.446667E1	6.293646E0	2.052339E-1
1.450000E1	6.234618E0	1.734315E-1
1.453333E1	6.279033E0	1.533661E-1
1.456667E1	6.315870E0	1.634814E-1
1.460000E1	6.457493E0	1.624031E-1
1.463333E1	6.631504E0	1.710954E-1
1.466667E1	6.772529E0	1.704228E-1
1.470000E1	6.891484E0	1.456300E-1
1.473333E1	6.908548E0	1.527549E-1
1.476667E1	6.914183E0	1.605672E-1
1.480000E1	6.905719E0	1.612897E-1
1.483333E1	6.837696E0	2.022220E-1
1.486667E1	6.627695E0	2.796576E-1
1.490000E1	6.601281E0	2.921172E-1
1.493333E1	6.471168E0	2.816766E-1
1.496667E1	6.362015E0	2.045364E-1
1.500000E1	6.311119E0	1.764283E-1
1.503333E1	6.346836E0	1.510714E-1
1.506667E1	6.371042E0	1.529624E-1
1.510000E1	6.497668E0	1.581331E-1
1.513333E1	6.649757E0	1.703574E-1
1.516667E1	6.784987E0	1.684946E-1
1.520000E1	6.904672E0	1.468969E-1
1.523333E1	6.917722E0	1.496629E-1
1.526667E1	6.917546E0	1.564566E-1
1.530000E1	6.904282E0	1.630740E-1
1.533333E1	6.842437E0	1.967724E-1
1.536667E1	6.631048E0	2.801196E-1
1.540000E1	6.597176E0	2.904262E-1
1.543333E1	6.471424E0	2.848294E-1
1.546667E1	6.358881E0	2.115413E-1
1.550000E1	6.304365E0	1.729536E-1
1.553333E1	6.342786E0	1.533735E-1
1.556667E1	6.366996E0	1.555537E-1
1.560000E1	6.490332E0	1.596415E-1
1.563333E1	6.644974E0	1.656791E-1
1.566667E1	6.776846E0	1.690325E-1
1.570000E1	6.891544E0	1.485770E-1
1.573333E1	6.909130E0	1.504658E-1
1.576667E1	6.907553E0	1.597057E-1
1.580000E1	6.899411E0	1.609522E-1
1.583333E1	6.819243E0	2.143981E-1
1.586667E1	6.609384E0	2.812239E-1
1.590000E1	6.562420E0	2.878627E-1
1.593333E1	6.415428E0	2.789743E-1
1.596667E1	6.328024E0	2.102000E-1
1.600000E1	6.263496E0	1.676651E-1
1.603333E1	6.293047E0	1.540406E-1
1.606667E1	6.318781E0	1.589671E-1
1.610000E1	6.474228E0	1.624041E-1
1.613333E1	6.622748E0	1.726986E-1
1.616667E1	6.763994E0	1.754171E-1
1.620000E1	6.883806E0	1.493499E-1
1.623333E1	6.905806E0	1.500235E-1
1.626667E1	6.898116E0	1.611871E-1
1.630000E1	6.895762E0	1.607834E-1
1.633333E1	6.815208E0	2.063050E-1
1.636667E1	6.620669E0	2.759370E-1
1.640000E1	6.575926E0	2.853653E-1
1.643333E1	6.414400E0	2.791633E-1
1.646667E1	6.321456E0	2.157002E-1
1.650000E1	6.251484E0	1.672817E-1
1.653333E1	6.293291E0	1.480253E-1
1.656667E1	6.321389E0	1.577457E-1
1.660000E1	6.487292E0	1.628095E-1
1.663333E1	6.621132E0	1.711596E-1
1.666667E1	6.763204E0	1.712003E-1
1.670000E1	6.881901E0	1.466783E-1
1.673333E1	6.901812E0	1.483979E-1
1.676667E1	6.905936E0	1.552674E-1
1.680000E1	6.899494E0	1.578987E-1
1.683333E1	6.828941E0	2.038270E-1
1.686667E1	6.624277E0	2.785484E-1
1.690000E1	6.578152E0	2.850089E-1
1.693333E1	6.421789E0	2.810701E-1
1.696667E1	6.330993E0	2.236055E-1
1.700000E1	6.261530E0	1.713096E-1
1.703333E1	6.311613E0	1.579980E-1
1.706667E1	6.355207E0	1.547044E-1
1.710000E1	6.509626E0	1.606460E-1
1.713333E1	6.639231E0	1.668668E-1
1.716667E1	6.775407E0	1.696530E-1
1.720000E1	6.894930E0	1.495323E-1
1.723333E1	6.912876E0	1.502257E-1
1.726667E1	6.915715E0	1.593764E-1
1.730000E1	6.906764E0	1.598458E-1
1.733333E1	6.841115E0	1.933947E-1
1.736667E1	6.621934E0	2.762983E-1
1.740000E1	6.587503E0	2.827216E-1
1.743333E1	6.431750E0	2.798090E-1
1.746667E1	6.332744E0	2.123628E-1
1.750000E1	6.262591E0	1.669196E-1
1.753333E1	6.297323E0	1.529591E-1
1.756667E1	6.327892E0	1.592501E-1
1.760000E1	6.492530E0	1.601230E-1
1.763333E1	6.615213E0	1.662101E-1
1.766667E1	6.763174E0	1.692089E-1
1.770000E1	6.880468E0	1.485919E-1
1.773333E1	6.901517E0	1.486635E-1
1.776667E1	6.903355E0	1.552475E-1
1.780000E1	6.901985E0	1.600484E-1
1.783333E1	6.829639E0	2.027101E-1
1.786667E1	6.615913E0	2.784486E-1
1.790000E1	6.578933E0	2.809531E-1
1.793333E1	6.418236E0	2.810198E-1
1.796667E1	6.324905E0	2.269292E-1
1.800000E1	6.258649E0	1.674697E-1
1.803333E1	6.298800E0	1.496982E-1
1.806667E1	6.330708E0	1.548554E-1
1.810000E1	6.500042E0	1.611755E-1
1.813333E1	6.610228E0	1.679102E-1
1.816667E1	6.761012E0	1.681163E-1
1.820000E1	6.884886E0	1.486440E-1
1.823333E1	6.905212E0	1.506969E-1
1.826667E1	6.908532E0	1.553108E-1
1.830000E1	6.903461E0	1.625347E-1
1.833333E1	6.837254E0	2.021678E-1
1.836667E1	6.622011E0	2.775734E-1
1.840000E1	6.586647E0	2.827252E-1
1.843333E1	6.433449E0	2.799260E-1
1.846667E1	6.355030E0	2.468822E-1
1.850000E1	6.237431E0	1.568254E-1
1.853333E1	6.282782E0	1.411896E-1
1.856667E1	6.311992E0	1.547439E-1
1.860000E1	6.521502E0	1.627157E-1
1.863333E1	6.605889E0	1.667441E-1
1.866667E1	6.764464E0	1.698644E-1
1.870000E1	6.877660E0	1.397220E-1
1.873333E1	6.878208E0	1.449089E-1
1.876667E1	6.859479E0	1.537866E-1
1.880000E1	6.842666E0	1.588731E-1
1.883333E1	6.790829E0	1.894841E-1
1.886667E1	6.560120E0	2.717709E-1
1.890000E1	6.522449E0	2.828189E-1
1.893333E1	6.408577E0	2.757834E-1
1.896667E1	6.273970E0	1.875197E-1
1.900000E1	6.228394E0	1.463876E-1
1.903333E1	6.256165E0	1.440599E-1
1.906667E1	6.294942E0	1.464952E-1
1.910000E1	6.522213E0	1.642095E-1
1.913333E1	6.587651E0	1.556705E-1
1.916667E1	6.717662E0	1.636953E-1
1.920000E1	6.830340E0	1.432634E-1
1.923333E1	6.848221E0	1.469662E-1
1.926667E1	6.847016E0	1.559847E-1
1.930000E1	6.839342E0	1.625752E-1
1.933333E1	6.783924E0	2.039318E-1
1.936667E1	6.561638E0	2.709313E-1
1.940000E1	6.524431E0	2.777753E-1
1.943333E1	6.402365E0	2.682336E-1
1.946667E1	6.287403E0	1.821667E-1
1.950000E1	6.260130E0	1.617028E-1
1.953333E1	6.268240E0	1.385429E-1
1.956667E1	6.313709E0	1.503830E-1
1.960000E1	6.521200E0	1.584584E-1
1.963333E1	6.645554E0	1.590933E-1
1.966667E1	6.785351E0	1.618092E-1
1.970000E1	6.909280E0	1.409619E-1
1.973333E1	6.925418E0	1.444243E-1
1.976667E1	6.930899E0	1.514890E-1
1.980000E1	6.923592E0	1.544686E-1
1.983333E1	6.882316E0	2.064396E-1
1.986667E1	6.684576E0	2.768369E-1
1.990000E1	6.647483E0	2.773072E-1
1.993333E1	6.484533E0	2.416914E-1
1.996667E1	6.453147E0	2.038522E-1
2.000000E1	6.399038E0	1.589277E-1
2.003333E1	6.464457E0	1.514547E-1
2.006667E1	6.505350E0	1.502556E-1
2.010000E1	6.651428E0	1.503434E-1
2.013333E1	6.796726E0	1.599587E-1
2.016667E1	6.941586E0	1.640778E-1
2.020000E1	7.049938E0	1.519389E-1
2.023333E1	7.080891E0	1.487067E-1
2.026667E1	7.119727E0	1.524113E-1
2.030000E1	7.130615E0	1.519375E-1
2.033333E1	7.088227E0	1.910024E-1
2.036667E1	6.960337E0	2.600672E-1
2.040000E1	6.912085E0	2.435026E-1
2.043333E1	6.766514E0	2.216665E-1
2.046667E1	6.734538E0	2.068601E-1
2.050000E1	6.646024E0	1.106700E-1
2.053333E1	6.672301E0	9.805607E-2
2.056667E1	6.743906E0	1.025837E-1
2.060000E1	6.909665E0	9.177963E-2
2.063333E1	7.008684E0	9.114538E-2
2.066667E1	7.266622E0	1.090906E-1
2.070000E1	7.379848E0	8.307108E-2
2.073333E1	7.411502E0	7.874697E-2
2.076667E1	7.475256E0	8.161851E-2
2.080000E1	7.491620E0	8.219930E-2
2.083333E1	7.469934E0	1.231629E-1
2.086667E1	7.367389E0	1.872526E-1
2.090000E1	7.322232E0	1.821705E-1
2.093333E1	7.194289E0	1.534453E-1
2.096667E1	7.178397E0	1.431237E-1
2.100000E1	7.131411E0	6.291580E-2
2.103333E1	7.173346E0	6.595383E-2
2.106667E1	7.245343E0	7.474090E-2
2.110000E1	7.441041E0	7.834455E-2
2.113333E1	7.528649E0	8.909208E-2
2.116667E1	7.837961E0	9.589438E-2
2.120000E1	7.975182E0	7.725801E-2
2.123333E1	8.020376E0	7.557270E-2
2.126667E1	8.112691E0	8.481720E-2
2.130000E1	8.139039E0	8.306147E-2
2.133333E1	8.139795E0	1.163523E-1
2.136667E1	8.067041E0	1.535340E-1
2.140000E1	8.011981E0	1.577797E-1
2.143333E1	7.908684E0	1.413692E-1
2.146667E1	7.893564E0	1.247048E-1
2.150000E1	7.862538E0	3.482694E-2
2.153333E1	7.917929E0	1.731882E-2
2.156667E1	8.014699E0	1.741299E-2
2.160000E1	8.175641E0	1.287817E-2
2.163333E1	8.279302E0	1.537449E-2
2.166667E1	8.590051E0	2.117480E-2
2.170000E1	8.729177E0	2.070842E-3
2.173333E1	8.832759E0	7.626138E-3
2.176667E1	8.942002E0	4.395025E-3
2.180000E1	8.978288E0	7.390647E-3
2.183333E1	9.019802E0	2.493122E-2
2.186667E1	8.995313E0	6.992829E-2
2.190000E1	8.978516E0	8.623263E-2
2.193333E1	8.941686E0	7.014020E-2
2.196667E1	8.938265E0	5.390582E-2
2.200000E1	8.951276E0	-1.690167E-2
2.203333E1	9.029939E0	-2.519323E-2
2.206667E1	9.112418E0	-1.524837E-2
2.210000E1	9.300973E0	1.304072E-3
2.213333E1	9.429913E0	5.897350E-3
2.216667E1	9.796102E0	2.478942E-2
2.220000E1	9.959460E0	9.489406E-3
2.223333E1	1.006754E1	9.777855E-3
2.226667E1	1.021681E1	7.466184E-3
2.230000E1	1.025111E1	3.679379E-3
2.233333E1	1.034514E1	2.189671E-2
2.236667E1	1.035913E1	7.653364E-2
2.240000E1	1.035632E1	9.333370E-2
2.243333E1	1.035536E1	7.673213E-2
2.246667E1	1.036048E1	6.409143E-2
2.250000E1	1.039056E1	-2.336667E-2
2.253333E1	1.048514E1	-3.935997E-2
2.256667E1	1.054666E1	-6.568511E-2
2.260000E1	1.077749E1	-5.736724E-2
2.263333E1	1.091867E1	-4.720677E-2
2.266667E1	1.126214E1	-2.611939E-2
2.270000E1	1.140663E1	-1.988724E-2
2.273333E1	1.151342E1	-2.123926E-2
2.276667E1	1.167269E1	-3.476108E-3
2.280000E1	1.169653E1	-8.136206E-3
2.283333E1	1.179207E1	1.708252E-2
2.286667E1	1.180666E1	6.598197E-2
2.290000E1	1.180208E1	9.040683E-2
2.293333E1	1.180365E1	8.870823E-2
2.296667E1	1.181102E1	7.396754E-2
2.300000E1	1.183271E1	-9.174533E-3
2.303333E1	1.191347E1	-3.369366E-2
2.306667E1	1.197573E1	-4.946777E-2
2.310000E1	1.216289E1	-5.503671E-2
2.313333E1	1.229052E1	-4.209163E-2
2.316667E1	1.262885E1	-3.274385E-2
2.320000E1	1.277959E1	-5.228651E-2
2.323333E1	1.288884E1	-5.512581E-2
2.326667E1	1.304196E1	-6.029270E-2
2.330000E1	1.307431E1	-6.420215E-2
2.333333E1	1.312334E1	-1.134604E-2
2.336667E1	1.310143E1	5.465147E-2
2.340000E1	1.310124E1	7.019509E-2
2.343333E1	1.310251E1	5.903133E-2
2.346667E1	1.311781E1	4.851871E-2
2.350000E1	1.313599E1	-3.321286E-2
2.353333E1	1.324831E1	-4.385484E-2
2.356667E1	1.329479E1	-5.716107E-2
2.360000E1	1.351672E1	-5.461582E-2
2.363333E1	1.366976E1	-3.938823E-2
2.366667E1	1.396746E1	-2.155268E-2
2.370000E1	1.411120E1	-2.680708E-2
2.373333E1	1.415928E1	-2.689966E-2
2.376667E1	1.426279E1	4.737917E-3
2.380000E1	1.428694E1	3.203991E-3
2.383333E1	1.431323E1	6.921800E-2
2.386667E1	1.429147E1	1.295673E-1
2.390000E1	1.427037E1	1.411625E-1
2.393333E1	1.425747E1	1.318265E-1
2.396667E1	1.426488E1	1.249884E-1
2.400000E1	1.428409E1	5.293925E-2
2.403333E1	1.438178E1	6.757923E-2
2.406667E1	1.453061E1	9.487295E-2
2.410000E1	1.471323E1	8.449132E-2
2.413333E1	1.479891E1	8.712199E-2
2.416667E1	1.502870E1	9.963714E-2
2.420000E1	1.516840E1	7.276274E-2
2.423333E1	1.521900E1	7.959814E-2
2.426667E1	1.529193E1	8.490471E-2
2.430000E1	1.531597E1	8.901165E-2
2.433333E1	1.535534E1	1.451414E-1
2.436667E1	1.531437E1	2.057220E-1
2.440000E1	1.528092E1	2.135586E-1
2.443333E1	1.525867E1	2.066639E-1
2.446667E1	1.526758E1	1.963141E-1
2.450000E1	1.527914E1	1.373042E-1
2.453333E1	1.535568E1	1.453388E-1
2.456667E1	1.541157E1	1.490527E-1
2.460000E1	1.558412E1	1.531257E-1
2.463333E1	1.572273E1	1.666198E-1
2.466667E1	1.598280E1	1.763103E-1
2.470000E1	1.608425E1	1.540465E-1
2.473333E1	1.612936E1	1.608001E-1
2.476667E1	1.620560E1	1.623956E-1
2.480000E1	1.622797E1	1.572331E-1
2.483333E1	1.622740E1	2.325004E-1
2.486667E1	1.616761E1	2.828714E-1
2.490000E1	1.613378E1	2.937379E-1
2.493333E1	1.608908E1	2.844574E-1
2.496667E1	1.607411E1	2.774700E-1
2.500000E1	1.606472E1	2.179692E-1
2.503333E1	1.612471E1	2.238064E-1
2.506667E1	1.621028E1	2.288632E-1
2.510000E1	1.638391E1	2.293716E-1
2.513333E1	1.647883E1	2.403705E-1
2.516667E1	1.671337E1	2.459553E-1
2.520000E1	1.680028E1	2.185756E-1
2.523333E1	1.683509E1	2.281141E-1
2.526667E1	1.691172E1	2.381187E-1
2.530000E1	1.693591E1	2.354164E-1
2.533333E1	1.692793E1	3.134546E-1
2.536667E1	1.686197E1	3.600401E-1
2.540000E1	1.683284E1	3.632392E-1
2.543333E1	1.678729E1	3.478761E-1
2.546667E1	1.678192E1	3.400068E-1
2.550000E1	1.677827E1	2.887104E-1
2.553333E1	1.682766E1	2.882723E-1
2.556667E1	1.691994E1	2.987147E-1
2.560000E1	1.708906E1	2.956500E-1
2.563333E1	1.718677E1	2.986312E-1
2.566667E1	1.739430E1	2.978536E-1
2.570000E1	1.748379E1	2.802193E-1
2.573333E1	1.753746E1	2.875365E-1
2.576667E1	1.761532E1	2.961903E-1
2.580000E1	1.762266E1	3.010613E-1
2.583333E1	1.764510E1	3.755319E-1
2.586667E1	1.759382E1	4.278506E-1
2.590000E1	1.756722E1	4.275579E-1
2.593333E1	1.753171E1	4.065768E-1
2.596667E1	1.750435E1	4.008124E-1
2.600000E1	1.751003E1	3.229419E-1
2.603333E1	1.758526E1	3.135455E-1
2.606667E1	1.764821E1	3.073938E-1
2.610000E1	1.782926E1	2.995882E-1
2.613333E1	1.793267E1	3.074580E-1
2.616667E1	1.820164E1	3.045977E-1
2.620000E1	1.830921E1	2.805144E-1
2.623333E1	1.835962E1	2.941218E-1
2.626667E1	1.845112E1	2.955589E-1
2.630000E1	1.847234E1	2.936524E-1
2.633333E1	1.847793E1	3.513216E-1
2.636667E1	1.843781E1	4.204901E-1
2.640000E1	1.842712E1	4.248873E-1
2.643333E1	1.841205E1	4.066263E-1
2.646667E1	1.838263E1	3.966906E-1
2.650000E1	1.838765E1	3.148530E-1
2.653333E1	1.845717E1	2.992865E-1
2.656667E1	1.853969E1	2.981115E-1
2.660000E1	1.870054E1	2.955838E-1
2.663333E1	1.880609E1	2.979288E-1
2.666667E1	1.907154E1	3.015910E-1
2.670000E1	1.918292E1	2.779032E-1
2.673333E1	1.924186E1	2.904565E-1
2.676667E1	1.933884E1	2.942212E-1
2.680000E1	1.936403E1	2.962878E-1
2.683333E1	1.940051E1	3.418791E-1
2.686667E1	1.936807E1	4.149397E-1
2.690000E1	1.936651E1	4.220092E-1
2.693333E1	1.935677E1	4.178025E-1
2.696667E1	1.935348E1	3.847160E-1
2.700000E1	1.938567E1	3.026439E-1
2.703333E1	1.946084E1	2.979960E-1
2.706667E1	1.954826E1	2.991092E-1
2.710000E1	1.971115E1	2.951562E-1
2.713333E1	1.982416E1	2.925882E-1
2.716667E1	2.008974E1	3.027840E-1
2.720000E1	2.021968E1	2.845212E-1
2.723333E1	2.027246E1	2.853282E-1
2.726667E1	2.037827E1	2.949609E-1
2.730000E1	2.040986E1	2.894439E-1
2.733333E1	2.042532E1	3.278230E-1
2.736667E1	2.039659E1	3.740402E-1
2.740000E1	2.038990E1	3.637353E-1
2.743333E1	2.037605E1	3.316213E-1
2.746667E1	2.038593E1	2.962706E-1
2.750000E1	2.040469E1	2.248388E-1
2.753333E1	2.047932E1	2.131653E-1
2.756667E1	2.053494E1	2.184591E-1
2.760000E1	2.069434E1	2.247530E-1
2.763333E1	2.085153E1	2.240075E-1
2.766667E1	2.110703E1	2.360353E-1
2.770000E1	2.123440E1	2.130752E-1
2.773333E1	2.128605E1	2.137890E-1
2.776667E1	2.139044E1	2.206901E-1
2.780000E1	2.141654E1	2.175777E-1
2.783333E1	2.143146E1	2.607213E-1
2.786667E1	2.139935E1	3.072093E-1
2.790000E1	2.138944E1	2.983229E-1
2.793333E1	2.138330E1	2.760678E-1
2.796667E1	2.139162E1	2.640818E-1
2.800000E1	2.141087E1	1.893732E-1
2.803333E1	2.146377E1	1.933902E-1
2.806667E1	2.155267E1	2.088661E-1
2.810000E1	2.171932E1	2.199140E-1
2.813333E1	2.182264E1	2.248800E-1
2.816667E1	2.206729E1	2.308739E-1
2.820000E1	2.216156E1	2.036819E-1
2.823333E1	2.220624E1	2.187900E-1
2.826667E1	2.228537E1	2.201563E-1
2.830000E1	2.230372E1	2.169697E-1
2.833333E1	2.230801E1	2.663688E-1
2.836667E1	2.225615E1	3.311059E-1
2.840000E1	2.224064E1	3.110713E-1
2.843333E1	2.221661E1	2.818005E-1
2.846667E1	2.220365E1	2.616145E-1
2.850000E1	2.219516E1	1.835418E-1
2.853333E1	2.225529E1	1.686168E-1
2.856667E1	2.231358E1	1.721775E-1
2.860000E1	2.245867E1	1.635239E-1
2.863333E1	2.262533E1	1.704357E-1
2.866667E1	2.278851E1	1.779221E-1
2.870000E1	2.294710E1	1.452349E-1
2.873333E1	2.297318E1	1.531854E-1
2.876667E1	2.306626E1	1.559845E-1
2.880000E1	2.309590E1	1.537598E-1
2.883333E1	2.309271E1	1.747589E-1
2.886667E1	2.304831E1	2.701155E-1
2.890000E1	2.303812E1	2.864637E-1
2.893333E1	2.302001E1	2.702786E-1
2.896667E1	2.298188E1	2.434002E-1
2.900000E1	2.297217E1	1.749253E-1
2.903333E1	2.304270E1	1.460911E-1
2.906667E1	2.309467E1	1.473774E-1
2.910000E1	2.321687E1	1.572118E-1
2.913333E1	2.336983E1	1.611029E-1
2.916667E1	2.351613E1	1.708791E-1
2.920000E1	2.365129E1	1.476474E-1
2.923333E1	2.367314E1	1.510109E-1
2.926667E1	2.374716E1	1.575248E-1
2.930000E1	2.376722E1	1.597953E-1
2.933333E1	2.378116E1	1.820914E-1
2.936667E1	2.371498E1	2.701909E-1
2.940000E1	2.369190E1	2.852500E-1
2.943333E1	2.365375E1	2.679214E-1
2.946667E1	2.362707E1	2.476213E-1
2.950000E1	2.360485E1	1.736095E-1
2.953333E1	2.365742E1	1.524498E-1
2.956667E1	2.369057E1	1.600932E-1
2.960000E1	2.381610E1	1.564837E-1
2.963333E1	2.397996E1	1.780303E-1
2.966667E1	2.414088E1	1.771323E-1
2.970000E1	2.428482E1	1.542768E-1
2.973333E1	2.430555E1	1.519197E-1
2.976667E1	2.437527E1	1.591252E-1
2.980000E1	2.441012E1	1.670847E-1
2.983333E1	2.443715E1	1.954386E-1
2.986667E1	2.434549E1	2.926801E-1
2.990000E1	2.433248E1	3.005490E-1
2.993333E1	2.429595E1	2.820410E-1
2.996667E1	2.425636E1	2.458304E-1
3.000000E1	2.421433E1	1.827614E-1
3.003333E1	2.428485E1	1.633091E-1
3.006667E1	2.432900E1	1.672117E-1
3.010000E1	2.448977E1	1.635355E-1
3.013333E1	2.462934E1	1.689503E-1
3.016667E1	2.478438E1	1.811445E-1
3.020000E1	2.493970E1	1.490297E-1
3.023333E1	2.495915E1	1.497402E-1
3.026667E1	2.503420E1	1.578251E-1
3.030000E1	2.506317E1	1.646357E-1
3.033333E1	2.509076E1	1.889218E-1
3.036667E1	2.501648E1	2.936090E-1
3.040000E1	2.499445E1	3.008177E-1
3.043333E1	2.495739E1	2.821953E-1
3.046667E1	2.492742E1	2.516626E-1
3.050000E1	2.492731E1	1.915646E-1
3.053333E1	2.497954E1	1.887340E-1
3.056667E1	2.504236E1	1.738338E-1
3.060000E1	2.515171E1	1.668155E-1
3.063333E1	2.533118E1	1.725924E-1
3.066667E1	2.547739E1	1.755512E-1
3.070000E1	2.561944E1	1.463177E-1
3.073333E1	2.564730E1	1.542916E-1
3.076667E1	2.572722E1	1.589905E-1
3.080000E1	2.576691E1	1.573138E-1
3.083333E1	2.579032E1	1.955879E-1
3.086667E1	2.573264E1	2.981198E-1
3.090000E1	2.571723E1	3.032799E-1
3.093333E1	2.569173E1	2.848439E-1
3.096667E1	2.566871E1	2.615751E-1
3.100000E1	2.565447E1	2.162292E-1
3.103333E1	2.573030E1	2.008789E-1
3.106667E1	2.577641E1	2.138827E-1
3.110000E1	2.592346E1	2.236167E-1
3.113333E1	2.609151E1	2.315986E-1
3.116667E1	2.624065E1	2.370697E-1
3.120000E1	2.640140E1	2.095732E-1
3.123333E1	2.641822E1	2.142715E-1
3.126667E1	2.649713E1	2.266832E-1
3.130000E1	2.654176E1	2.257615E-1
3.133333E1	2.655063E1	2.475143E-1
3.136667E1	2.650378E1	3.502176E-1
3.140000E1	2.650538E1	3.627548E-1
3.143333E1	2.649359E1	3.667598E-1
3.146667E1	2.650043E1	3.637179E-1
3.150000E1	2.644257E1	2.487569E-1
3.153333E1	2.651739E1	2.314186E-1
3.156667E1	2.655800E1	2.265215E-1
3.160000E1	2.666378E1	2.297681E-1
3.163333E1	2.676963E1	2.289850E-1
3.166667E1	2.699351E1	2.373664E-1
3.170000E1	2.711562E1	2.114945E-1
3.173333E1	2.713528E1	2.151612E-1
3.176667E1	2.721155E1	2.265324E-1
3.180000E1	2.723381E1	2.336968E-1
3.183333E1	2.725715E1	2.620534E-1
3.186667E1	2.718952E1	3.577922E-1
3.190000E1	2.716705E1	3.682919E-1
3.193333E1	2.713213E1	3.472180E-1
3.196667E1	2.709252E1	3.212565E-1
3.200000E1	2.707504E1	2.579039E-1
3.203333E1	2.713217E1	2.295079E-1
3.206667E1	2.716753E1	2.279204E-1
3.210000E1	2.728067E1	2.275791E-1
3.213333E1	2.745619E1	2.403847E-1
3.216667E1	2.760358E1	2.484474E-1
3.220000E1	2.775683E1	2.168334E-1
3.223333E1	2.778063E1	2.233713E-1
3.226667E1	2.783363E1	2.304094E-1
3.230000E1	2.786993E1	2.363511E-1
3.233333E1	2.789165E1	2.606935E-1
3.236667E1	2.783364E1	3.415382E-1
3.240000E1	2.781105E1	3.573106E-1
3.243333E1	2.776954E1	3.418510E-1
3.246667E1	2.773454E1	3.125944E-1
3.250000E1	2.771433E1	2.436973E-1
3.253333E1	2.776541E1	2.236039E-1
3.256667E1	2.779267E1	2.304833E-1
3.260000E1	2.792229E1	2.274426E-1
3.263333E1	2.808125E1	2.382250E-1
3.266667E1	2.824197E1	2.438516E-1
3.270000E1	2.839249E1	2.159785E-1
3.273333E1	2.841473E1	2.201637E-1
3.276667E1	2.848479E1	2.294095E-1
3.280000E1	2.851133E1	2.363920E-1
3.283333E1	2.854630E1	2.622707E-1
3.286667E1	2.846026E1	3.620560E-1
3.290000E1	2.844394E1	3.716440E-1
3.293333E1	2.840706E1	3.497106E-1
3.296667E1	2.837346E1	3.285144E-1
3.300000E1	2.835354E1	2.578291E-1
3.303333E1	2.840434E1	2.254196E-1
3.306667E1	2.843491E1	2.232862E-1
3.310000E1	2.854401E1	2.274878E-1
3.313333E1	2.869604E1	2.304831E-1
3.316667E1	2.883792E1	2.396764E-1
3.320000E1	2.897884E1	2.159934E-1
3.323333E1	2.899715E1	2.165365E-1
3.326667E1	2.905358E1	2.283376E-1
3.330000E1	2.908801E1	2.348639E-1
3.333333E1	2.911937E1	2.675881E-1
3.336667E1	2.902927E1	3.653322E-1
3.340000E1	2.900809E1	3.693186E-1
3.343333E1	2.895118E1	3.516946E-1
3.346667E1	2.890866E1	3.136435E-1
3.350000E1	2.887392E1	2.561244E-1
3.353333E1	2.892891E1	2.256928E-1
3.356667E1	2.896389E1	2.264110E-1
3.360000E1	2.907993E1	2.262260E-1
3.363333E1	2.923197E1	2.397247E-1
3.366667E1	2.938767E1	2.415283E-1
3.370000E1	2.952925E1	2.215361E-1
3.373333E1	2.955481E1	2.218764E-1
3.376667E1	2.960450E1	2.322627E-1
3.380000E1	2.963833E1	2.305227E-1
3.383333E1	2.964474E1	2.712482E-1
3.386667E1	2.954154E1	3.698523E-1
3.390000E1	2.951853E1	3.729294E-1
3.393333E1	2.945980E1	3.517760E-1
3.396667E1	2.941686E1	3.205552E-1
3.400000E1	2.939389E1	2.616555E-1
3.403333E1	2.942891E1	2.507470E-1
3.406667E1	2.945383E1	2.460355E-1
3.410000E1	2.956995E1	2.377772E-1
3.413333E1	2.971428E1	2.423869E-1
3.416667E1	2.985001E1	2.460608E-1
3.420000E1	2.997491E1	2.210877E-1
3.423333E1	2.999801E1	2.238970E-1
3.426667E1	3.005054E1	2.344257E-1
3.430000E1	3.007863E1	2.304615E-1
3.433333E1	3.008085E1	2.682324E-1
3.436667E1	2.997663E1	3.657738E-1
3.440000E1	2.995448E1	3.715030E-1
3.443333E1	2.990313E1	3.465726E-1
3.446667E1	2.985677E1	3.115866E-1
3.450000E1	2.982817E1	2.610866E-1
3.453333E1	2.985012E1	2.495079E-1
3.456667E1	2.987580E1	2.373957E-1
3.460000E1	2.998599E1	2.366856E-1
3.463333E1	3.013454E1	2.420253E-1
3.466667E1	3.026898E1	2.493862E-1
3.470000E1	3.039742E1	2.207699E-1
3.473333E1	3.042004E1	2.223649E-1
3.476667E1	3.046273E1	2.376674E-1
3.480000E1	3.050353E1	2.333644E-1
3.483333E1	3.050182E1	2.742152E-1
3.486667E1	3.039797E1	3.667479E-1
3.490000E1	3.037083E1	3.668272E-1
3.493333E1	3.031456E1	3.531354E-1
3.496667E1	3.030464E1	3.420637E-1
3.500000E1	3.023514E1	2.544665E-1
3.503333E1	3.026643E1	2.347083E-1
3.506667E1	3.030771E1	2.298199E-1
3.510000E1	3.040897E1	2.288982E-1
3.513333E1	3.057387E1	2.391229E-1
3.516667E1	3.070914E1	2.433869E-1
3.520000E1	3.084899E1	2.189159E-1
3.523333E1	3.086879E1	2.198799E-1
3.526667E1	3.091939E1	2.311784E-1
3.530000E1	3.095732E1	2.303097E-1
3.533333E1	3.095059E1	2.563424E-1
3.536667E1	3.086974E1	3.435307E-1
3.540000E1	3.084450E1	3.589240E-1
3.543333E1	3.079828E1	3.400083E-1
3.546667E1	3.075072E1	3.098832E-1
3.550000E1	3.072493E1	2.425732E-1
3.553333E1	3.077449E1	2.196166E-1
3.556667E1	3.081168E1	2.208871E-1
3.560000E1	3.090625E1	2.297300E-1
3.563333E1	3.108016E1	2.301454E-1
3.566667E1	3.121658E1	2.359620E-1
3.570000E1	3.135931E1	2.142024E-1
3.573333E1	3.138112E1	2.180642E-1
3.576667E1	3.143777E1	2.302859E-1
3.580000E1	3.147475E1	2.362565E-1
3.583333E1	3.150476E1	2.669907E-1
3.586667E1	3.141346E1	3.635340E-1
3.590000E1	3.139957E1	3.696285E-1
3.593333E1	3.136188E1	3.464551E-1
3.596667E1	3.132106E1	3.095297E-1
3.600000E1	3.127821E1	2.493479E-1
3.603333E1	3.133012E1	2.263892E-1
3.606667E1	3.137782E1	2.204763E-1
3.610000E1	3.148092E1	2.282357E-1
3.613333E1	3.164927E1	2.312659E-1
3.616667E1	3.179073E1	2.416135E-1
3.620000E1	3.193227E1	2.162241E-1
3.623333E1	3.195308E1	2.187949E-1
3.626667E1	3.200835E1	2.281027E-1
3.630000E1	3.203748E1	2.296410E-1
3.633333E1	3.202697E1	2.562314E-1
3.636667E1	3.194655E1	3.555039E-1
3.640000E1	3.191793E1	3.663001E-1
3.643333E1	3.186630E1	3.433549E-1
3.646667E1	3.182733E1	3.004935E-1
3.650000E1	3.178138E1	2.467595E-1
3.653333E1	3.182914E1	2.232589E-1
3.656667E1	3.187712E1	2.188930E-1
3.660000E1	3.198384E1	2.274481E-1
3.663333E1	3.214489E1	2.329365E-1
3.666667E1	3.222296E1	2.346172E-1
3.670000E1	3.242037E1	2.264019E-1
3.673333E1	3.244827E1	2.249958E-1
3.676667E1	3.249481E1	2.311489E-1
3.680000E1	3.253049E1	2.320382E-1
3.683333E1	3.253108E1	2.612841E-1
3.686667E1	3.243700E1	3.637471E-1
3.690000E1	3.241294E1	3.737207E-1
3.693333E1	3.236600E1	3.572323E-1
3.696667E1	3.234983E1	3.452856E-1
3.700000E1	3.228331E1	2.572782E-1
3.703333E1	3.230612E1	2.310292E-1
3.706667E1	3.233991E1	2.338896E-1
3.710000E1	3.246033E1	2.277286E-1
3.713333E1	3.254603E1	2.293969E-1
3.716667E1	3.273403E1	2.456381E-1
3.720000E1	3.282927E1	2.332461E-1
3.723333E1	3.285609E1	2.308053E-1
3.726667E1	3.290931E1	2.264601E-1
3.730000E1	3.290691E1	2.263145E-1
3.733333E1	3.290527E1	2.624751E-1
3.736667E1	3.284527E1	3.552039E-1
3.740000E1	3.280708E1	3.768480E-1
3.743333E1	3.271557E1	3.658081E-1
3.746667E1	3.269835E1	3.574741E-1
3.750000E1	3.262090E1	2.627561E-1
3.753333E1	3.261264E1	2.608913E-1
3.756667E1	3.264223E1	2.805219E-1
3.760000E1	3.275330E1	2.914877E-1
3.763333E1	3.283674E1	2.966584E-1
3.766667E1	3.302603E1	3.098773E-1
3.770000E1	3.310489E1	2.973888E-1
3.773333E1	3.313115E1	2.973395E-1
3.776667E1	3.317767E1	3.000002E-1
3.780000E1	3.318504E1	3.024296E-1
3.783333E1	3.315119E1	4.024702E-1
3.786667E1	3.304977E1	4.303969E-1
3.790000E1	3.300129E1	4.335715E-1
3.793333E1	3.290535E1	4.086261E-1
3.796667E1	3.286503E1	4.016520E-1
3.800000E1	3.280610E1	3.107589E-1
3.803333E1	3.283239E1	3.009544E-1
3.806667E1	3.285777E1	3.053474E-1
3.810000E1	3.299739E1	3.046168E-1
3.813333E1	3.308730E1	3.083121E-1
3.816667E1	3.326288E1	3.104799E-1
3.820000E1	3.331207E1	2.929814E-1
3.823333E1	3.332969E1	2.955458E-1
3.826667E1	3.335150E1	3.070776E-1
3.830000E1	3.336582E1	3.049061E-1
3.833333E1	3.333440E1	3.953000E-1
3.836667E1	3.322979E1	4.350372E-1
3.840000E1	3.319171E1	4.278380E-1
3.843333E1	3.309354E1	4.127896E-1
3.846667E1	3.305676E1	3.886906E-1
3.850000E1	3.301096E1	3.156782E-1
3.853333E1	3.305135E1	3.024110E-1
3.856667E1	3.309634E1	3.080477E-1
3.860000E1	3.322996E1	3.047585E-1
3.863333E1	3.332357E1	3.086619E-1
3.866667E1	3.351007E1	3.142019E-1
3.870000E1	3.358279E1	2.876307E-1
3.873333E1	3.360917E1	2.937214E-1
3.876667E1	3.365355E1	3.050264E-1
3.880000E1	3.367283E1	3.040024E-1
3.883333E1	3.365035E1	4.015403E-1
3.886667E1	3.357763E1	4.357120E-1
3.890000E1	3.354383E1	4.249951E-1
3.893333E1	3.346806E1	4.065351E-1
3.896667E1	3.343060E1	3.842303E-1
3.900000E1	3.340085E1	3.025796E-1
3.903333E1	3.343851E1	2.992538E-1
3.906667E1	3.348575E1	2.986682E-1
3.910000E1	3.361244E1	3.005945E-1
3.913333E1	3.372380E1	3.078202E-1
3.916667E1	3.390917E1	3.104021E-1
3.920000E1	3.399821E1	2.890728E-1
3.923333E1	3.403147E1	2.950365E-1
3.926667E1	3.408695E1	2.976117E-1
3.930000E1	3.411190E1	3.013754E-1
3.933333E1	3.409183E1	3.776017E-1
3.936667E1	3.403010E1	4.229362E-1
3.940000E1	3.399203E1	4.258985E-1
3.943333E1	3.390987E1	3.860865E-1
3.946667E1	3.389198E1	3.595102E-1
3.950000E1	3.386285E1	2.940980E-1
3.953333E1	3.390266E1	2.906292E-1
3.956667E1	3.395412E1	2.940828E-1
3.960000E1	3.409885E1	2.964620E-1
3.963333E1	3.421318E1	3.048274E-1
3.966667E1	3.442420E1	3.079499E-1
3.970000E1	3.451545E1	2.901294E-1
3.973333E1	3.454898E1	2.943533E-1
3.976667E1	3.459556E1	3.004956E-1
3.980000E1	3.461411E1	3.007489E-1
3.983333E1	3.459839E1	3.751517E-1
3.986667E1	3.457276E1	4.124811E-1
3.990000E1	3.451388E1	4.236575E-1
3.993333E1	3.443598E1	4.127332E-1
3.996667E1	3.441467E1	3.906453E-1
4.000000E1	3.435599E1	3.095135E-1
4.003333E1	3.440205E1	2.961829E-1
4.006667E1	3.444419E1	3.015590E-1
4.010000E1	3.459361E1	3.038413E-1
4.013333E1	3.469858E1	3.004132E-1
4.016667E1	3.487327E1	3.088130E-1
4.020000E1	3.494741E1	2.866008E-1
4.023333E1	3.499174E1	2.935014E-1
4.026667E1	3.502999E1	2.982671E-1
4.030000E1	3.504217E1	2.981424E-1
4.033333E1	3.502167E1	3.855005E-1
4.036667E1	3.494022E1	4.269379E-1
4.040000E1	3.490821E1	4.237590E-1
4.043333E1	3.483257E1	4.063548E-1
4.046667E1	3.479959E1	3.744110E-1
4.050000E1	3.475817E1	3.037805E-1
4.053333E1	3.479150E1	2.954042E-1
4.056667E1	3.484852E1	2.964694E-1
4.060000E1	3.497118E1	2.971355E-1
4.063333E1	3.508945E1	3.064684E-1
4.066667E1	3.528182E1	3.110634E-1
4.070000E1	3.534749E1	2.868891E-1
4.073333E1	3.537015E1	2.987491E-1
4.076667E1	3.542399E1	2.986446E-1
4.080000E1	3.542550E1	2.955713E-1
4.083333E1	3.539308E1	3.736248E-1
4.086667E1	3.530881E1	4.224081E-1
4.090000E1	3.526433E1	4.258298E-1
4.093333E1	3.518531E1	4.131982E-1
4.096667E1	3.515626E1	3.940477E-1
4.100000E1	3.510658E1	3.071347E-1
4.103333E1	3.513784E1	2.991534E-1
4.106667E1	3.517683E1	2.976922E-1
4.110000E1	3.531789E1	3.018747E-1
4.113333E1	3.541019E1	3.032152E-1
4.116667E1	3.558615E1	3.136543E-1
4.120000E1	3.564493E1	2.892075E-1
4.123333E1	3.565275E1	3.002516E-1
4.126667E1	3.569744E1	3.058200E-1
4.130000E1	3.569544E1	3.026703E-1
4.133333E1	3.564555E1	3.879618E-1
4.136667E1	3.553882E1	4.319585E-1
4.140000E1	3.549792E1	4.308573E-1
4.143333E1	3.538881E1	4.189035E-1
4.146667E1	3.534520E1	3.910416E-1
4.150000E1	3.525553E1	3.091147E-1
4.153333E1	3.527197E1	2.981351E-1
4.156667E1	3.530815E1	3.032415E-1
4.160000E1	3.544646E1	3.041174E-1
4.163333E1	3.553334E1	3.092192E-1
4.166667E1	3.569722E1	3.148678E-1
4.170000E1	3.575414E1	2.930369E-1
4.173333E1	3.577117E1	3.010102E-1
4.176667E1	3.578459E1	3.070900E-1
4.180000E1	3.577416E1	3.052615E-1
4.183333E1	3.572722E1	4.122443E-1
4.186667E1	3.561896E1	4.467856E-1
4.190000E1	3.558106E1	4.442193E-1
4.193333E1	3.548115E1	4.148959E-1
4.196667E1	3.545881E1	4.067177E-1
4.200000E1	3.537235E1	3.301175E-1
4.203333E1	3.541427E1	3.140443E-1
4.206667E1	3.545147E1	3.173935E-1
4.210000E1	3.559941E1	3.094621E-1
4.213333E1	3.569306E1	3.149496E-1
4.216667E1	3.587865E1	3.107068E-1
4.220000E1	3.594350E1	2.876756E-1
4.223333E1	3.598399E1	2.935890E-1
4.226667E1	3.602326E1	3.024733E-1
4.230000E1	3.603789E1	3.025598E-1
4.233333E1	3.600291E1	3.923984E-1
4.236667E1	3.590526E1	4.358994E-1
4.240000E1	3.586990E1	4.359936E-1
4.243333E1	3.577892E1	4.057792E-1
4.246667E1	3.574560E1	3.879626E-1
4.250000E1	3.570843E1	3.103108E-1
4.253333E1	3.574362E1	3.049716E-1
4.256667E1	3.578828E1	3.033902E-1
4.260000E1	3.591608E1	3.023789E-1
4.263333E1	3.603996E1	3.094376E-1
4.266667E1	3.623097E1	3.166290E-1
4.270000E1	3.632261E1	2.914177E-1
4.273333E1	3.635350E1	2.946379E-1
4.276667E1	3.640643E1	3.020758E-1
4.280000E1	3.642452E1	3.010505E-1
4.283333E1	3.640064E1	3.762117E-1
4.286667E1	3.632522E1	4.251565E-1
4.290000E1	3.629240E1	4.201479E-1
4.293333E1	3.619461E1	4.010735E-1
4.296667E1	3.617977E1	3.635274E-1
4.300000E1	3.613904E1	2.971558E-1
4.303333E1	3.617455E1	2.885981E-1
4.306667E1	3.623232E1	2.977335E-1
4.310000E1	3.639360E1	3.019293E-1
4.313333E1	3.648594E1	3.013719E-1
4.316667E1	3.667787E1	3.108444E-1
4.320000E1	3.675350E1	2.886799E-1
4.323333E1	3.678881E1	2.940771E-1
4.326667E1	3.682013E1	2.985578E-1
4.330000E1	3.684437E1	2.988022E-1
4.333333E1	3.680651E1	3.781738E-1
4.336667E1	3.671808E1	4.278674E-1
4.340000E1	3.667238E1	4.333261E-1
4.343333E1	3.658055E1	4.117955E-1
4.346667E1	3.654401E1	4.072272E-1
4.350000E1	3.647169E1	3.219036E-1
4.353333E1	3.650927E1	3.084185E-1
4.356667E1	3.654874E1	3.064534E-1
4.360000E1	3.668249E1	3.037386E-1
4.363333E1	3.678267E1	3.084059E-1
4.366667E1	3.694944E1	3.182156E-1
4.370000E1	3.702149E1	3.004976E-1
4.373333E1	3.705446E1	3.007714E-1
4.376667E1	3.707487E1	3.061064E-1
4.380000E1	3.706717E1	3.047037E-1
4.383333E1	3.702282E1	3.987837E-1
4.386667E1	3.691120E1	4.325773E-1
4.390000E1	3.686633E1	4.322117E-1
4.393333E1	3.675144E1	4.254784E-1
4.396667E1	3.674858E1	4.236143E-1
4.400000E1	3.662484E1	3.146052E-1
4.403333E1	3.663741E1	3.065721E-1
4.406667E1	3.667066E1	3.082291E-1
4.410000E1	3.680653E1	3.082822E-1
4.413333E1	3.690210E1	3.087824E-1
4.416667E1	3.706997E1	3.129123E-1
4.420000E1	3.712503E1	2.939365E-1
4.423333E1	3.714683E1	2.967265E-1
4.426667E1	3.716099E1	3.003951E-1
4.430000E1	3.714854E1	3.007908E-1
4.433333E1	3.708077E1	3.871024E-1
4.436667E1	3.697995E1	4.282857E-1
4.440000E1	3.692976E1	4.261752E-1
4.443333E1	3.682161E1	4.125927E-1
4.446667E1	3.679714E1	3.781255E-1
4.450000E1	3.671625E1	3.098644E-1
4.453333E1	3.674562E1	3.013643E-1
4.456667E1	3.679279E1	3.025074E-1
4.460000E1	3.692053E1	3.025402E-1
4.463333E1	3.703868E1	3.130375E-1
4.466667E1	3.723581E1	3.076168E-1
4.470000E1	3.731407E1	2.876948E-1
4.473333E1	3.734482E1	2.952111E-1
4.476667E1	3.737021E1	2.993891E-1
4.480000E1	3.737119E1	2.982223E-1
4.483333E1	3.733212E1	3.909679E-1
4.486667E1	3.724349E1	4.260452E-1
4.490000E1	3.721604E1	4.221091E-1
4.493333E1	3.710063E1	3.979098E-1
4.496667E1	3.710075E1	3.583963E-1
4.500000E1	3.706527E1	2.911402E-1
4.503333E1	3.710167E1	2.916301E-1
4.506667E1	3.715595E1	2.956041E-1
4.510000E1	3.730059E1	2.969774E-1
4.513333E1	3.740659E1	3.021913E-1
4.516667E1	3.762179E1	3.088057E-1
4.520000E1	3.770874E1	2.842243E-1
4.523333E1	3.772398E1	2.875357E-1
4.526667E1	3.778357E1	2.948114E-1
4.530000E1	3.780796E1	2.974824E-1
4.533333E1	3.779275E1	3.217058E-1
4.536667E1	3.768558E1	4.161497E-1
4.540000E1	3.766597E1	4.203740E-1
4.543333E1	3.757824E1	4.014896E-1
4.546667E1	3.754179E1	3.467671E-1
4.550000E1	3.751484E1	2.965083E-1
4.553333E1	3.755184E1	2.867853E-1
4.556667E1	3.759496E1	2.836366E-1
4.560000E1	3.770143E1	2.905856E-1
4.563333E1	3.785709E1	2.978503E-1
4.566667E1	3.800672E1	3.077352E-1
4.570000E1	3.813730E1	2.842361E-1
4.573333E1	3.815574E1	2.845675E-1
4.576667E1	3.821313E1	2.955407E-1
4.580000E1	3.823513E1	2.963104E-1
4.583333E1	3.822312E1	3.212133E-1
4.586667E1	3.811638E1	4.137729E-1
4.590000E1	3.809439E1	4.283411E-1
4.593333E1	3.800801E1	4.149448E-1
4.596667E1	3.795676E1	3.685842E-1
4.600000E1	3.790244E1	3.124715E-1
4.603333E1	3.794074E1	2.848704E-1
4.606667E1	3.797066E1	2.939418E-1
4.610000E1	3.809163E1	2.954453E-1
4.613333E1	3.824881E1	3.067963E-1
4.616667E1	3.841281E1	3.140720E-1
4.620000E1	3.855165E1	2.963853E-1
4.623333E1	3.857881E1	2.933903E-1
4.626667E1	3.861818E1	2.975068E-1
4.630000E1	3.865405E1	2.963193E-1
4.633333E1	3.864096E1	3.255633E-1
4.636667E1	3.852968E1	4.062660E-1
4.640000E1	3.849191E1	4.264683E-1
4.643333E1	3.841333E1	4.217810E-1
4.646667E1	3.836578E1	3.685189E-1
4.650000E1	3.831914E1	3.126539E-1
4.653333E1	3.836008E1	2.878141E-1
4.656667E1	3.838143E1	2.913377E-1
4.660000E1	3.849821E1	2.988786E-1
4.663333E1	3.865162E1	3.043571E-1
4.666667E1	3.878836E1	3.180757E-1
4.670000E1	3.892594E1	2.976652E-1
4.673333E1	3.894227E1	2.964377E-1
4.676667E1	3.897781E1	3.059804E-1
4.680000E1	3.901213E1	3.070736E-1
4.683333E1	3.899440E1	3.321883E-1
4.686667E1	3.888479E1	4.143875E-1
4.690000E1	3.884635E1	4.297014E-1
4.693333E1	3.875827E1	4.238141E-1
4.696667E1	3.872058E1	3.775715E-1
4.700000E1	3.867891E1	3.145999E-1
4.703333E1	3.872271E1	2.869130E-1
4.706667E1	3.874747E1	2.949113E-1
4.710000E1	3.885464E1	3.017520E-1
4.713333E1	3.900836E1	3.118662E-1
4.716667E1	3.914887E1	3.213430E-1
4.720000E1	3.928880E1	2.910096E-1
4.723333E1	3.930509E1	2.929782E-1
4.726667E1	3.934768E1	3.031522E-1
4.730000E1	3.938055E1	3.005930E-1
4.733333E1	3.936283E1	3.267727E-1
4.736667E1	3.925598E1	4.197659E-1
4.740000E1	3.924161E1	4.298178E-1
4.743333E1	3.915698E1	4.175656E-1
4.746667E1	3.909755E1	3.790374E-1
4.750000E1	3.904514E1	3.289989E-1
4.753333E1	3.908955E1	2.955339E-1
4.756667E1	3.912086E1	3.014943E-1
4.760000E1	3.925229E1	3.011522E-1
4.763333E1	3.940358E1	3.138266E-1
4.766667E1	3.956432E1	3.232223E-1
4.770000E1	3.971001E1	2.951047E-1
4.773333E1	3.972929E1	2.952100E-1
4.776667E1	3.977208E1	3.016432E-1
4.780000E1	3.979896E1	3.070814E-1
4.783333E1	3.979376E1	3.272262E-1
4.786667E1	3.968607E1	4.212913E-1
4.790000E1	3.964978E1	4.352621E-1
4.793333E1	3.957108E1	4.157756E-1
4.796667E1	3.951815E1	3.905043E-1
4.800000E1	3.947785E1	3.229700E-1
4.803333E1	3.951636E1	2.964315E-1
4.806667E1	3.953910E1	3.004022E-1
4.810000E1	3.964020E1	3.051203E-1
4.813333E1	3.979555E1	3.114569E-1
4.816667E1	3.994339E1	3.163551E-1
4.820000E1	4.007964E1	2.910947E-1
4.823333E1	4.009738E1	2.920546E-1
4.826667E1	4.014374E1	3.014094E-1
4.830000E1	4.017053E1	3.019777E-1
4.833333E1	4.014768E1	3.274851E-1
4.836667E1	4.004804E1	4.212422E-1
4.840000E1	4.002838E1	4.357622E-1
4.843333E1	3.994011E1	4.172447E-1
4.846667E1	3.989311E1	3.814563E-1
4.850000E1	3.983067E1	3.218369E-1
4.853333E1	3.986284E1	3.021210E-1
4.856667E1	3.989541E1	3.014422E-1
4.860000E1	4.001081E1	3.035769E-1
4.863333E1	4.016401E1	3.058946E-1
4.866667E1	4.029881E1	3.128701E-1
4.870000E1	4.044403E1	2.892962E-1
4.873333E1	4.045616E1	2.910663E-1
4.876667E1	4.049488E1	3.008174E-1
4.880000E1	4.052538E1	3.035106E-1
4.883333E1	4.052952E1	3.339784E-1
4.886667E1	4.040215E1	4.368427E-1
4.890000E1	4.036740E1	4.481818E-1
4.893333E1	4.030160E1	4.361095E-1
4.896667E1	4.027179E1	4.271399E-1
4.900000E1	4.019324E1	3.291766E-1
4.903333E1	4.024211E1	3.051485E-1
4.906667E1	4.026374E1	3.010145E-1
4.910000E1	4.036708E1	3.031694E-1
4.913333E1	4.052847E1	3.144545E-1
4.916667E1	4.066805E1	3.156080E-1
4.920000E1	4.079554E1	2.962488E-1
4.923333E1	4.081290E1	2.957185E-1
4.926667E1	4.086051E1	3.019932E-1
4.930000E1	4.089199E1	3.022345E-1
4.933333E1	4.087345E1	3.318134E-1
4.936667E1	4.076328E1	4.159242E-1
4.940000E1	4.072510E1	4.336590E-1
4.943333E1	4.063845E1	4.240257E-1
4.946667E1	4.059304E1	3.750183E-1
4.950000E1	4.053160E1	3.215476E-1
4.953333E1	4.056448E1	3.041460E-1
4.956667E1	4.060359E1	2.976133E-1
4.960000E1	4.070513E1	3.044183E-1
4.963333E1	4.087340E1	3.122140E-1
4.966667E1	4.101513E1	3.150059E-1
4.970000E1	4.114725E1	2.897995E-1
4.973333E1	4.116767E1	2.919542E-1
4.976667E1	4.120664E1	3.020671E-1
4.980000E1	4.124295E1	3.035064E-1
4.983333E1	4.122335E1	3.286553E-1
4.986667E1	4.111875E1	4.235539E-1
4.990000E1	4.107817E1	4.351948E-1
4.993333E1	4.098996E1	4.222129E-1
4.996667E1	4.094755E1	3.907057E-1
5.000000E1	4.089200E1	3.153564E-1
5.003333E1	4.092031E1	2.994465E-1
5.006667E1	4.095538E1	2.997864E-1
5.010000E1	4.107417E1	3.057837E-1
5.013333E1	4.122132E1	3.088591E-1
5.016667E1	4.137368E1	3.143702E-1
5.020000E1	4.151124E1	2.912265E-1
5.023333E1	4.153086E1	2.929252E-1
5.026667E1	4.155786E1	2.956490E-1
5.030000E1	4.156214E1	2.980439E-1
5.033333E1	4.153635E1	3.315307E-1
5.036667E1	4.141891E1	4.273948E-1
5.040000E1	4.139524E1	4.352967E-1
5.043333E1	4.129865E1	4.216673E-1
5.046667E1	4.124168E1	3.718327E-1
5.050000E1	4.118813E1	3.172917E-1
5.053333E1	4.120129E1	2.916567E-1
5.056667E1	4.120339E1	3.018998E-1
5.060000E1	4.133050E1	3.030015E-1
5.063333E1	4.147387E1	3.105765E-1
5.066667E1	4.160034E1	3.154449E-1
5.070000E1	4.172881E1	2.938312E-1
5.073333E1	4.174781E1	2.928720E-1
5.076667E1	4.177762E1	2.935191E-1
5.080000E1	4.178112E1	3.009345E-1
5.083333E1	4.177565E1	3.244338E-1
5.086667E1	4.165680E1	4.213678E-1
5.090000E1	4.162548E1	4.276074E-1
5.093333E1	4.152466E1	4.193874E-1
5.096667E1	4.146761E1	3.831695E-1
5.100000E1	4.140658E1	3.153275E-1
5.103333E1	4.142799E1	2.995736E-1
5.106667E1	4.146493E1	3.011152E-1
5.110000E1	4.157039E1	3.027169E-1
5.113333E1	4.172704E1	3.078257E-1
5.116667E1	4.187336E1	3.092246E-1
5.120000E1	4.201036E1	2.903790E-1
5.123333E1	4.203106E1	2.918559E-1
5.126667E1	4.206298E1	2.957016E-1
5.130000E1	4.207008E1	3.036820E-1
5.133333E1	4.205895E1	3.241928E-1
5.136667E1	4.193877E1	4.227402E-1
5.140000E1	4.191441E1	4.296207E-1
5.143333E1	4.181647E1	4.226277E-1
5.146667E1	4.174876E1	3.824908E-1
5.150000E1	4.169797E1	3.132984E-1
5.153333E1	4.171882E1	2.988995E-1
5.156667E1	4.175312E1	2.988351E-1
5.160000E1	4.186666E1	3.052476E-1
5.163333E1	4.200865E1	3.117275E-1
5.166667E1	4.216529E1	3.165869E-1
5.170000E1	4.229302E1	2.945849E-1
5.173333E1	4.232001E1	2.923130E-1
5.176667E1	4.234805E1	2.903145E-1
5.180000E1	4.235171E1	2.958485E-1
5.183333E1	4.232302E1	3.230546E-1
5.186667E1	4.221366E1	4.222236E-1
5.190000E1	4.218945E1	4.288812E-1
5.193333E1	4.209005E1	4.147700E-1
5.196667E1	4.203474E1	3.775150E-1
5.200000E1	4.198485E1	3.089968E-1
5.203333E1	4.200939E1	2.984679E-1
5.206667E1	4.203984E1	2.970751E-1
5.210000E1	4.214303E1	3.011381E-1
5.213333E1	4.229986E1	3.105620E-1
5.216667E1	4.244562E1	3.132371E-1
5.220000E1	4.258286E1	2.909581E-1
5.223333E1	4.260547E1	2.910613E-1
5.226667E1	4.263833E1	2.938772E-1
5.230000E1	4.264539E1	3.024327E-1
5.233333E1	4.264334E1	3.240728E-1
5.236667E1	4.247587E1	4.263869E-1
5.240000E1	4.244324E1	4.279457E-1
5.243333E1	4.234071E1	3.784425E-1
5.246667E1	4.229142E1	3.308744E-1
5.250000E1	4.228923E1	2.885298E-1
5.253333E1	4.233711E1	2.855329E-1
5.256667E1	4.236871E1	2.940389E-1
5.260000E1	4.251158E1	2.983101E-1
5.263333E1	4.267325E1	3.061206E-1
5.266667E1	4.279596E1	3.055627E-1
5.270000E1	4.289427E1	2.841209E-1
5.273333E1	4.291537E1	2.922555E-1
5.276667E1	4.292551E1	2.996638E-1
5.280000E1	4.291590E1	3.055546E-1
5.283333E1	4.287485E1	3.720908E-1
5.286667E1	4.274171E1	4.314412E-1
5.290000E1	4.271160E1	4.217748E-1
5.293333E1	4.259239E1	3.986054E-1
5.296667E1	4.255045E1	3.257861E-1
5.300000E1	4.251734E1	2.825078E-1
5.303333E1	4.256895E1	2.896866E-1
5.306667E1	4.261012E1	2.916093E-1
5.310000E1	4.274255E1	2.976955E-1
5.313333E1	4.289978E1	3.077762E-1
5.316667E1	4.301083E1	3.059486E-1
5.320000E1	4.312324E1	2.809574E-1
5.323333E1	4.313830E1	2.897266E-1
5.326667E1	4.314527E1	3.020921E-1
5.330000E1	4.314938E1	3.103509E-1
5.333333E1	4.312234E1	3.713118E-1
5.336667E1	4.297178E1	4.360635E-1
5.340000E1	4.295159E1	4.312750E-1
5.343333E1	4.285530E1	3.746980E-1
5.346667E1	4.280963E1	3.249336E-1
5.350000E1	4.280390E1	2.844328E-1
5.353333E1	4.286347E1	2.901522E-1
5.356667E1	4.292519E1	2.928028E-1
5.360000E1	4.303793E1	2.979353E-1
5.363333E1	4.315633E1	3.103398E-1
5.366667E1	4.336002E1	3.041229E-1
5.370000E1	4.344568E1	2.916846E-1
5.373333E1	4.348782E1	2.924980E-1
5.376667E1	4.353620E1	3.017904E-1
5.380000E1	4.354509E1	3.011898E-1
5.383333E1	4.353000E1	3.608616E-1
5.386667E1	4.343606E1	4.141857E-1
5.390000E1	4.338284E1	4.221078E-1
5.393333E1	4.327792E1	4.040089E-1
5.396667E1	4.325895E1	3.592166E-1
5.400000E1	4.322249E1	2.981170E-1
5.403333E1	4.326841E1	2.810154E-1
5.406667E1	4.329488E1	2.981868E-1
5.410000E1	4.341788E1	2.952349E-1
5.413333E1	4.357447E1	3.070944E-1
5.416667E1	4.379729E1	3.134214E-1
5.420000E1	4.386415E1	2.969191E-1
5.423333E1	4.389649E1	3.000250E-1
5.426667E1	4.395245E1	3.069331E-1
5.430000E1	4.398152E1	3.029612E-1
5.433333E1	4.395883E1	3.718708E-1
5.436667E1	4.387681E1	4.306268E-1
5.440000E1	4.384205E1	4.313489E-1
5.443333E1	4.375378E1	4.186410E-1
5.446667E1	4.372225E1	3.942826E-1
5.450000E1	4.366838E1	3.055075E-1
5.453333E1	4.369795E1	2.943731E-1
5.456667E1	4.375245E1	2.984003E-1
5.460000E1	4.390918E1	3.027779E-1
5.463333E1	4.401522E1	3.114091E-1
5.466667E1	4.421307E1	3.194567E-1
5.470000E1	4.429836E1	2.926862E-1
5.473333E1	4.431876E1	2.991166E-1
5.476667E1	4.437070E1	2.989762E-1
5.480000E1	4.437107E1	2.965325E-1
5.483333E1	4.433839E1	3.736268E-1
5.486667E1	4.425262E1	4.257129E-1
5.490000E1	4.421094E1	4.263728E-1
5.493333E1	4.413381E1	4.160326E-1
5.496667E1	4.410967E1	4.083195E-1
5.500000E1	4.405906E1	3.244899E-1
5.503333E1	4.409667E1	3.124913E-1
5.506667E1	4.415154E1	3.062475E-1
5.510000E1	4.427756E1	3.038120E-1
5.513333E1	4.439766E1	3.131033E-1
5.516667E1	4.458771E1	3.109100E-1
5.520000E1	4.467638E1	3.002927E-1
5.523333E1	4.471039E1	2.970209E-1
5.526667E1	4.476181E1	3.065332E-1
5.530000E1	4.478693E1	3.026303E-1
5.533333E1	4.476554E1	3.792489E-1
5.536667E1	4.469308E1	4.273480E-1
5.540000E1	4.464970E1	4.292760E-1
5.543333E1	4.455516E1	4.173291E-1
5.546667E1	4.454149E1	4.073683E-1
5.550000E1	4.447536E1	3.252692E-1
5.553333E1	4.452380E1	3.161344E-1
5.556667E1	4.458183E1	3.102521E-1
5.560000E1	4.471341E1	3.062360E-1
5.563333E1	4.482170E1	3.186304E-1
5.566667E1	4.502158E1	3.207218E-1
5.570000E1	4.510764E1	3.016572E-1
5.573333E1	4.513982E1	2.995488E-1
5.576667E1	4.518778E1	3.064591E-1
5.580000E1	4.520790E1	3.050416E-1
5.583333E1	4.518362E1	3.784725E-1
5.586667E1	4.510593E1	4.318354E-1
5.590000E1	4.506626E1	4.306182E-1
5.593333E1	4.498497E1	4.188281E-1
5.596667E1	4.495976E1	4.154001E-1
5.600000E1	4.490580E1	3.356269E-1
5.603333E1	4.494413E1	3.454330E-1
5.606667E1	4.498805E1	3.570039E-1
5.610000E1	4.512198E1	3.692534E-1
5.613333E1	4.523148E1	3.697675E-1
5.616667E1	4.541198E1	3.861126E-1
5.620000E1	4.548295E1	3.607521E-1
5.623333E1	4.552665E1	3.647029E-1
5.626667E1	4.555658E1	3.736315E-1
5.630000E1	4.556615E1	3.721564E-1
5.633333E1	4.554048E1	4.506739E-1
5.636667E1	4.545062E1	4.974916E-1
5.640000E1	4.540163E1	5.025494E-1
5.643333E1	4.530552E1	4.823964E-1
5.646667E1	4.526568E1	4.634823E-1
5.650000E1	4.521785E1	3.877671E-1
5.653333E1	4.524735E1	3.809628E-1
5.656667E1	4.529679E1	3.788986E-1
5.660000E1	4.542025E1	3.760575E-1
5.663333E1	4.554189E1	3.845620E-1
5.666667E1	4.573753E1	3.903106E-1
5.670000E1	4.582016E1	3.705517E-1
5.673333E1	4.585075E1	3.707095E-1
5.676667E1	4.588339E1	3.735941E-1
5.680000E1	4.588580E1	3.722803E-1
5.683333E1	4.585211E1	4.469453E-1
5.686667E1	4.577279E1	4.999418E-1
5.690000E1	4.572152E1	4.934694E-1
5.693333E1	4.563365E1	4.866054E-1
5.696667E1	4.559048E1	4.577112E-1
5.700000E1	4.552987E1	3.837090E-1
5.703333E1	4.557258E1	3.704148E-1
5.706667E1	4.560325E1	3.772450E-1
5.710000E1	4.578183E1	3.759056E-1
5.713333E1	4.587995E1	3.806017E-1
5.716667E1	4.609353E1	3.892905E-1
5.720000E1	4.616614E1	3.577538E-1
5.723333E1	4.619451E1	3.691018E-1
5.726667E1	4.625721E1	3.749811E-1
5.730000E1	4.628299E1	3.727791E-1
5.733333E1	4.627864E1	4.490100E-1
5.736667E1	4.620112E1	4.893470E-1
5.740000E1	4.617090E1	4.918470E-1
5.743333E1	4.608933E1	4.789888E-1
5.746667E1	4.604517E1	4.650093E-1
5.750000E1	4.602629E1	3.809830E-1
5.753333E1	4.605772E1	3.729214E-1
5.756667E1	4.611120E1	3.747856E-1
5.760000E1	4.628314E1	3.728699E-1
5.763333E1	4.640652E1	3.767152E-1
5.766667E1	4.663332E1	3.766842E-1
5.770000E1	4.673453E1	3.506144E-1
5.773333E1	4.677990E1	3.601888E-1
5.776667E1	4.685420E1	3.670180E-1
5.780000E1	4.687453E1	3.671652E-1
5.783333E1	4.687600E1	4.115446E-1
5.786667E1	4.681338E1	4.736271E-1
5.790000E1	4.677154E1	4.544575E-1
5.793333E1	4.672558E1	4.255791E-1
5.796667E1	4.671334E1	4.117990E-1
5.800000E1	4.670504E1	3.515561E-1
5.803333E1	4.674875E1	3.516294E-1
5.806667E1	4.681601E1	3.533933E-1
5.810000E1	4.696814E1	3.690030E-1
5.813333E1	4.705768E1	3.719908E-1
5.816667E1	4.724117E1	3.833405E-1
5.820000E1	4.740048E1	3.564533E-1
5.823333E1	4.744714E1	3.633881E-1
5.826667E1	4.753027E1	3.642873E-1
5.830000E1	4.754444E1	3.647866E-1
5.833333E1	4.758124E1	4.129146E-1
5.836667E1	4.751883E1	4.771153E-1
5.840000E1	4.749609E1	4.529856E-1
5.843333E1	4.746361E1	4.253959E-1
5.846667E1	4.744715E1	4.152533E-1
5.850000E1	4.742708E1	3.364422E-1
5.853333E1	4.748896E1	3.488729E-1
5.856667E1	4.756482E1	3.571412E-1
5.860000E1	4.773596E1	3.614674E-1
5.863333E1	4.785259E1	3.609946E-1
5.866667E1	4.809899E1	3.804384E-1
5.870000E1	4.818785E1	3.646030E-1
5.873333E1	4.821864E1	3.639419E-1
5.876667E1	4.830096E1	3.669425E-1
5.880000E1	4.831947E1	3.656356E-1
5.883333E1	4.831791E1	4.045504E-1
5.886667E1	4.827589E1	4.634881E-1
5.890000E1	4.826917E1	4.528164E-1
5.893333E1	4.821772E1	4.262022E-1
5.896667E1	4.817898E1	4.014578E-1
5.900000E1	4.812219E1	3.138219E-1
5.903333E1	4.814512E1	3.050371E-1
5.906667E1	4.820305E1	3.067631E-1
5.910000E1	4.834872E1	3.064266E-1
5.913333E1	4.843628E1	3.066525E-1
5.916667E1	4.858135E1	3.177542E-1
5.920000E1	4.871505E1	3.023300E-1
5.923333E1	4.874828E1	2.989620E-1
5.926667E1	4.878571E1	3.046222E-1
5.930000E1	4.880820E1	3.032242E-1
5.933333E1	4.877471E1	3.807004E-1
5.936667E1	4.869239E1	4.158630E-1
5.940000E1	4.864093E1	4.297542E-1
5.943333E1	4.853720E1	4.230791E-1
5.946667E1	4.851095E1	4.142598E-1
5.950000E1	4.839809E1	3.270774E-1
5.953333E1	4.840264E1	3.124815E-1
5.956667E1	4.844516E1	3.119367E-1
5.960000E1	4.854624E1	3.094522E-1
5.963333E1	4.863324E1	3.158853E-1
5.966667E1	4.878429E1	3.273282E-1
5.970000E1	4.883381E1	3.018621E-1
5.973333E1	4.883037E1	3.030843E-1
5.976667E1	4.882388E1	3.104380E-1
5.980000E1	4.881841E1	3.111969E-1
5.983333E1	4.874288E1	4.024984E-1
5.986667E1	4.862994E1	4.359461E-1
5.990000E1	4.855662E1	4.329584E-1
5.993333E1	4.840841E1	4.281775E-1
5.996667E1	4.837160E1	4.195942E-1
6.000000E1	4.825100E1	3.410291E-1
6.003333E1	4.823962E1	3.606627E-1
6.006667E1	4.825751E1	3.681954E-1
6.010000E1	4.834820E1	3.855446E-1
6.013333E1	4.840254E1	3.830162E-1
6.016667E1	4.851985E1	3.941320E-1
6.020000E1	4.853743E1	3.697553E-1
6.023333E1	4.852641E1	3.765725E-1
6.026667E1	4.851205E1	3.865317E-1
6.030000E1	4.850477E1	3.859177E-1
6.033333E1	4.839629E1	4.682210E-1
6.036667E1	4.825594E1	5.011613E-1
6.040000E1	4.820943E1	5.129785E-1
6.043333E1	4.806701E1	4.938889E-1
6.046667E1	4.796309E1	4.519890E-1
6.050000E1	4.781950E1	3.984351E-1
6.053333E1	4.779937E1	3.911386E-1
6.056667E1	4.782197E1	3.900409E-1
6.060000E1	4.792045E1	3.932765E-1
6.063333E1	4.796947E1	3.893661E-1
6.066667E1	4.809136E1	3.942114E-1
6.070000E1	4.811411E1	3.684521E-1
6.073333E1	4.810738E1	3.702157E-1
6.076667E1	4.809051E1	3.792048E-1
6.080000E1	4.807622E1	3.789977E-1
6.083333E1	4.797006E1	4.564237E-1
6.086667E1	4.782016E1	4.918159E-1
6.090000E1	4.777135E1	5.039212E-1
6.093333E1	4.762601E1	4.899409E-1
6.096667E1	4.753353E1	4.538590E-1
6.100000E1	4.738648E1	3.995152E-1
6.103333E1	4.738023E1	3.931301E-1
6.106667E1	4.740426E1	3.927471E-1
6.110000E1	4.753023E1	3.801491E-1
6.113333E1	4.760889E1	3.870755E-1
6.116667E1	4.775961E1	3.781180E-1
6.120000E1	4.779764E1	3.574769E-1
6.123333E1	4.780500E1	3.651146E-1
6.126667E1	4.780217E1	3.741254E-1
6.130000E1	4.780112E1	3.753672E-1
6.133333E1	4.771801E1	4.399199E-1
6.136667E1	4.760806E1	4.878132E-1
6.140000E1	4.755375E1	4.994610E-1
6.143333E1	4.737962E1	4.605954E-1
6.146667E1	4.733151E1	4.296071E-1
6.150000E1	4.725339E1	3.790492E-1
6.153333E1	4.725066E1	3.751574E-1
6.156667E1	4.728823E1	3.765136E-1
6.160000E1	4.740648E1	3.767825E-1
6.163333E1	4.749745E1	3.772737E-1
6.166667E1	4.769853E1	3.728718E-1
6.170000E1	4.776164E1	3.527488E-1
6.173333E1	4.777112E1	3.622939E-1
6.176667E1	4.780536E1	3.624966E-1
6.180000E1	4.780501E1	3.683848E-1
6.183333E1	4.775291E1	4.238889E-1
6.186667E1	4.760474E1	4.674278E-1
6.190000E1	4.755875E1	4.597240E-1
6.193333E1	4.744580E1	4.329919E-1
6.196667E1	4.736954E1	3.981014E-1
6.200000E1	4.729545E1	3.278670E-1
6.203333E1	4.729933E1	3.046731E-1
6.206667E1	4.731824E1	3.025207E-1
6.210000E1	4.742448E1	3.050584E-1
6.213333E1	4.756950E1	3.041231E-1
6.216667E1	4.773435E1	3.053478E-1
6.220000E1	4.786482E1	3.038770E-1
6.223333E1	4.790326E1	2.950610E-1
6.226667E1	4.801512E1	2.906779E-1
6.230000E1	4.803791E1	2.918993E-1
6.233333E1	4.801471E1	3.237596E-1
6.236667E1	4.793204E1	3.691228E-1
6.240000E1	4.790265E1	3.784851E-1
6.243333E1	4.783208E1	3.598731E-1
6.246667E1	4.777889E1	3.418322E-1
6.250000E1	4.773017E1	2.865581E-1
6.253333E1	4.767791E1	2.325689E-1
6.256667E1	4.766990E1	2.303140E-1
6.260000E1	4.767468E1	2.164839E-1
