	masse A		
t	x	y	
0.000000E0	-7.105427E-15	-3.552714E-15
3.333333E-2	-5.348065E-5	-4.927539E-4
6.666667E-2	-5.672977E-3	-5.573860E-3
1.000000E-1	-2.676410E-2	-3.034764E-3
1.333333E-1	-7.425773E-2	-1.274642E-2
1.666667E-1	-1.638454E-1	-1.012410E-2
2.000000E-1	-3.144994E-1	-1.857856E-2
2.333333E-1	-3.421198E-1	-1.677275E-2
2.666667E-1	-5.178718E-1	-1.953693E-2
3.000000E-1	-5.655381E-1	-1.970984E-2
3.333333E-1	-6.918396E-1	-3.377822E-2
3.666667E-1	-7.827767E-1	-8.190074E-2
4.000000E-1	-7.944372E-1	-9.326408E-2
4.333333E-1	-7.003286E-1	-7.624514E-2
4.666667E-1	-6.452829E-1	-6.854974E-2
5.000000E-1	-5.108909E-1	-3.880641E-2
5.333333E-1	-2.178224E-1	-3.493445E-2
5.666667E-1	-1.055497E-1	-1.742635E-2
6.000000E-1	2.016193E-1	-3.216236E-3
6.333333E-1	3.395494E-1	-2.610323E-2
6.666667E-1	4.880870E-1	-4.144148E-2
7.000000E-1	6.322846E-1	-2.386424E-2
7.333333E-1	6.508560E-1	-2.553481E-3
7.666667E-1	6.587120E-1	5.118293E-2
8.000000E-1	6.503216E-1	1.000201E-1
8.333333E-1	6.049439E-1	1.949504E-1
8.666667E-1	4.002620E-1	2.230574E-1
9.000000E-1	3.940174E-1	1.852343E-1
9.333333E-1	2.587943E-1	8.997247E-2
9.666667E-1	2.502687E-1	4.962819E-2
1.000000E0	2.008626E-1	-3.024688E-2
1.033333E0	2.258349E-1	-5.569630E-2
1.066667E0	3.052440E-1	-3.219393E-2
1.100000E0	4.188448E-1	1.667606E-2
1.133333E0	5.394422E-1	7.131335E-2
1.166667E0	6.458284E-1	1.181601E-1
1.200000E0	7.074294E-1	1.020641E-1
1.233333E0	7.236007E-1	8.102515E-2
1.266667E0	7.219713E-1	6.277855E-2
1.300000E0	7.168752E-1	6.053655E-2
1.333333E0	6.406696E-1	7.827998E-2
1.366667E0	4.821079E-1	1.286552E-1
1.400000E0	4.646321E-1	1.156469E-1
1.433333E0	3.994763E-1	8.577819E-2
1.466667E0	4.005624E-1	5.232567E-2
1.500000E0	4.266226E-1	5.269786E-2
1.533333E0	5.424443E-1	5.917534E-2
1.566667E0	6.052032E-1	5.638561E-2
1.600000E0	8.336689E-1	7.706903E-2
1.633333E0	8.939800E-1	7.392099E-2
1.666667E0	9.876116E-1	7.358696E-2
1.700000E0	1.035156E0	7.084456E-2
1.733333E0	1.020044E0	7.511253E-2
1.766667E0	1.000593E0	1.204316E-1
1.800000E0	9.777336E-1	1.602137E-1
1.833333E0	8.798603E-1	2.306101E-1
1.866667E0	6.682860E-1	2.290994E-1
1.900000E0	6.255121E-1	2.026003E-1
1.933333E0	5.706211E-1	1.840456E-1
1.966667E0	4.519249E-1	9.113475E-2
2.000000E0	4.340181E-1	5.735523E-2
2.033333E0	5.031425E-1	7.809229E-2
2.066667E0	5.672518E-1	9.075220E-2
2.100000E0	8.526103E-1	1.887495E-1
2.133333E0	8.871722E-1	2.046086E-1
2.166667E0	9.865440E-1	2.197157E-1
2.200000E0	1.042509E0	1.956026E-1
2.233333E0	1.027819E0	2.039378E-1
2.266667E0	1.005212E0	2.192085E-1
2.300000E0	9.878294E-1	2.291111E-1
2.333333E0	8.851758E-1	2.832272E-1
2.366667E0	7.045715E-1	3.110031E-1
2.400000E0	6.923439E-1	2.915354E-1
2.433333E0	5.819355E-1	2.083598E-1
2.466667E0	4.919203E-1	1.665277E-1
2.500000E0	4.748714E-1	1.432301E-1
2.533333E0	5.508623E-1	1.569786E-1
2.566667E0	6.088945E-1	1.490317E-1
2.600000E0	7.418841E-1	1.626925E-1
2.633333E0	8.869909E-1	2.148040E-1
2.666667E0	9.752820E-1	2.108604E-1
2.700000E0	1.028534E0	1.963334E-1
2.733333E0	1.016214E0	2.071409E-1
2.766667E0	9.940379E-1	2.247537E-1
2.800000E0	9.768297E-1	2.393245E-1
2.833333E0	8.854457E-1	3.151234E-1
2.866667E0	7.117737E-1	3.225881E-1
2.900000E0	7.043506E-1	2.840595E-1
2.933333E0	5.727865E-1	2.457396E-1
2.966667E0	5.048277E-1	1.736802E-1
3.000000E0	4.784773E-1	1.344132E-1
3.033333E0	5.634509E-1	1.590301E-1
3.066667E0	6.059644E-1	1.554457E-1
3.100000E0	7.551731E-1	1.573307E-1
3.133333E0	9.125961E-1	2.346479E-1
3.166667E0	1.019967E0	2.064112E-1
3.200000E0	1.096046E0	2.029218E-1
3.233333E0	1.094954E0	2.093017E-1
3.266667E0	1.089431E0	2.131690E-1
3.300000E0	1.080296E0	2.147984E-1
3.333333E0	1.015429E0	3.258821E-1
3.366667E0	8.481297E-1	3.486321E-1
3.400000E0	8.389951E-1	3.407466E-1
3.433333E0	7.373026E-1	2.443310E-1
3.466667E0	7.044482E-1	2.107574E-1
3.500000E0	7.062961E-1	2.003910E-1
3.533333E0	7.973332E-1	2.141545E-1
3.566667E0	8.584819E-1	2.212129E-1
3.600000E0	1.081401E0	2.269332E-1
3.633333E0	1.168203E0	2.442069E-1
3.666667E0	1.284488E0	2.258217E-1
3.700000E0	1.396583E0	2.093199E-1
3.733333E0	1.398288E0	2.125373E-1
3.766667E0	1.398663E0	2.205664E-1
3.800000E0	1.383650E0	2.257025E-1
3.833333E0	1.337342E0	3.157590E-1
3.866667E0	1.216287E0	3.300137E-1
3.900000E0	1.211276E0	3.262115E-1
3.933333E0	1.118876E0	2.456205E-1
3.966667E0	1.112017E0	2.003672E-1
4.000000E0	1.100165E0	1.889449E-1
4.033333E0	1.206374E0	2.109242E-1
4.066667E0	1.254258E0	2.100244E-1
4.100000E0	1.495514E0	2.265657E-1
4.133333E0	1.632995E0	2.506736E-1
4.166667E0	1.773276E0	2.344695E-1
4.200000E0	1.891252E0	2.050273E-1
4.233333E0	1.910695E0	2.126847E-1
4.266667E0	1.953611E0	2.156491E-1
4.300000E0	1.954739E0	2.222511E-1
4.333333E0	1.929007E0	2.960098E-1
4.366667E0	1.819088E0	3.313505E-1
4.400000E0	1.800788E0	3.267694E-1
4.433333E0	1.747360E0	2.443142E-1
4.466667E0	1.700175E0	2.056751E-1
4.500000E0	1.720850E0	1.872797E-1
4.533333E0	1.832787E0	1.981285E-1
4.566667E0	1.889666E0	2.074751E-1
4.600000E0	2.137416E0	2.242491E-1
4.633333E0	2.227807E0	2.318055E-1
4.666667E0	2.357920E0	2.238256E-1
4.700000E0	2.489244E0	2.078282E-1
4.733333E0	2.525097E0	2.112252E-1
4.766667E0	2.550976E0	2.187038E-1
4.800000E0	2.547205E0	2.206176E-1
4.833333E0	2.516917E0	2.835192E-1
4.866667E0	2.393250E0	3.397400E-1
4.900000E0	2.377012E0	3.290114E-1
4.933333E0	2.322936E0	2.572787E-1
4.966667E0	2.267186E0	2.207775E-1
5.000000E0	2.259821E0	1.878516E-1
5.033333E0	2.364009E0	2.014692E-1
5.066667E0	2.408794E0	2.036457E-1
5.100000E0	2.552943E0	2.109591E-1
5.133333E0	2.724781E0	2.440746E-1
5.166667E0	2.857131E0	2.331778E-1
5.200000E0	2.978217E0	2.089582E-1
5.233333E0	2.985068E0	2.123096E-1
5.266667E0	3.009601E0	2.260926E-1
5.300000E0	3.020406E0	2.249889E-1
5.333333E0	2.980885E0	2.733492E-1
5.366667E0	2.842074E0	3.381788E-1
5.400000E0	2.809980E0	3.336753E-1
5.433333E0	2.734864E0	2.843232E-1
5.466667E0	2.687442E0	2.307470E-1
5.500000E0	2.674790E0	1.965250E-1
5.533333E0	2.769545E0	2.010882E-1
5.566667E0	2.818038E0	2.037556E-1
5.600000E0	2.959633E0	2.137672E-1
5.633333E0	3.123207E0	2.340060E-1
5.666667E0	3.234137E0	2.314853E-1
5.700000E0	3.347595E0	2.149859E-1
5.733333E0	3.375602E0	2.162249E-1
5.766667E0	3.390176E0	2.264792E-1
5.800000E0	3.390296E0	2.296875E-1
5.833333E0	3.344932E0	2.939612E-1
5.866667E0	3.188993E0	3.398004E-1
5.900000E0	3.159655E0	3.357773E-1
5.933333E0	3.083177E0	2.744950E-1
5.966667E0	3.036845E0	2.390555E-1
6.000000E0	3.032273E0	2.039914E-1
6.033333E0	3.125342E0	2.061958E-1
6.066667E0	3.167981E0	2.095584E-1
6.100000E0	3.314467E0	2.127439E-1
6.133333E0	3.473942E0	2.335673E-1
6.166667E0	3.585308E0	2.306569E-1
6.200000E0	3.679467E0	2.105657E-1
6.233333E0	3.691904E0	2.160741E-1
6.266667E0	3.699609E0	2.248836E-1
6.300000E0	3.681881E0	2.301430E-1
6.333333E0	3.624215E0	2.986511E-1
6.366667E0	3.467916E0	3.426647E-1
6.400000E0	3.441222E0	3.415020E-1
6.433333E0	3.329423E0	2.624946E-1
6.466667E0	3.296196E0	2.498730E-1
6.500000E0	3.296480E0	2.105129E-1
6.533333E0	3.327999E0	2.072758E-1
6.566667E0	3.430896E0	2.186544E-1
6.600000E0	3.591992E0	2.191339E-1
6.633333E0	3.655909E0	2.258868E-1
6.666667E0	3.860074E0	2.328283E-1
6.700000E0	3.918712E0	2.054892E-1
6.733333E0	3.922385E0	2.124751E-1
6.766667E0	3.937323E0	2.266562E-1
6.800000E0	3.952555E0	2.230029E-1
6.833333E0	3.885816E0	3.045394E-1
6.866667E0	3.767027E0	3.368891E-1
6.900000E0	3.723413E0	3.416400E-1
6.933333E0	3.603831E0	3.054516E-1
6.966667E0	3.588492E0	2.704993E-1
7.000000E0	3.556282E0	2.178169E-1
7.033333E0	3.588502E0	2.151391E-1
7.066667E0	3.631822E0	2.110910E-1
7.100000E0	3.771606E0	2.170471E-1
7.133333E0	3.890426E0	2.346611E-1
7.166667E0	4.058033E0	2.249745E-1
7.200000E0	4.137207E0	2.049877E-1
7.233333E0	4.144522E0	2.168070E-1
7.266667E0	4.176710E0	2.218140E-1
7.300000E0	4.176840E0	2.203566E-1
7.333333E0	4.089630E0	3.035090E-1
7.366667E0	3.990084E0	3.364125E-1
7.400000E0	3.931630E0	3.429807E-1
7.433333E0	3.822022E0	3.033301E-1
7.466667E0	3.803151E0	2.686596E-1
7.500000E0	3.764124E0	2.191365E-1
7.533333E0	3.805698E0	2.198252E-1
7.566667E0	3.867428E0	2.136105E-1
7.600000E0	4.045342E0	2.147532E-1
7.633333E0	4.152507E0	2.281839E-1
7.666667E0	4.331292E0	2.245061E-1
7.700000E0	4.393179E0	2.095127E-1
7.733333E0	4.422259E0	2.132076E-1
7.766667E0	4.442676E0	2.213222E-1
7.800000E0	4.453958E0	2.211938E-1
7.833333E0	4.375172E0	2.920247E-1
7.866667E0	4.277646E0	3.297915E-1
7.900000E0	4.230566E0	3.358282E-1
7.933333E0	4.111888E0	2.955799E-1
7.966667E0	4.092479E0	2.673615E-1
8.000000E0	4.054589E0	2.176827E-1
8.033333E0	4.086365E0	2.182329E-1
8.066667E0	4.165586E0	2.156127E-1
8.100000E0	4.338281E0	2.156861E-1
8.133333E0	4.418919E0	2.246922E-1
8.166667E0	4.595026E0	2.276317E-1
8.200000E0	4.668119E0	2.091105E-1
8.233333E0	4.698059E0	2.115300E-1
8.266667E0	4.727738E0	2.183155E-1
8.300000E0	4.740640E0	2.174266E-1
8.333333E0	4.669250E0	2.951241E-1
8.366667E0	4.567089E0	3.259410E-1
8.400000E0	4.515409E0	3.320058E-1
8.433333E0	4.400049E0	3.042956E-1
8.466667E0	4.381795E0	2.667286E-1
8.500000E0	4.344354E0	2.114545E-1
8.533333E0	4.385834E0	2.132992E-1
8.566667E0	4.442149E0	2.157520E-1
8.600000E0	4.624307E0	2.135549E-1
8.633333E0	4.728584E0	2.270109E-1
8.666667E0	4.912883E0	2.274645E-1
8.700000E0	4.983095E0	2.074669E-1
8.733333E0	5.008909E0	2.131246E-1
8.766667E0	5.040274E0	2.183627E-1
8.800000E0	5.039334E0	2.219343E-1
8.833333E0	4.961777E0	2.992476E-1
8.866667E0	4.862508E0	3.317399E-1
8.900000E0	4.839026E0	3.318724E-1
8.933333E0	4.735618E0	3.287436E-1
8.966667E0	4.691045E0	2.851779E-1
9.000000E0	4.635247E0	2.149657E-1
9.033333E0	4.667899E0	2.176469E-1
9.066667E0	4.739529E0	2.196208E-1
9.100000E0	4.906157E0	2.178657E-1
9.133333E0	5.007231E0	2.295304E-1
9.166667E0	5.194829E0	2.255583E-1
9.200000E0	5.251285E0	2.024560E-1
9.233333E0	5.287407E0	2.108175E-1
9.266667E0	5.305935E0	2.223177E-1
9.300000E0	5.316608E0	2.218804E-1
9.333333E0	5.235678E0	3.007847E-1
9.366667E0	5.135116E0	3.329452E-1
9.400000E0	5.091590E0	3.320421E-1
9.433333E0	4.966998E0	3.122815E-1
9.466667E0	4.941367E0	2.710370E-1
9.500000E0	4.898432E0	2.119989E-1
9.533333E0	4.945524E0	2.132816E-1
9.566667E0	5.025104E0	2.178363E-1
9.600000E0	5.190453E0	2.157061E-1
9.633333E0	5.271602E0	2.245200E-1
9.666667E0	5.451418E0	2.276823E-1
9.700000E0	5.520909E0	2.049676E-1
9.733333E0	5.556088E0	2.127050E-1
9.766667E0	5.571817E0	2.178914E-1
9.800000E0	5.558713E0	2.197340E-1
9.833333E0	5.488277E0	2.933751E-1
9.866667E0	5.372239E0	3.330333E-1
9.900000E0	5.352505E0	3.302599E-1
9.933333E0	5.200522E0	2.933749E-1
9.966667E0	5.177506E0	2.668626E-1
1.000000E1	5.135582E0	2.126813E-1
1.003333E1	5.168494E0	2.165563E-1
1.006667E1	5.208513E0	2.103854E-1
1.010000E1	5.332993E0	2.145385E-1
1.013333E1	5.492318E0	2.254029E-1
1.016667E1	5.667194E0	2.238908E-1
1.020000E1	5.743692E0	2.036154E-1
1.023333E1	5.773493E0	2.092722E-1
1.026667E1	5.799124E0	2.221609E-1
1.030000E1	5.817504E0	2.202911E-1
1.033333E1	5.753514E0	3.025565E-1
1.036667E1	5.645642E0	3.313392E-1
1.040000E1	5.609452E0	3.349186E-1
1.043333E1	5.478299E0	3.060952E-1
1.046667E1	5.462448E0	2.680248E-1
1.050000E1	5.433841E0	2.046283E-1
1.053333E1	5.471531E0	2.119083E-1
1.056667E1	5.558823E0	2.125981E-1
1.060000E1	5.715351E0	2.143007E-1
1.063333E1	5.802183E0	2.296525E-1
1.066667E1	6.006839E0	2.169708E-1
1.070000E1	6.074730E0	1.958601E-1
1.073333E1	6.093567E0	2.124836E-1
1.076667E1	6.135185E0	2.152613E-1
1.080000E1	6.132002E0	2.151328E-1
1.083333E1	6.063722E0	2.895553E-1
1.086667E1	5.961848E0	3.334689E-1
1.090000E1	5.934490E0	3.260784E-1
1.093333E1	5.794398E0	2.950135E-1
1.096667E1	5.764087E0	2.612649E-1
1.100000E1	5.728703E0	2.173548E-1
1.103333E1	5.774596E0	2.089548E-1
1.106667E1	5.845203E0	2.096195E-1
1.110000E1	6.004225E0	2.120045E-1
1.113333E1	6.106753E0	2.204993E-1
1.116667E1	6.288334E0	2.233359E-1
1.120000E1	6.353453E0	2.011396E-1
1.123333E1	6.373114E0	2.169384E-1
1.126667E1	6.411802E0	2.206006E-1
1.130000E1	6.411546E0	2.205095E-1
1.133333E1	6.347266E0	2.995043E-1
1.136667E1	6.236983E0	3.332590E-1
1.140000E1	6.168149E0	3.196517E-1
1.143333E1	6.057617E0	2.699396E-1
1.146667E1	6.023407E0	2.425648E-1
1.150000E1	6.028433E0	2.012322E-1
1.153333E1	6.080039E0	2.024755E-1
1.156667E1	6.182583E0	2.141678E-1
1.160000E1	6.359343E0	2.159777E-1
1.163333E1	6.452529E0	2.355891E-1
1.166667E1	6.619285E0	2.160124E-1
1.170000E1	6.662184E0	2.072610E-1
1.173333E1	6.703669E0	2.126547E-1
1.176667E1	6.721123E0	2.190741E-1
1.180000E1	6.709020E0	2.225060E-1
1.183333E1	6.588735E0	3.103344E-1
1.186667E1	6.514231E0	3.274652E-1
1.190000E1	6.463246E0	3.198243E-1
1.193333E1	6.377304E0	2.720470E-1
1.196667E1	6.351240E0	2.264298E-1
1.200000E1	6.348380E0	1.761432E-1
1.203333E1	6.408056E0	1.610517E-1
1.206667E1	6.491864E0	1.579022E-1
1.210000E1	6.675187E0	1.554895E-1
1.213333E1	6.785010E0	1.647775E-1
1.216667E1	6.940533E0	1.497958E-1
1.220000E1	6.991259E0	1.432782E-1
1.223333E1	7.009679E0	1.440457E-1
1.226667E1	7.019509E0	1.550552E-1
1.230000E1	7.035196E0	1.586412E-1
1.233333E1	6.932906E0	2.542534E-1
1.236667E1	6.845599E0	2.850109E-1
1.240000E1	6.808488E0	2.689861E-1
1.243333E1	6.718279E0	2.158217E-1
1.246667E1	6.679294E0	1.757985E-1
1.250000E1	6.700932E0	1.378447E-1
1.253333E1	6.767854E0	1.375528E-1
1.256667E1	6.846875E0	1.407447E-1
1.260000E1	7.045811E0	1.481247E-1
1.263333E1	7.151717E0	1.529409E-1
1.266667E1	7.301484E0	1.386225E-1
1.270000E1	7.348404E0	1.354886E-1
1.273333E1	7.375881E0	1.443488E-1
1.276667E1	7.379783E0	1.554137E-1
1.280000E1	7.398479E0	1.601573E-1
1.283333E1	7.293751E0	2.460371E-1
1.286667E1	7.201403E0	2.557693E-1
1.290000E1	7.146011E0	2.356887E-1
1.293333E1	7.071424E0	1.956416E-1
1.296667E1	7.041022E0	1.722171E-1
1.300000E1	7.063166E0	1.251317E-1
1.303333E1	7.130257E0	1.321862E-1
1.306667E1	7.206435E0	1.329204E-1
1.310000E1	7.399192E0	1.439121E-1
1.313333E1	7.518806E0	1.511544E-1
1.316667E1	7.682094E0	1.460705E-1
1.320000E1	7.745776E0	1.376802E-1
1.323333E1	7.782633E0	1.461488E-1
1.326667E1	7.796006E0	1.548542E-1
1.330000E1	7.786502E0	1.581223E-1
1.333333E1	7.702271E0	2.557106E-1
1.336667E1	7.605593E0	2.808735E-1
1.340000E1	7.598799E0	2.704151E-1
1.343333E1	7.490272E0	2.177686E-1
1.346667E1	7.471051E0	1.780708E-1
1.350000E1	7.492172E0	1.398236E-1
1.353333E1	7.565718E0	1.400254E-1
1.356667E1	7.640203E0	1.421624E-1
1.360000E1	7.829495E0	1.491923E-1
1.363333E1	7.946324E0	1.560115E-1
1.366667E1	8.095895E0	1.385503E-1
1.370000E1	8.149847E0	1.351895E-1
1.373333E1	8.172819E0	1.451912E-1
1.376667E1	8.212833E0	1.513604E-1
1.380000E1	8.211050E0	1.548986E-1
1.383333E1	8.120189E0	2.532644E-1
1.386667E1	8.040660E0	2.827234E-1
1.390000E1	8.027348E0	2.758590E-1
1.393333E1	7.934315E0	2.325608E-1
1.396667E1	7.912036E0	1.735925E-1
1.400000E1	7.934073E0	1.354517E-1
1.403333E1	8.016722E0	1.379564E-1
1.406667E1	8.077314E0	1.421435E-1
1.410000E1	8.285820E0	1.465994E-1
1.413333E1	8.394165E0	1.601920E-1
1.416667E1	8.576495E0	1.466348E-1
1.420000E1	8.643211E0	1.383632E-1
1.423333E1	8.673293E0	1.422820E-1
1.426667E1	8.701162E0	1.534754E-1
1.430000E1	8.710406E0	1.522644E-1
1.433333E1	8.630678E0	2.616130E-1
1.436667E1	8.544116E0	2.829373E-1
1.440000E1	8.523210E0	2.627004E-1
1.443333E1	8.428559E0	2.501269E-1
1.446667E1	8.417300E0	1.858978E-1
1.450000E1	8.426565E0	1.555142E-1
1.453333E1	8.499539E0	1.477955E-1
1.456667E1	8.597167E0	1.418394E-1
1.460000E1	8.789347E0	1.494461E-1
1.463333E1	8.886936E0	1.584445E-1
1.466667E1	9.054397E0	1.472216E-1
1.470000E1	9.123415E0	1.387004E-1
1.473333E1	9.148316E0	1.456616E-1
1.476667E1	9.170550E0	1.483827E-1
1.480000E1	9.158535E0	1.529102E-1
1.483333E1	9.129144E0	2.181739E-1
1.486667E1	8.998107E0	2.716341E-1
1.490000E1	8.986049E0	2.716229E-1
1.493333E1	8.887707E0	2.152469E-1
1.496667E1	8.851789E0	1.795871E-1
1.500000E1	8.849002E0	1.359862E-1
1.503333E1	8.946833E0	1.380659E-1
1.506667E1	8.993722E0	1.385803E-1
1.510000E1	9.156996E0	1.406415E-1
1.513333E1	9.314913E0	1.569289E-1
1.516667E1	9.429353E0	1.516027E-1
1.520000E1	9.548281E0	1.341808E-1
1.523333E1	9.574094E0	1.414682E-1
1.526667E1	9.594924E0	1.464655E-1
1.530000E1	9.590784E0	1.511359E-1
1.533333E1	9.563349E0	2.121410E-1
1.536667E1	9.424109E0	2.705421E-1
1.540000E1	9.408783E0	2.733348E-1
1.543333E1	9.312161E0	2.100467E-1
1.546667E1	9.287138E0	1.882522E-1
1.550000E1	9.279017E0	1.628715E-1
1.553333E1	9.368317E0	1.509586E-1
1.556667E1	9.414146E0	1.442748E-1
1.560000E1	9.586979E0	1.433910E-1
1.563333E1	9.745956E0	1.541142E-1
1.566667E1	9.862919E0	1.568554E-1
1.570000E1	9.981482E0	1.400000E-1
1.573333E1	1.000408E1	1.417499E-1
1.576667E1	1.002536E1	1.508736E-1
1.580000E1	1.002529E1	1.543074E-1
1.583333E1	9.993909E0	2.363834E-1
1.586667E1	9.857714E0	2.731555E-1
1.590000E1	9.844819E0	2.703784E-1
1.593333E1	9.748764E0	2.069069E-1
1.596667E1	9.722712E0	1.856682E-1
1.600000E1	9.716008E0	1.605248E-1
1.603333E1	9.810373E0	1.437770E-1
1.606667E1	9.854077E0	1.460504E-1
1.610000E1	1.003840E1	1.428859E-1
1.613333E1	1.017101E1	1.608012E-1
1.616667E1	1.029310E1	1.517108E-1
1.620000E1	1.041631E1	1.426605E-1
1.623333E1	1.044429E1	1.445464E-1
1.626667E1	1.045630E1	1.479705E-1
1.630000E1	1.045853E1	1.551752E-1
1.633333E1	1.042588E1	2.156930E-1
1.636667E1	1.029313E1	2.704859E-1
1.640000E1	1.027807E1	2.706177E-1
1.643333E1	1.018216E1	2.089765E-1
1.646667E1	1.014336E1	1.709337E-1
1.650000E1	1.014606E1	1.384130E-1
1.653333E1	1.024130E1	1.397989E-1
1.656667E1	1.029039E1	1.389430E-1
1.660000E1	1.045620E1	1.432455E-1
1.663333E1	1.061009E1	1.505802E-1
1.666667E1	1.073221E1	1.527806E-1
1.670000E1	1.084174E1	1.363898E-1
1.673333E1	1.086595E1	1.429191E-1
1.676667E1	1.088960E1	1.472308E-1
1.680000E1	1.088514E1	1.528676E-1
1.683333E1	1.085062E1	2.263011E-1
1.686667E1	1.071766E1	2.741946E-1
1.690000E1	1.070400E1	2.721905E-1
1.693333E1	1.060410E1	2.186190E-1
1.696667E1	1.057849E1	1.843143E-1
1.700000E1	1.056936E1	1.606394E-1
1.703333E1	1.066128E1	1.495119E-1
1.706667E1	1.070838E1	1.451880E-1
1.710000E1	1.087538E1	1.479766E-1
1.713333E1	1.103207E1	1.581865E-1
1.716667E1	1.114786E1	1.527288E-1
1.720000E1	1.126206E1	1.311874E-1
1.723333E1	1.126355E1	1.399647E-1
1.726667E1	1.126978E1	1.524437E-1
1.730000E1	1.129440E1	1.580046E-1
1.733333E1	1.125791E1	2.138812E-1
1.736667E1	1.110575E1	2.756815E-1
1.740000E1	1.108005E1	2.704748E-1
1.743333E1	1.097442E1	2.106316E-1
1.746667E1	1.093179E1	1.780863E-1
1.750000E1	1.092995E1	1.375613E-1
1.753333E1	1.100437E1	1.402055E-1
1.756667E1	1.106598E1	1.419984E-1
1.760000E1	1.123803E1	1.414551E-1
1.763333E1	1.137712E1	1.551229E-1
1.766667E1	1.150449E1	1.542885E-1
1.770000E1	1.159584E1	1.306882E-1
1.773333E1	1.160919E1	1.393159E-1
1.776667E1	1.161591E1	1.467044E-1
1.780000E1	1.160442E1	1.524031E-1
1.783333E1	1.156011E1	2.426579E-1
1.786667E1	1.143727E1	2.806153E-1
1.790000E1	1.141910E1	2.772724E-1
1.793333E1	1.132258E1	2.212447E-1
1.796667E1	1.129812E1	1.877687E-1
1.800000E1	1.128418E1	1.638367E-1
1.803333E1	1.135385E1	1.489326E-1
1.806667E1	1.141060E1	1.513249E-1
1.810000E1	1.159534E1	1.458033E-1
1.813333E1	1.173164E1	1.628963E-1
1.816667E1	1.185229E1	1.553401E-1
1.820000E1	1.195200E1	1.355404E-1
1.823333E1	1.196971E1	1.418366E-1
1.826667E1	1.197594E1	1.497159E-1
1.830000E1	1.196614E1	1.580325E-1
1.833333E1	1.192590E1	2.301675E-1
1.836667E1	1.179406E1	2.763843E-1
1.840000E1	1.177543E1	2.774121E-1
1.843333E1	1.167190E1	2.283436E-1
1.846667E1	1.164667E1	1.899683E-1
1.850000E1	1.163736E1	1.669794E-1
1.853333E1	1.168740E1	1.453847E-1
1.856667E1	1.176369E1	1.497955E-1
1.860000E1	1.192552E1	1.503785E-1
1.863333E1	1.204189E1	1.537522E-1
1.866667E1	1.214608E1	1.548573E-1
1.870000E1	1.225358E1	1.319900E-1
1.873333E1	1.226214E1	1.396797E-1
1.876667E1	1.226678E1	1.484630E-1
1.880000E1	1.225799E1	1.539890E-1
1.883333E1	1.221073E1	2.270530E-1
1.886667E1	1.207346E1	2.742155E-1
1.890000E1	1.206149E1	2.733566E-1
1.893333E1	1.195603E1	2.422875E-1
1.896667E1	1.193281E1	1.899316E-1
1.900000E1	1.191970E1	1.673922E-1
1.903333E1	1.197600E1	1.427557E-1
1.906667E1	1.202255E1	1.407455E-1
1.910000E1	1.220440E1	1.494378E-1
1.913333E1	1.233226E1	1.593714E-1
1.916667E1	1.241827E1	1.536059E-1
1.920000E1	1.250223E1	1.381258E-1
1.923333E1	1.252185E1	1.419680E-1
1.926667E1	1.252691E1	1.498139E-1
1.930000E1	1.252453E1	1.558049E-1
1.933333E1	1.247030E1	2.107125E-1
1.936667E1	1.228797E1	2.709760E-1
1.940000E1	1.226729E1	2.676022E-1
1.943333E1	1.215440E1	2.412898E-1
1.946667E1	1.210250E1	1.749236E-1
1.950000E1	1.208332E1	1.400525E-1
1.953333E1	1.215223E1	1.416000E-1
1.956667E1	1.221595E1	1.450112E-1
1.960000E1	1.239722E1	1.477804E-1
1.963333E1	1.251765E1	1.580208E-1
1.966667E1	1.263750E1	1.551494E-1
1.970000E1	1.271950E1	1.322193E-1
1.973333E1	1.274602E1	1.395008E-1
1.976667E1	1.275995E1	1.456923E-1
1.980000E1	1.274558E1	1.545704E-1
1.983333E1	1.269618E1	2.119636E-1
1.986667E1	1.252599E1	2.733961E-1
1.990000E1	1.249970E1	2.724596E-1
1.993333E1	1.240574E1	2.306672E-1
1.996667E1	1.237003E1	1.814710E-1
2.000000E1	1.235434E1	1.644303E-1
2.003333E1	1.239133E1	1.503331E-1
2.006667E1	1.245096E1	1.445399E-1
2.010000E1	1.264573E1	1.461582E-1
2.013333E1	1.278226E1	1.593395E-1
2.016667E1	1.291075E1	1.484116E-1
2.020000E1	1.298565E1	1.300992E-1
2.023333E1	1.298637E1	1.393920E-1
2.026667E1	1.298320E1	1.447917E-1
2.030000E1	1.297199E1	1.540591E-1
2.033333E1	1.292572E1	2.128360E-1
2.036667E1	1.278999E1	2.694877E-1
2.040000E1	1.277933E1	2.697039E-1
2.043333E1	1.267217E1	2.456639E-1
2.046667E1	1.265218E1	1.806953E-1
2.050000E1	1.264504E1	1.658125E-1
2.053333E1	1.270601E1	1.407401E-1
2.056667E1	1.277870E1	1.496511E-1
2.060000E1	1.297724E1	1.448770E-1
2.063333E1	1.309315E1	1.540292E-1
2.066667E1	1.322568E1	1.510392E-1
2.070000E1	1.332733E1	1.290292E-1
2.073333E1	1.334287E1	1.386499E-1
2.076667E1	1.334406E1	1.479091E-1
2.080000E1	1.333253E1	1.470418E-1
2.083333E1	1.328224E1	2.072272E-1
2.086667E1	1.311416E1	2.721150E-1
2.090000E1	1.307975E1	2.702931E-1
2.093333E1	1.301493E1	2.606254E-1
2.096667E1	1.294972E1	1.777966E-1
2.100000E1	1.294275E1	1.421443E-1
2.103333E1	1.301836E1	1.366234E-1
2.106667E1	1.308604E1	1.422243E-1
2.110000E1	1.327576E1	1.433719E-1
2.113333E1	1.338246E1	1.487003E-1
2.116667E1	1.351325E1	1.499330E-1
2.120000E1	1.360826E1	1.315814E-1
2.123333E1	1.362449E1	1.385082E-1
2.126667E1	1.362522E1	1.513781E-1
2.130000E1	1.361545E1	1.542777E-1
2.133333E1	1.355366E1	2.088225E-1
2.136667E1	1.338240E1	2.756945E-1
2.140000E1	1.336310E1	2.701491E-1
2.143333E1	1.330377E1	2.654135E-1
2.146667E1	1.323647E1	1.866335E-1
2.150000E1	1.321525E1	1.617803E-1
2.153333E1	1.329826E1	1.516876E-1
2.156667E1	1.337626E1	1.469009E-1
2.160000E1	1.358916E1	1.527350E-1
2.163333E1	1.367995E1	1.540290E-1
2.166667E1	1.378886E1	1.533366E-1
2.170000E1	1.389644E1	1.333363E-1
2.173333E1	1.390599E1	1.391233E-1
2.176667E1	1.391367E1	1.481195E-1
2.180000E1	1.390255E1	1.528147E-1
2.183333E1	1.385238E1	2.112044E-1
2.186667E1	1.368465E1	2.713599E-1
2.190000E1	1.365610E1	2.729550E-1
2.193333E1	1.359232E1	2.634226E-1
2.196667E1	1.353552E1	1.830205E-1
2.200000E1	1.350246E1	1.640250E-1
2.203333E1	1.357869E1	1.516423E-1
2.206667E1	1.365500E1	1.509452E-1
2.210000E1	1.386541E1	1.525282E-1
2.213333E1	1.396260E1	1.564954E-1
2.216667E1	1.409086E1	1.540736E-1
2.220000E1	1.419286E1	1.328758E-1
2.223333E1	1.420492E1	1.370007E-1
2.226667E1	1.420974E1	1.493915E-1
2.230000E1	1.419867E1	1.518334E-1
2.233333E1	1.415377E1	2.204022E-1
2.236667E1	1.401581E1	2.677912E-1
2.240000E1	1.401168E1	2.722824E-1
2.243333E1	1.390936E1	2.509994E-1
2.246667E1	1.386593E1	1.715943E-1
2.250000E1	1.387486E1	1.356076E-1
2.253333E1	1.396356E1	1.330877E-1
2.256667E1	1.403358E1	1.402071E-1
2.260000E1	1.425015E1	1.464400E-1
2.263333E1	1.434382E1	1.517758E-1
2.266667E1	1.446368E1	1.549948E-1
2.270000E1	1.456938E1	1.288373E-1
2.273333E1	1.458079E1	1.403669E-1
2.276667E1	1.462267E1	1.488190E-1
2.280000E1	1.462269E1	1.501805E-1
2.283333E1	1.457016E1	2.061558E-1
2.286667E1	1.443015E1	2.693869E-1
2.290000E1	1.440094E1	2.740929E-1
2.293333E1	1.433787E1	2.611382E-1
2.296667E1	1.426737E1	1.873987E-1
2.300000E1	1.424593E1	1.640605E-1
2.303333E1	1.433583E1	1.500920E-1
2.306667E1	1.439850E1	1.526746E-1
2.310000E1	1.461387E1	1.534070E-1
2.313333E1	1.471477E1	1.558862E-1
2.316667E1	1.482900E1	1.538730E-1
2.320000E1	1.490075E1	1.312661E-1
2.323333E1	1.494686E1	1.400589E-1
2.326667E1	1.499533E1	1.435317E-1
2.330000E1	1.499050E1	1.449996E-1
2.333333E1	1.495246E1	2.182886E-1
2.336667E1	1.487081E1	2.587331E-1
2.340000E1	1.486186E1	2.662592E-1
2.343333E1	1.475700E1	2.591485E-1
2.346667E1	1.471802E1	2.186619E-1
2.350000E1	1.468488E1	1.545467E-1
2.353333E1	1.473187E1	1.514245E-1
2.356667E1	1.484338E1	1.452432E-1
2.360000E1	1.500341E1	1.436951E-1
2.363333E1	1.509875E1	1.524182E-1
2.366667E1	1.530811E1	1.562772E-1
2.370000E1	1.540717E1	1.345018E-1
2.373333E1	1.544895E1	1.406195E-1
2.376667E1	1.552637E1	1.447202E-1
2.380000E1	1.554788E1	1.456006E-1
2.383333E1	1.551771E1	2.235566E-1
2.386667E1	1.543321E1	2.648831E-1
2.390000E1	1.540394E1	2.746872E-1
2.393333E1	1.533332E1	2.630751E-1
2.396667E1	1.529024E1	2.201980E-1
2.400000E1	1.525788E1	1.522166E-1
2.403333E1	1.530734E1	1.475928E-1
2.406667E1	1.542002E1	1.434604E-1
2.410000E1	1.558132E1	1.440262E-1
2.413333E1	1.567355E1	1.540922E-1
2.416667E1	1.587999E1	1.620936E-1
2.420000E1	1.599298E1	1.302632E-1
2.423333E1	1.602636E1	1.412016E-1
2.426667E1	1.609649E1	1.474348E-1
2.430000E1	1.612002E1	1.459878E-1
2.433333E1	1.609782E1	2.252043E-1
2.436667E1	1.601405E1	2.654852E-1
2.440000E1	1.597907E1	2.777449E-1
2.443333E1	1.589451E1	2.689330E-1
2.446667E1	1.586121E1	2.257639E-1
2.450000E1	1.583192E1	1.599653E-1
2.453333E1	1.587030E1	1.396233E-1
2.456667E1	1.597767E1	1.512787E-1
2.460000E1	1.614767E1	1.464418E-1
2.463333E1	1.624008E1	1.552624E-1
2.466667E1	1.644872E1	1.520664E-1
2.470000E1	1.654416E1	1.370626E-1
2.473333E1	1.657957E1	1.368961E-1
2.476667E1	1.663378E1	1.472340E-1
2.480000E1	1.664245E1	1.460577E-1
2.483333E1	1.660279E1	2.121762E-1
2.486667E1	1.652443E1	2.678420E-1
2.490000E1	1.650902E1	2.746890E-1
2.493333E1	1.642562E1	2.696057E-1
2.496667E1	1.639908E1	2.525710E-1
2.500000E1	1.634816E1	1.698321E-1
2.503333E1	1.640164E1	1.559825E-1
2.506667E1	1.644712E1	1.488762E-1
2.510000E1	1.667551E1	1.575076E-1
2.513333E1	1.673283E1	1.483085E-1
2.516667E1	1.695518E1	1.616250E-1
2.520000E1	1.704044E1	1.325232E-1
2.523333E1	1.709646E1	1.348700E-1
2.526667E1	1.713562E1	1.466623E-1
2.530000E1	1.714531E1	1.457454E-1
2.533333E1	1.711237E1	2.333932E-1
2.536667E1	1.702359E1	2.657169E-1
2.540000E1	1.698351E1	2.794739E-1
2.543333E1	1.687589E1	2.606074E-1
2.546667E1	1.684177E1	2.302292E-1
2.550000E1	1.682851E1	1.618882E-1
2.553333E1	1.686871E1	1.448180E-1
2.556667E1	1.697419E1	1.534996E-1
2.560000E1	1.714220E1	1.485731E-1
2.563333E1	1.723228E1	1.500610E-1
2.566667E1	1.742559E1	1.490172E-1
2.570000E1	1.752047E1	1.327281E-1
2.573333E1	1.755662E1	1.455286E-1
2.576667E1	1.759573E1	1.447605E-1
2.580000E1	1.758836E1	1.428309E-1
2.583333E1	1.755079E1	2.264928E-1
2.586667E1	1.745214E1	2.721442E-1
2.590000E1	1.741324E1	2.792427E-1
2.593333E1	1.732843E1	2.730058E-1
2.596667E1	1.729737E1	2.283601E-1
2.600000E1	1.729218E1	1.515439E-1
2.603333E1	1.736341E1	1.485176E-1
2.606667E1	1.743552E1	1.504793E-1
2.610000E1	1.765088E1	1.474091E-1
2.613333E1	1.774579E1	1.551553E-1
2.616667E1	1.794573E1	1.425923E-1
2.620000E1	1.801132E1	1.345177E-1
2.623333E1	1.803222E1	1.408864E-1
2.626667E1	1.805888E1	1.536564E-1
2.630000E1	1.806908E1	1.568528E-1
2.633333E1	1.800002E1	2.605185E-1
2.636667E1	1.790673E1	2.924362E-1
2.640000E1	1.788568E1	2.724699E-1
2.643333E1	1.782119E1	2.672816E-1
2.646667E1	1.779862E1	2.220980E-1
2.650000E1	1.779505E1	1.659427E-1
2.653333E1	1.786081E1	1.550733E-1
2.656667E1	1.795550E1	1.467086E-1
2.660000E1	1.814902E1	1.494275E-1
2.663333E1	1.826151E1	1.602193E-1
2.666667E1	1.845501E1	1.512475E-1
2.670000E1	1.851815E1	1.397697E-1
2.673333E1	1.854410E1	1.473688E-1
2.676667E1	1.858504E1	1.512837E-1
2.680000E1	1.858167E1	1.504420E-1
2.683333E1	1.848704E1	2.507680E-1
2.686667E1	1.841398E1	2.737722E-1
2.690000E1	1.839843E1	2.705196E-1
2.693333E1	1.830523E1	2.377635E-1
2.696667E1	1.829342E1	1.905758E-1
2.700000E1	1.829650E1	1.562404E-1
2.703333E1	1.837065E1	1.511780E-1
2.706667E1	1.843565E1	1.439404E-1
2.710000E1	1.864476E1	1.473269E-1
2.713333E1	1.875189E1	1.500422E-1
2.716667E1	1.891924E1	1.465640E-1
2.720000E1	1.899305E1	1.344038E-1
2.723333E1	1.901925E1	1.415250E-1
2.726667E1	1.905803E1	1.549785E-1
2.730000E1	1.907152E1	1.548762E-1
2.733333E1	1.899060E1	2.560803E-1
2.736667E1	1.890314E1	2.936871E-1
2.740000E1	1.887430E1	2.756045E-1
2.743333E1	1.879331E1	2.591260E-1
2.746667E1	1.876316E1	2.334444E-1
2.750000E1	1.878609E1	1.696054E-1
2.753333E1	1.884987E1	1.626560E-1
2.756667E1	1.893133E1	1.563288E-1
2.760000E1	1.913294E1	1.523861E-1
2.763333E1	1.925004E1	1.585748E-1
2.766667E1	1.940709E1	1.511164E-1
2.770000E1	1.947856E1	1.377845E-1
2.773333E1	1.951326E1	1.446295E-1
2.776667E1	1.953444E1	1.490676E-1
2.780000E1	1.952351E1	1.535299E-1
2.783333E1	1.944089E1	2.596502E-1
2.786667E1	1.933218E1	2.955128E-1
2.790000E1	1.931028E1	2.745833E-1
2.793333E1	1.922714E1	2.579885E-1
2.796667E1	1.919641E1	2.355004E-1
2.800000E1	1.921042E1	1.719499E-1
2.803333E1	1.928548E1	1.610824E-1
2.806667E1	1.935988E1	1.551014E-1
2.810000E1	1.954606E1	1.533631E-1
2.813333E1	1.965418E1	1.616537E-1
2.816667E1	1.982538E1	1.435176E-1
2.820000E1	1.988752E1	1.350263E-1
2.823333E1	1.990428E1	1.417062E-1
2.826667E1	1.991828E1	1.561579E-1
2.830000E1	1.993176E1	1.558462E-1
2.833333E1	1.983955E1	2.640766E-1
2.836667E1	1.974278E1	2.903875E-1
2.840000E1	1.970709E1	2.779438E-1
2.843333E1	1.960094E1	2.427709E-1
2.846667E1	1.958371E1	2.004737E-1
2.850000E1	1.958364E1	1.568000E-1
2.853333E1	1.964260E1	1.526761E-1
2.856667E1	1.972600E1	1.461368E-1
2.860000E1	1.990988E1	1.497147E-1
2.863333E1	2.001693E1	1.563256E-1
2.866667E1	2.018368E1	1.471385E-1
2.870000E1	2.023274E1	1.379890E-1
2.873333E1	2.025136E1	1.446202E-1
2.876667E1	2.026098E1	1.492263E-1
2.880000E1	2.024629E1	1.534610E-1
2.883333E1	2.015655E1	2.584452E-1
2.886667E1	2.004800E1	2.893739E-1
2.890000E1	2.000157E1	2.798306E-1
2.893333E1	1.989322E1	2.359648E-1
2.896667E1	1.987385E1	1.982969E-1
2.900000E1	1.986675E1	1.580163E-1
2.903333E1	1.992238E1	1.520598E-1
2.906667E1	2.000440E1	1.496645E-1
2.910000E1	2.018825E1	1.482313E-1
2.913333E1	2.029456E1	1.629709E-1
2.916667E1	2.045537E1	1.439478E-1
2.920000E1	2.050583E1	1.324010E-1
2.923333E1	2.053111E1	1.413165E-1
2.926667E1	2.054087E1	1.504039E-1
2.930000E1	2.052736E1	1.537912E-1
2.933333E1	2.042643E1	2.645190E-1
2.936667E1	2.032299E1	2.870589E-1
2.940000E1	2.028236E1	2.782171E-1
2.943333E1	2.017503E1	2.418337E-1
2.946667E1	2.015581E1	1.959863E-1
2.950000E1	2.015124E1	1.549962E-1
2.953333E1	2.019143E1	1.452733E-1
2.956667E1	2.028677E1	1.482938E-1
2.960000E1	2.046473E1	1.482210E-1
2.963333E1	2.056476E1	1.627806E-1
2.966667E1	2.072631E1	1.473587E-1
2.970000E1	2.076161E1	1.342321E-1
2.973333E1	2.076493E1	1.415059E-1
2.976667E1	2.075572E1	1.490703E-1
2.980000E1	2.074532E1	1.534463E-1
2.983333E1	2.062462E1	2.553494E-1
2.986667E1	2.048529E1	2.900892E-1
2.990000E1	2.046149E1	2.711283E-1
2.993333E1	2.037106E1	2.532888E-1
2.996667E1	2.033072E1	2.174721E-1
3.000000E1	2.030918E1	1.615836E-1
3.003333E1	2.035862E1	1.568829E-1
3.006667E1	2.044841E1	1.526688E-1
3.010000E1	2.061508E1	1.479842E-1
3.013333E1	2.071438E1	1.651705E-1
3.016667E1	2.087972E1	1.491824E-1
3.020000E1	2.093067E1	1.359797E-1
3.023333E1	2.095317E1	1.452225E-1
3.026667E1	2.096080E1	1.513978E-1
3.030000E1	2.095179E1	1.552008E-1
3.033333E1	2.083270E1	2.566295E-1
3.036667E1	2.070796E1	2.901841E-1
3.040000E1	2.067591E1	2.714582E-1
3.043333E1	2.057703E1	2.570011E-1
3.046667E1	2.053975E1	2.106853E-1
3.050000E1	2.051999E1	1.633356E-1
3.053333E1	2.056669E1	1.559909E-1
3.056667E1	2.062518E1	1.435116E-1
3.060000E1	2.081063E1	1.487230E-1
3.063333E1	2.092613E1	1.610581E-1
3.066667E1	2.109324E1	1.452600E-1
3.070000E1	2.113975E1	1.376655E-1
3.073333E1	2.116372E1	1.438878E-1
3.076667E1	2.116800E1	1.508552E-1
3.080000E1	2.116468E1	1.543825E-1
3.083333E1	2.103813E1	2.581880E-1
3.086667E1	2.091539E1	2.934112E-1
3.090000E1	2.088755E1	2.722209E-1
3.093333E1	2.079137E1	2.582704E-1
3.096667E1	2.075735E1	2.015230E-1
3.100000E1	2.074053E1	1.612630E-1
3.103333E1	2.079335E1	1.548712E-1
3.106667E1	2.085620E1	1.532655E-1
3.110000E1	2.106237E1	1.525475E-1
3.113333E1	2.116642E1	1.547609E-1
3.116667E1	2.133411E1	1.447306E-1
3.120000E1	2.138600E1	1.384135E-1
3.123333E1	2.139463E1	1.439477E-1
3.126667E1	2.139876E1	1.504414E-1
3.130000E1	2.138761E1	1.572257E-1
3.133333E1	2.125699E1	2.486204E-1
3.136667E1	2.114777E1	2.729571E-1
3.140000E1	2.111692E1	2.539404E-1
3.143333E1	2.099533E1	2.356082E-1
3.146667E1	2.096767E1	1.684118E-1
3.150000E1	2.094862E1	1.345333E-1
3.153333E1	2.101654E1	1.322212E-1
3.156667E1	2.107176E1	1.369250E-1
3.160000E1	2.124121E1	1.419647E-1
3.163333E1	2.138865E1	1.517658E-1
3.166667E1	2.150952E1	1.519271E-1
3.170000E1	2.162823E1	1.246654E-1
3.173333E1	2.162493E1	1.349254E-1
3.176667E1	2.161784E1	1.506916E-1
3.180000E1	2.160871E1	1.541585E-1
3.183333E1	2.154567E1	2.170479E-1
3.186667E1	2.136122E1	2.745107E-1
3.190000E1	2.134302E1	2.644816E-1
3.193333E1	2.123068E1	2.449302E-1
3.196667E1	2.118554E1	1.618770E-1
3.200000E1	2.117447E1	1.280729E-1
3.203333E1	2.124972E1	1.289739E-1
3.206667E1	2.130051E1	1.342692E-1
3.210000E1	2.146060E1	1.412275E-1
3.213333E1	2.163942E1	1.533782E-1
3.216667E1	2.178132E1	1.533995E-1
3.220000E1	2.189382E1	1.269923E-1
3.223333E1	2.190818E1	1.332043E-1
3.226667E1	2.191119E1	1.475626E-1
3.230000E1	2.189901E1	1.501654E-1
3.233333E1	2.185225E1	2.226930E-1
3.236667E1	2.170231E1	2.687466E-1
3.240000E1	2.164462E1	2.710414E-1
3.243333E1	2.158736E1	2.576802E-1
3.246667E1	2.151609E1	1.781006E-1
3.250000E1	2.151299E1	1.389130E-1
3.253333E1	2.160495E1	1.298418E-1
3.256667E1	2.165464E1	1.365086E-1
3.260000E1	2.182578E1	1.439283E-1
3.263333E1	2.199694E1	1.545045E-1
3.266667E1	2.213977E1	1.530203E-1
3.270000E1	2.226352E1	1.273813E-1
3.273333E1	2.227213E1	1.329982E-1
3.276667E1	2.228438E1	1.524272E-1
3.280000E1	2.230289E1	1.536017E-1
3.283333E1	2.225020E1	2.095014E-1
3.286667E1	2.208773E1	2.790393E-1
3.290000E1	2.206051E1	2.730791E-1
3.293333E1	2.197299E1	2.577308E-1
3.296667E1	2.190701E1	1.719144E-1
3.300000E1	2.189241E1	1.359628E-1
3.303333E1	2.197091E1	1.306828E-1
3.306667E1	2.202628E1	1.342657E-1
3.310000E1	2.217753E1	1.459551E-1
3.313333E1	2.234054E1	1.513920E-1
3.316667E1	2.246383E1	1.520492E-1
3.320000E1	2.258043E1	1.322752E-1
3.323333E1	2.260489E1	1.379170E-1
3.326667E1	2.261312E1	1.526624E-1
3.330000E1	2.260944E1	1.556264E-1
3.333333E1	2.256004E1	2.124117E-1
3.336667E1	2.237191E1	2.780810E-1
3.340000E1	2.235084E1	2.724847E-1
3.343333E1	2.226289E1	2.555114E-1
3.346667E1	2.218490E1	1.745333E-1
3.350000E1	2.217477E1	1.392936E-1
3.353333E1	2.226233E1	1.377884E-1
3.356667E1	2.231281E1	1.394278E-1
3.360000E1	2.246971E1	1.447610E-1
3.363333E1	2.264846E1	1.498638E-1
3.366667E1	2.279976E1	1.529775E-1
3.370000E1	2.292252E1	1.278432E-1
3.373333E1	2.292741E1	1.370679E-1
3.376667E1	2.293140E1	1.546993E-1
3.380000E1	2.294772E1	1.583016E-1
3.383333E1	2.290019E1	2.342443E-1
3.386667E1	2.273680E1	2.789197E-1
3.390000E1	2.271477E1	2.806378E-1
3.393333E1	2.262192E1	2.274385E-1
3.396667E1	2.258861E1	1.732380E-1
3.400000E1	2.259490E1	1.321845E-1
3.403333E1	2.269387E1	1.315806E-1
3.406667E1	2.274442E1	1.357233E-1
3.410000E1	2.291004E1	1.434001E-1
3.413333E1	2.308559E1	1.557977E-1
3.416667E1	2.323653E1	1.549017E-1
3.420000E1	2.336555E1	1.341474E-1
3.423333E1	2.339521E1	1.371187E-1
3.426667E1	2.342341E1	1.423557E-1
3.430000E1	2.341592E1	1.428282E-1
3.433333E1	2.337622E1	2.120574E-1
3.436667E1	2.323767E1	2.803437E-1
3.440000E1	2.321870E1	2.845538E-1
3.443333E1	2.312796E1	2.324509E-1
3.446667E1	2.309038E1	1.773716E-1
3.450000E1	2.310064E1	1.348409E-1
3.453333E1	2.320951E1	1.270857E-1
3.456667E1	2.325471E1	1.335220E-1
3.460000E1	2.341181E1	1.452171E-1
3.463333E1	2.358909E1	1.538516E-1
3.466667E1	2.373846E1	1.556341E-1
3.470000E1	2.387219E1	1.379707E-1
3.473333E1	2.389866E1	1.414899E-1
3.476667E1	2.391981E1	1.480968E-1
3.480000E1	2.391630E1	1.523945E-1
3.483333E1	2.387918E1	2.260158E-1
3.486667E1	2.373634E1	2.808474E-1
3.490000E1	2.372321E1	2.811081E-1
3.493333E1	2.362186E1	2.466746E-1
3.496667E1	2.360240E1	1.876934E-1
3.500000E1	2.359047E1	1.563276E-1
3.503333E1	2.367750E1	1.442162E-1
3.506667E1	2.373890E1	1.469978E-1
3.510000E1	2.391567E1	1.485447E-1
3.513333E1	2.405536E1	1.546174E-1
3.516667E1	2.419064E1	1.514793E-1
3.520000E1	2.430655E1	1.376269E-1
3.523333E1	2.433113E1	1.414919E-1
3.526667E1	2.434399E1	1.512586E-1
3.530000E1	2.434059E1	1.536114E-1
3.533333E1	2.429276E1	2.131679E-1
3.536667E1	2.410597E1	2.906422E-1
3.540000E1	2.407211E1	2.802355E-1
3.543333E1	2.400185E1	2.624446E-1
3.546667E1	2.394130E1	2.123512E-1
3.550000E1	2.392653E1	1.585492E-1
3.553333E1	2.400156E1	1.466217E-1
3.556667E1	2.403783E1	1.502849E-1
3.560000E1	2.420464E1	1.492844E-1
3.563333E1	2.437986E1	1.612552E-1
3.566667E1	2.451737E1	1.594877E-1
3.570000E1	2.464807E1	1.305469E-1
3.573333E1	2.465570E1	1.402281E-1
3.576667E1	2.465899E1	1.603951E-1
3.580000E1	2.467376E1	1.597752E-1
3.583333E1	2.462591E1	2.269231E-1
3.586667E1	2.445886E1	2.869661E-1
3.590000E1	2.444226E1	2.852721E-1
3.593333E1	2.435997E1	2.554331E-1
3.596667E1	2.430879E1	2.119239E-1
3.600000E1	2.429954E1	1.751296E-1
3.603333E1	2.438079E1	1.586917E-1
3.606667E1	2.445905E1	1.536419E-1
3.610000E1	2.463459E1	1.511418E-1
3.613333E1	2.477218E1	1.629371E-1
3.616667E1	2.490076E1	1.574754E-1
3.620000E1	2.502855E1	1.366716E-1
3.623333E1	2.505325E1	1.437197E-1
3.626667E1	2.506693E1	1.527048E-1
3.630000E1	2.506125E1	1.529219E-1
3.633333E1	2.502523E1	2.197746E-1
3.636667E1	2.487339E1	2.809695E-1
3.640000E1	2.485952E1	2.718845E-1
3.643333E1	2.477161E1	2.577855E-1
3.646667E1	2.473204E1	2.117771E-1
3.650000E1	2.473654E1	1.710144E-1
3.653333E1	2.482054E1	1.586878E-1
3.656667E1	2.489069E1	1.543202E-1
3.660000E1	2.517070E1	1.579836E-1
3.663333E1	2.524019E1	1.589399E-1
3.666667E1	2.540524E1	1.588915E-1
3.670000E1	2.554165E1	1.335384E-1
3.673333E1	2.556722E1	1.390681E-1
3.676667E1	2.559473E1	1.522586E-1
3.680000E1	2.562042E1	1.532068E-1
3.683333E1	2.558342E1	2.125439E-1
3.686667E1	2.542107E1	2.844604E-1
3.690000E1	2.539365E1	2.807984E-1
3.693333E1	2.533854E1	2.605863E-1
3.696667E1	2.528383E1	1.957149E-1
3.700000E1	2.526041E1	1.648804E-1
3.703333E1	2.536292E1	1.504842E-1
3.706667E1	2.540740E1	1.497798E-1
3.710000E1	2.567972E1	1.575074E-1
3.713333E1	2.578101E1	1.598564E-1
3.716667E1	2.591244E1	1.581031E-1
3.720000E1	2.605187E1	1.313839E-1
3.723333E1	2.607119E1	1.386617E-1
3.726667E1	2.608852E1	1.474734E-1
3.730000E1	2.608613E1	1.497563E-1
3.733333E1	2.605007E1	2.150926E-1
3.736667E1	2.591227E1	2.784264E-1
3.740000E1	2.589517E1	2.776893E-1
3.743333E1	2.579663E1	2.370979E-1
3.746667E1	2.577282E1	1.804441E-1
3.750000E1	2.576624E1	1.550692E-1
3.753333E1	2.586550E1	1.390065E-1
3.756667E1	2.591306E1	1.407068E-1
3.760000E1	2.608110E1	1.472758E-1
3.763333E1	2.624913E1	1.596959E-1
3.766667E1	2.641285E1	1.490535E-1
3.770000E1	2.650727E1	1.342563E-1
3.773333E1	2.653754E1	1.440635E-1
3.776667E1	2.660747E1	1.542951E-1
3.780000E1	2.662305E1	1.525883E-1
3.783333E1	2.657865E1	2.130469E-1
3.786667E1	2.642243E1	2.793099E-1
3.790000E1	2.639471E1	2.832512E-1
3.793333E1	2.633745E1	2.639977E-1
3.796667E1	2.628308E1	2.023657E-1
3.800000E1	2.625826E1	1.661862E-1
3.803333E1	2.635535E1	1.485624E-1
3.806667E1	2.640413E1	1.514985E-1
3.810000E1	2.658748E1	1.522580E-1
3.813333E1	2.674455E1	1.557211E-1
3.816667E1	2.686523E1	1.536359E-1
3.820000E1	2.698240E1	1.325450E-1
3.823333E1	2.700637E1	1.404301E-1
3.826667E1	2.702362E1	1.458374E-1
3.830000E1	2.701696E1	1.513577E-1
3.833333E1	2.697229E1	2.270784E-1
3.836667E1	2.681516E1	2.807829E-1
3.840000E1	2.676056E1	2.850931E-1
3.843333E1	2.670405E1	2.612015E-1
3.846667E1	2.663918E1	2.017011E-1
3.850000E1	2.661797E1	1.709333E-1
3.853333E1	2.669633E1	1.567863E-1
3.856667E1	2.675839E1	1.494594E-1
3.860000E1	2.693390E1	1.497876E-1
3.863333E1	2.708671E1	1.554341E-1
3.866667E1	2.720698E1	1.617681E-1
3.870000E1	2.733164E1	1.376642E-1
3.873333E1	2.735228E1	1.435378E-1
3.876667E1	2.735825E1	1.516201E-1
3.880000E1	2.735410E1	1.566623E-1
3.883333E1	2.729227E1	2.201958E-1
3.886667E1	2.710453E1	2.817409E-1
3.890000E1	2.706511E1	2.823085E-1
3.893333E1	2.694346E1	2.441375E-1
3.896667E1	2.691334E1	1.973779E-1
3.900000E1	2.689639E1	1.623501E-1
3.903333E1	2.695742E1	1.426647E-1
3.906667E1	2.700926E1	1.458107E-1
3.910000E1	2.716810E1	1.447285E-1
3.913333E1	2.732847E1	1.667343E-1
3.916667E1	2.746889E1	1.667708E-1
3.920000E1	2.757460E1	1.411857E-1
3.923333E1	2.758823E1	1.429818E-1
3.926667E1	2.758510E1	1.510820E-1
3.930000E1	2.757502E1	1.599318E-1
3.933333E1	2.751579E1	2.226238E-1
3.936667E1	2.730987E1	2.775879E-1
3.940000E1	2.726790E1	2.822296E-1
3.943333E1	2.714957E1	2.344492E-1
3.946667E1	2.711567E1	1.953930E-1
3.950000E1	2.709523E1	1.571630E-1
3.953333E1	2.714348E1	1.520043E-1
3.956667E1	2.719266E1	1.507556E-1
3.960000E1	2.736924E1	1.481031E-1
3.963333E1	2.751395E1	1.665550E-1
3.966667E1	2.763407E1	1.646336E-1
3.970000E1	2.774895E1	1.350230E-1
3.973333E1	2.775134E1	1.399076E-1
3.976667E1	2.773469E1	1.472835E-1
3.980000E1	2.772160E1	1.552755E-1
3.983333E1	2.764463E1	2.161323E-1
3.986667E1	2.752381E1	2.702603E-1
3.990000E1	2.746911E1	2.810659E-1
3.993333E1	2.734873E1	2.663684E-1
3.996667E1	2.729751E1	2.483079E-1
4.000000E1	2.723019E1	1.560643E-1
4.003333E1	2.726436E1	1.492350E-1
4.006667E1	2.732637E1	1.506785E-1
4.010000E1	2.750491E1	1.511232E-1
4.013333E1	2.759736E1	1.535603E-1
4.016667E1	2.780015E1	1.574812E-1
4.020000E1	2.786489E1	1.383368E-1
4.023333E1	2.788921E1	1.414518E-1
4.026667E1	2.790603E1	1.566035E-1
4.030000E1	2.791546E1	1.545761E-1
4.033333E1	2.783976E1	2.357263E-1
4.036667E1	2.772279E1	2.795226E-1
4.040000E1	2.765727E1	2.767749E-1
4.043333E1	2.751079E1	2.506823E-1
4.046667E1	2.749004E1	2.147064E-1
4.050000E1	2.743418E1	1.451357E-1
4.053333E1	2.749769E1	1.445232E-1
4.056667E1	2.758143E1	1.440316E-1
4.060000E1	2.777139E1	1.480053E-1
4.063333E1	2.787512E1	1.540849E-1
4.066667E1	2.803834E1	1.452332E-1
4.070000E1	2.807676E1	1.359574E-1
4.073333E1	2.809185E1	1.447322E-1
4.076667E1	2.808840E1	1.527792E-1
4.080000E1	2.807871E1	1.595961E-1
4.083333E1	2.795438E1	2.558361E-1
4.086667E1	2.780904E1	2.927526E-1
4.090000E1	2.776201E1	2.801547E-1
4.093333E1	2.764661E1	2.438584E-1
4.096667E1	2.763024E1	1.983937E-1
4.100000E1	2.762355E1	1.547275E-1
4.103333E1	2.767383E1	1.441833E-1
4.106667E1	2.776887E1	1.535464E-1
4.110000E1	2.794659E1	1.511564E-1
4.113333E1	2.805612E1	1.694200E-1
4.116667E1	2.822936E1	1.501930E-1
4.120000E1	2.828878E1	1.344450E-1
4.123333E1	2.830726E1	1.446125E-1
4.126667E1	2.830834E1	1.499653E-1
4.130000E1	2.829320E1	1.577157E-1
4.133333E1	2.816671E1	2.566982E-1
4.136667E1	2.802892E1	2.872518E-1
4.140000E1	2.797864E1	2.795950E-1
4.143333E1	2.785668E1	2.379520E-1
4.146667E1	2.784122E1	1.954125E-1
4.150000E1	2.783529E1	1.557606E-1
4.153333E1	2.788057E1	1.454072E-1
4.156667E1	2.796923E1	1.535983E-1
4.160000E1	2.816335E1	1.473371E-1
4.163333E1	2.827326E1	1.658621E-1
4.166667E1	2.843859E1	1.456024E-1
4.170000E1	2.849669E1	1.391120E-1
4.173333E1	2.851416E1	1.461815E-1
4.176667E1	2.851687E1	1.544333E-1
4.180000E1	2.850937E1	1.600022E-1
4.183333E1	2.837963E1	2.615762E-1
4.186667E1	2.823935E1	2.908358E-1
4.190000E1	2.820817E1	2.862062E-1
4.193333E1	2.808660E1	2.405099E-1
4.196667E1	2.806279E1	1.896087E-1
4.200000E1	2.806020E1	1.510514E-1
4.203333E1	2.810847E1	1.398836E-1
4.206667E1	2.820245E1	1.474893E-1
4.210000E1	2.838415E1	1.471873E-1
4.213333E1	2.849978E1	1.605026E-1
4.216667E1	2.867014E1	1.444643E-1
4.220000E1	2.873718E1	1.350084E-1
4.223333E1	2.875514E1	1.430227E-1
4.226667E1	2.874602E1	1.507329E-1
4.230000E1	2.873581E1	1.536545E-1
4.233333E1	2.862546E1	2.628584E-1
4.236667E1	2.850194E1	2.904744E-1
4.240000E1	2.846698E1	2.696426E-1
4.243333E1	2.836050E1	2.554697E-1
4.246667E1	2.832938E1	2.163235E-1
4.250000E1	2.834113E1	1.679863E-1
4.253333E1	2.840338E1	1.580663E-1
4.256667E1	2.848637E1	1.558618E-1
4.260000E1	2.868058E1	1.497761E-1
4.263333E1	2.879365E1	1.620389E-1
4.266667E1	2.896851E1	1.405211E-1
4.270000E1	2.904999E1	1.365836E-1
4.273333E1	2.907780E1	1.428830E-1
4.276667E1	2.909490E1	1.515922E-1
4.280000E1	2.908934E1	1.544292E-1
4.283333E1	2.896358E1	2.540751E-1
4.286667E1	2.884384E1	2.911978E-1
4.290000E1	2.880372E1	2.740498E-1
4.293333E1	2.871898E1	2.607306E-1
4.296667E1	2.868024E1	2.113353E-1
4.300000E1	2.866639E1	1.549611E-1
4.303333E1	2.873371E1	1.499225E-1
4.306667E1	2.880721E1	1.484381E-1
4.310000E1	2.900078E1	1.488508E-1
4.313333E1	2.912665E1	1.600903E-1
4.316667E1	2.932404E1	1.484401E-1
4.320000E1	2.938962E1	1.368181E-1
4.323333E1	2.939620E1	1.460762E-1
4.326667E1	2.939985E1	1.555595E-1
4.330000E1	2.938618E1	1.530932E-1
4.333333E1	2.927709E1	2.575128E-1
4.336667E1	2.916045E1	2.905264E-1
4.340000E1	2.911120E1	2.721877E-1
4.343333E1	2.900617E1	2.578269E-1
4.346667E1	2.897998E1	2.182074E-1
4.350000E1	2.898671E1	1.640283E-1
4.353333E1	2.904977E1	1.556810E-1
4.356667E1	2.911864E1	1.466346E-1
4.360000E1	2.931980E1	1.491986E-1
4.363333E1	2.943651E1	1.578860E-1
4.366667E1	2.962106E1	1.506128E-1
4.370000E1	2.967944E1	1.320261E-1
4.373333E1	2.969351E1	1.427460E-1
4.376667E1	2.970138E1	1.611615E-1
4.380000E1	2.970990E1	1.572985E-1
4.383333E1	2.960292E1	2.557011E-1
4.386667E1	2.946332E1	2.948700E-1
4.390000E1	2.941745E1	2.832066E-1
4.393333E1	2.932470E1	2.533685E-1
4.396667E1	2.928626E1	2.330695E-1
4.400000E1	2.927768E1	1.681469E-1
4.403333E1	2.933613E1	1.525178E-1
4.406667E1	2.941872E1	1.576229E-1
4.410000E1	2.960719E1	1.477889E-1
4.413333E1	2.971990E1	1.592089E-1
4.416667E1	2.990024E1	1.505412E-1
4.420000E1	2.996520E1	1.398440E-1
4.423333E1	2.997837E1	1.453344E-1
4.426667E1	2.997056E1	1.558988E-1
4.430000E1	2.995395E1	1.591098E-1
4.433333E1	2.983661E1	2.583618E-1
4.436667E1	2.969964E1	2.970417E-1
4.440000E1	2.966774E1	2.741486E-1
4.443333E1	2.956904E1	2.581558E-1
4.446667E1	2.953692E1	2.008103E-1
4.450000E1	2.951676E1	1.640772E-1
4.453333E1	2.957773E1	1.582085E-1
4.456667E1	2.965297E1	1.537011E-1
4.460000E1	2.985254E1	1.515645E-1
4.463333E1	2.997975E1	1.582852E-1
4.466667E1	3.015057E1	1.547203E-1
4.470000E1	3.021821E1	1.421790E-1
4.473333E1	3.024359E1	1.472463E-1
4.476667E1	3.025669E1	1.548238E-1
4.480000E1	3.024289E1	1.579498E-1
4.483333E1	3.012900E1	2.666110E-1
4.486667E1	3.002316E1	3.044575E-1
4.490000E1	2.996854E1	2.794315E-1
4.493333E1	2.987947E1	2.538931E-1
4.496667E1	2.983856E1	2.174112E-1
4.500000E1	2.981478E1	1.635584E-1
4.503333E1	2.986826E1	1.577268E-1
4.506667E1	2.996766E1	1.505753E-1
4.510000E1	3.013841E1	1.513851E-1
4.513333E1	3.025259E1	1.572848E-1
4.516667E1	3.043913E1	1.493989E-1
4.520000E1	3.050788E1	1.410406E-1
4.523333E1	3.053027E1	1.430937E-1
4.526667E1	3.053712E1	1.507355E-1
4.530000E1	3.052595E1	1.568315E-1
4.533333E1	3.041754E1	2.674096E-1
4.536667E1	3.030747E1	2.970993E-1
4.540000E1	3.025303E1	2.793167E-1
4.543333E1	3.015810E1	2.565088E-1
4.546667E1	3.012579E1	2.214898E-1
4.550000E1	3.010289E1	1.655249E-1
4.553333E1	3.015892E1	1.584992E-1
4.556667E1	3.023496E1	1.507232E-1
4.560000E1	3.042296E1	1.496481E-1
4.563333E1	3.055440E1	1.499259E-1
4.566667E1	3.073077E1	1.493696E-1
4.570000E1	3.079571E1	1.397537E-1
4.573333E1	3.082207E1	1.445286E-1
4.576667E1	3.082844E1	1.519231E-1
4.580000E1	3.081745E1	1.585714E-1
4.583333E1	3.072672E1	2.660817E-1
4.586667E1	3.059104E1	2.993786E-1
4.590000E1	3.054928E1	2.796167E-1
4.593333E1	3.044127E1	2.462747E-1
4.596667E1	3.042811E1	2.012149E-1
4.600000E1	3.042411E1	1.624583E-1
4.603333E1	3.048583E1	1.460672E-1
4.606667E1	3.056967E1	1.522875E-1
4.610000E1	3.076951E1	1.475602E-1
4.613333E1	3.086686E1	1.647917E-1
4.616667E1	3.105866E1	1.467176E-1
4.620000E1	3.111966E1	1.321093E-1
4.623333E1	3.113466E1	1.388916E-1
4.626667E1	3.113231E1	1.487358E-1
4.630000E1	3.111391E1	1.540103E-1
4.633333E1	3.105041E1	2.233512E-1
4.636667E1	3.085835E1	2.911472E-1
4.640000E1	3.082453E1	2.738779E-1
4.643333E1	3.070741E1	2.498844E-1
4.646667E1	3.070061E1	1.893954E-1
4.650000E1	3.066902E1	1.522623E-1
4.653333E1	3.072439E1	1.516935E-1
4.656667E1	3.080297E1	1.480735E-1
4.660000E1	3.099154E1	1.445683E-1
4.663333E1	3.110091E1	1.559685E-1
4.666667E1	3.127181E1	1.467953E-1
4.670000E1	3.133381E1	1.324561E-1
4.673333E1	3.134031E1	1.434479E-1
4.676667E1	3.133803E1	1.543721E-1
4.680000E1	3.132153E1	1.566337E-1
4.683333E1	3.121225E1	2.664884E-1
4.686667E1	3.109674E1	2.953229E-1
4.690000E1	3.104738E1	2.792040E-1
4.693333E1	3.093887E1	2.562232E-1
4.696667E1	3.089999E1	2.258911E-1
4.700000E1	3.088210E1	1.586673E-1
4.703333E1	3.093938E1	1.595277E-1
4.706667E1	3.102370E1	1.524705E-1
4.710000E1	3.122046E1	1.515542E-1
4.713333E1	3.132795E1	1.561292E-1
4.716667E1	3.151012E1	1.540783E-1
4.720000E1	3.158149E1	1.368145E-1
4.723333E1	3.160496E1	1.433507E-1
4.726667E1	3.160944E1	1.597078E-1
4.730000E1	3.160288E1	1.605372E-1
4.733333E1	3.149407E1	2.633844E-1
4.736667E1	3.134150E1	2.944552E-1
4.740000E1	3.128821E1	2.905016E-1
4.743333E1	3.117306E1	2.481299E-1
4.746667E1	3.115798E1	2.091259E-1
4.750000E1	3.115239E1	1.543624E-1
4.753333E1	3.120168E1	1.439712E-1
4.756667E1	3.129554E1	1.554635E-1
4.760000E1	3.147702E1	1.492363E-1
4.763333E1	3.158234E1	1.670347E-1
4.766667E1	3.176805E1	1.494756E-1
4.770000E1	3.183950E1	1.329208E-1
4.773333E1	3.184664E1	1.409550E-1
4.776667E1	3.184841E1	1.555086E-1
4.780000E1	3.183335E1	1.545188E-1
4.783333E1	3.173712E1	2.664208E-1
4.786667E1	3.160370E1	2.954773E-1
4.790000E1	3.156356E1	2.783609E-1
4.793333E1	3.144880E1	2.402376E-1
4.796667E1	3.142928E1	2.077845E-1
4.800000E1	3.143075E1	1.617157E-1
4.803333E1	3.150598E1	1.585234E-1
4.806667E1	3.159478E1	1.543818E-1
4.810000E1	3.179437E1	1.514990E-1
4.813333E1	3.190871E1	1.566281E-1
4.816667E1	3.210411E1	1.528709E-1
4.820000E1	3.217004E1	1.350354E-1
4.823333E1	3.219162E1	1.413060E-1
4.826667E1	3.220470E1	1.485594E-1
4.830000E1	3.219864E1	1.550843E-1
4.833333E1	3.213626E1	2.167051E-1
4.836667E1	3.195505E1	2.919291E-1
4.840000E1	3.192297E1	2.811681E-1
4.843333E1	3.182891E1	2.530376E-1
4.846667E1	3.177174E1	2.034755E-1
4.850000E1	3.173903E1	1.652803E-1
4.853333E1	3.183098E1	1.507833E-1
4.856667E1	3.187529E1	1.514755E-1
4.860000E1	3.205176E1	1.476053E-1
4.863333E1	3.223013E1	1.618409E-1
4.866667E1	3.238521E1	1.600302E-1
4.870000E1	3.251916E1	1.335105E-1
4.873333E1	3.254373E1	1.379687E-1
4.876667E1	3.255991E1	1.477189E-1
4.880000E1	3.255281E1	1.511025E-1
4.883333E1	3.251158E1	2.359687E-1
4.886667E1	3.236236E1	2.949931E-1
4.890000E1	3.233860E1	2.843124E-1
4.893333E1	3.225107E1	2.544898E-1
4.896667E1	3.220227E1	1.957403E-1
4.900000E1	3.216952E1	1.644162E-1
4.903333E1	3.225832E1	1.499067E-1
4.906667E1	3.230888E1	1.472959E-1
4.910000E1	3.247375E1	1.459007E-1
4.913333E1	3.264507E1	1.537121E-1
4.916667E1	3.276722E1	1.531602E-1
4.920000E1	3.289814E1	1.364172E-1
4.923333E1	3.291272E1	1.389009E-1
4.926667E1	3.292201E1	1.488047E-1
4.930000E1	3.291208E1	1.574210E-1
4.933333E1	3.286514E1	2.455456E-1
4.936667E1	3.271798E1	2.855299E-1
4.940000E1	3.267019E1	2.860425E-1
4.943333E1	3.256921E1	2.227426E-1
4.946667E1	3.253359E1	1.882662E-1
4.950000E1	3.251773E1	1.606655E-1
4.953333E1	3.261195E1	1.465260E-1
4.956667E1	3.266041E1	1.484517E-1
4.960000E1	3.283656E1	1.445667E-1
4.963333E1	3.300850E1	1.620849E-1
4.966667E1	3.317774E1	1.606130E-1
4.970000E1	3.330050E1	1.377966E-1
4.973333E1	3.333388E1	1.425900E-1
4.976667E1	3.335182E1	1.520856E-1
4.980000E1	3.334210E1	1.574335E-1
4.983333E1	3.328731E1	2.234075E-1
4.986667E1	3.310528E1	2.895791E-1
4.990000E1	3.307043E1	2.814646E-1
4.993333E1	3.295138E1	2.430578E-1
4.996667E1	3.293663E1	1.985308E-1
5.000000E1	3.291804E1	1.509084E-1
5.003333E1	3.298918E1	1.407548E-1
5.006667E1	3.303955E1	1.445277E-1
5.010000E1	3.319806E1	1.458997E-1
5.013333E1	3.337765E1	1.620810E-1
5.016667E1	3.353700E1	1.588137E-1
5.020000E1	3.365772E1	1.389617E-1
5.023333E1	3.368483E1	1.436894E-1
5.026667E1	3.370106E1	1.551422E-1
5.030000E1	3.369745E1	1.620445E-1
5.033333E1	3.364032E1	2.268900E-1
5.036667E1	3.346669E1	2.943489E-1
5.040000E1	3.342764E1	2.816893E-1
5.043333E1	3.330815E1	2.494864E-1
5.046667E1	3.329163E1	1.883959E-1
5.050000E1	3.325559E1	1.539943E-1
5.053333E1	3.334877E1	1.470317E-1
5.056667E1	3.339475E1	1.499583E-1
5.060000E1	3.355214E1	1.462633E-1
5.063333E1	3.373804E1	1.630726E-1
5.066667E1	3.388093E1	1.630585E-1
5.070000E1	3.401623E1	1.394186E-1
5.073333E1	3.404210E1	1.455667E-1
5.076667E1	3.405540E1	1.601873E-1
5.080000E1	3.405533E1	1.599549E-1
5.083333E1	3.400231E1	2.384262E-1
5.086667E1	3.382189E1	2.904782E-1
5.090000E1	3.378683E1	2.806742E-1
5.093333E1	3.369535E1	2.544257E-1
5.096667E1	3.364467E1	1.948161E-1
5.100000E1	3.360046E1	1.703912E-1
5.103333E1	3.368846E1	1.512960E-1
5.106667E1	3.374340E1	1.565872E-1
5.110000E1	3.390159E1	1.496656E-1
5.113333E1	3.408237E1	1.584085E-1
5.116667E1	3.420567E1	1.552688E-1
5.120000E1	3.432674E1	1.383689E-1
5.123333E1	3.434609E1	1.416731E-1
5.126667E1	3.435758E1	1.529762E-1
5.130000E1	3.434866E1	1.586605E-1
5.133333E1	3.432696E1	2.559746E-1
5.136667E1	3.414269E1	3.021111E-1
5.140000E1	3.408924E1	2.976129E-1
5.143333E1	3.402066E1	2.659332E-1
5.146667E1	3.398425E1	2.099778E-1
5.150000E1	3.395376E1	1.715925E-1
5.153333E1	3.405600E1	1.576585E-1
5.156667E1	3.411573E1	1.585494E-1
5.160000E1	3.427747E1	1.498415E-1
5.163333E1	3.445496E1	1.664392E-1
5.166667E1	3.461250E1	1.640135E-1
5.170000E1	3.475244E1	1.367639E-1
5.173333E1	3.477443E1	1.436018E-1
5.176667E1	3.479635E1	1.521708E-1
5.180000E1	3.479602E1	1.584391E-1
5.183333E1	3.475184E1	2.463026E-1
5.186667E1	3.460805E1	2.923678E-1
5.190000E1	3.457595E1	2.808510E-1
5.193333E1	3.447907E1	2.289562E-1
5.196667E1	3.446036E1	1.906452E-1
5.200000E1	3.445470E1	1.604449E-1
5.203333E1	3.455960E1	1.504543E-1
5.206667E1	3.460556E1	1.516525E-1
5.210000E1	3.478330E1	1.461292E-1
5.213333E1	3.498157E1	1.627238E-1
5.216667E1	3.512780E1	1.605991E-1
5.220000E1	3.527739E1	1.304343E-1
5.223333E1	3.529498E1	1.399678E-1
5.226667E1	3.533655E1	1.581655E-1
5.230000E1	3.535066E1	1.567095E-1
5.233333E1	3.531452E1	2.362116E-1
5.236667E1	3.517895E1	2.937938E-1
5.240000E1	3.515818E1	2.855826E-1
5.243333E1	3.506047E1	2.347297E-1
5.246667E1	3.504424E1	1.930998E-1
5.250000E1	3.503267E1	1.568426E-1
5.253333E1	3.512813E1	1.453869E-1
5.256667E1	3.518822E1	1.479524E-1
5.260000E1	3.535654E1	1.459104E-1
5.263333E1	3.554422E1	1.652069E-1
5.266667E1	3.570431E1	1.661244E-1
5.270000E1	3.584318E1	1.344419E-1
5.273333E1	3.586181E1	1.411387E-1
5.276667E1	3.589412E1	1.573929E-1
5.280000E1	3.592214E1	1.586724E-1
5.283333E1	3.587914E1	2.214524E-1
5.286667E1	3.571703E1	2.951395E-1
5.290000E1	3.568744E1	2.913723E-1
5.293333E1	3.558240E1	2.214357E-1
5.296667E1	3.555510E1	1.957602E-1
5.300000E1	3.554244E1	1.605193E-1
5.303333E1	3.562710E1	1.467404E-1
5.306667E1	3.569064E1	1.459063E-1
5.310000E1	3.585094E1	1.442964E-1
5.313333E1	3.604060E1	1.637968E-1
5.316667E1	3.619468E1	1.610480E-1
5.320000E1	3.633165E1	1.419547E-1
5.323333E1	3.635815E1	1.442688E-1
5.326667E1	3.639409E1	1.566494E-1
5.330000E1	3.641578E1	1.582706E-1
5.333333E1	3.638280E1	2.282346E-1
5.336667E1	3.621078E1	2.909872E-1
5.340000E1	3.617919E1	2.871453E-1
5.343333E1	3.608665E1	2.336171E-1
5.346667E1	3.605980E1	1.901977E-1
5.350000E1	3.604998E1	1.603347E-1
5.353333E1	3.615412E1	1.508618E-1
5.356667E1	3.619690E1	1.481523E-1
5.360000E1	3.636431E1	1.482399E-1
5.363333E1	3.654635E1	1.666322E-1
5.366667E1	3.670995E1	1.569695E-1
5.370000E1	3.684237E1	1.371979E-1
5.373333E1	3.686386E1	1.470629E-1
5.376667E1	3.688702E1	1.520561E-1
5.380000E1	3.688900E1	1.557764E-1
5.383333E1	3.685226E1	2.329603E-1
5.386667E1	3.669931E1	2.978359E-1
5.390000E1	3.667677E1	2.875088E-1
5.393333E1	3.657987E1	2.559583E-1
5.396667E1	3.654161E1	2.272842E-1
5.400000E1	3.652549E1	1.701296E-1
5.403333E1	3.659943E1	1.516551E-1
5.406667E1	3.663528E1	1.513978E-1
5.410000E1	3.678442E1	1.503007E-1
5.413333E1	3.698626E1	1.657394E-1
5.416667E1	3.713367E1	1.649476E-1
5.420000E1	3.727344E1	1.412141E-1
5.423333E1	3.729179E1	1.469955E-1
5.426667E1	3.731714E1	1.520912E-1
5.430000E1	3.731009E1	1.591794E-1
5.433333E1	3.727163E1	2.400870E-1
5.436667E1	3.711661E1	2.987721E-1
5.440000E1	3.708326E1	2.879598E-1
5.443333E1	3.700143E1	2.645514E-1
5.446667E1	3.694544E1	2.174885E-1
5.450000E1	3.690522E1	1.776995E-1
5.453333E1	3.700555E1	1.550187E-1
5.456667E1	3.704734E1	1.589623E-1
5.460000E1	3.722729E1	1.555138E-1
5.463333E1	3.737663E1	1.642230E-1
5.466667E1	3.750652E1	1.595968E-1
5.470000E1	3.763338E1	1.388945E-1
5.473333E1	3.765603E1	1.425417E-1
5.476667E1	3.767783E1	1.516100E-1
5.480000E1	3.767047E1	1.563045E-1
5.483333E1	3.762966E1	2.400724E-1
5.486667E1	3.748462E1	2.895054E-1
5.490000E1	3.745376E1	2.859985E-1
5.493333E1	3.736207E1	2.638024E-1
5.496667E1	3.731477E1	2.120627E-1
5.500000E1	3.729440E1	1.830447E-1
5.503333E1	3.738465E1	1.892684E-1
5.506667E1	3.742952E1	2.046430E-1
5.510000E1	3.758881E1	2.167465E-1
5.513333E1	3.785865E1	2.216673E-1
5.516667E1	3.798571E1	2.242547E-1
5.520000E1	3.809879E1	2.101343E-1
5.523333E1	3.810837E1	2.118728E-1
5.526667E1	3.811083E1	2.326003E-1
5.530000E1	3.809259E1	2.425952E-1
5.533333E1	3.802772E1	3.053863E-1
5.536667E1	3.787494E1	3.401619E-1
5.540000E1	3.785285E1	3.402433E-1
5.543333E1	3.777623E1	2.726956E-1
5.546667E1	3.774876E1	2.401744E-1
5.550000E1	3.777048E1	2.199661E-1
5.553333E1	3.791526E1	2.214530E-1
5.556667E1	3.798896E1	2.191009E-1
5.560000E1	3.817302E1	2.210514E-1
5.563333E1	3.835760E1	2.385534E-1
5.566667E1	3.849286E1	2.264705E-1
5.570000E1	3.861250E1	2.092485E-1
5.573333E1	3.861688E1	2.137304E-1
5.576667E1	3.862192E1	2.289446E-1
5.580000E1	3.860497E1	2.349577E-1
5.583333E1	3.854389E1	3.020285E-1
5.586667E1	3.840728E1	3.529633E-1
5.590000E1	3.840276E1	3.373140E-1
5.593333E1	3.831004E1	2.621674E-1
5.596667E1	3.827586E1	2.421064E-1
5.600000E1	3.830546E1	2.086194E-1
5.603333E1	3.843875E1	2.133394E-1
5.606667E1	3.848390E1	2.165802E-1
5.610000E1	3.869720E1	2.201425E-1
5.613333E1	3.887137E1	2.301343E-1
5.616667E1	3.900680E1	2.261034E-1
5.620000E1	3.913499E1	2.159776E-1
5.623333E1	3.915623E1	2.164774E-1
5.626667E1	3.916759E1	2.362636E-1
5.630000E1	3.916740E1	2.365776E-1
5.633333E1	3.911722E1	2.961514E-1
5.636667E1	3.896888E1	3.345214E-1
5.640000E1	3.893661E1	3.323816E-1
5.643333E1	3.885903E1	2.518257E-1
5.646667E1	3.884800E1	2.207116E-1
5.650000E1	3.887743E1	2.019606E-1
5.653333E1	3.895175E1	2.083500E-1
5.656667E1	3.903656E1	2.142533E-1
5.660000E1	3.922879E1	2.173348E-1
5.663333E1	3.935603E1	2.237074E-1
5.666667E1	3.957581E1	2.207379E-1
5.670000E1	3.965985E1	2.059169E-1
5.673333E1	3.968948E1	2.128815E-1
5.676667E1	3.973908E1	2.266824E-1
5.680000E1	3.974404E1	2.234982E-1
5.683333E1	3.965906E1	3.128029E-1
5.686667E1	3.957278E1	3.424381E-1
5.690000E1	3.954982E1	3.301726E-1
5.693333E1	3.945638E1	2.869524E-1
5.696667E1	3.944604E1	2.620545E-1
5.700000E1	3.945262E1	2.149306E-1
5.703333E1	3.952450E1	2.163404E-1
5.706667E1	3.959676E1	2.132509E-1
5.710000E1	3.980194E1	2.192485E-1
5.713333E1	3.993695E1	2.328592E-1
5.716667E1	4.016851E1	2.293769E-1
5.720000E1	4.025091E1	2.059496E-1
5.723333E1	4.028758E1	2.161066E-1
5.726667E1	4.033305E1	2.243558E-1
5.730000E1	4.033049E1	2.240339E-1
5.733333E1	4.026645E1	3.164108E-1
5.736667E1	4.016783E1	3.420985E-1
5.740000E1	4.014145E1	3.401805E-1
5.743333E1	4.005556E1	2.808510E-1
5.746667E1	4.003697E1	2.630650E-1
5.750000E1	4.003432E1	2.166071E-1
5.753333E1	4.012727E1	2.147863E-1
5.756667E1	4.019022E1	2.150951E-1
5.760000E1	4.037614E1	2.191229E-1
5.763333E1	4.050865E1	2.262858E-1
5.766667E1	4.071934E1	2.241327E-1
5.770000E1	4.080586E1	2.074398E-1
5.773333E1	4.084371E1	2.155247E-1
5.776667E1	4.087216E1	2.281283E-1
5.780000E1	4.088505E1	2.272084E-1
5.783333E1	4.082415E1	3.285010E-1
5.786667E1	4.070872E1	3.656246E-1
5.790000E1	4.065804E1	3.572585E-1
5.793333E1	4.058899E1	3.300153E-1
5.796667E1	4.056033E1	2.865421E-1
5.800000E1	4.054530E1	2.263252E-1
5.803333E1	4.061122E1	2.210677E-1
5.806667E1	4.067014E1	2.270963E-1
5.810000E1	4.086476E1	2.244557E-1
5.813333E1	4.099127E1	2.337202E-1
5.816667E1	4.117196E1	2.262122E-1
5.820000E1	4.124916E1	2.106611E-1
5.823333E1	4.127880E1	2.165479E-1
5.826667E1	4.130420E1	2.267555E-1
5.830000E1	4.131541E1	2.280815E-1
5.833333E1	4.123224E1	3.285006E-1
5.836667E1	4.113582E1	3.699402E-1
5.840000E1	4.108113E1	3.593705E-1
5.843333E1	4.101352E1	3.315678E-1
5.846667E1	4.099241E1	2.970071E-1
5.850000E1	4.096729E1	2.309542E-1
5.853333E1	4.103694E1	2.268064E-1
5.856667E1	4.110319E1	2.291133E-1
5.860000E1	4.128809E1	2.257015E-1
5.863333E1	4.141675E1	2.334163E-1
5.866667E1	4.159844E1	2.292532E-1
5.870000E1	4.167641E1	2.105745E-1
5.873333E1	4.170980E1	2.139877E-1
5.876667E1	4.173632E1	2.257861E-1
5.880000E1	4.175065E1	2.259166E-1
5.883333E1	4.168043E1	3.315268E-1
5.886667E1	4.157415E1	3.718939E-1
5.890000E1	4.151862E1	3.596868E-1
5.893333E1	4.144879E1	3.326006E-1
5.896667E1	4.142368E1	2.931599E-1
5.900000E1	4.140781E1	2.331245E-1
5.903333E1	4.147001E1	2.287642E-1
5.906667E1	4.153794E1	2.243833E-1
5.910000E1	4.173071E1	2.219790E-1
5.913333E1	4.184737E1	2.299117E-1
5.916667E1	4.197735E1	2.347014E-1
5.920000E1	4.210023E1	2.088375E-1
5.923333E1	4.213127E1	2.153574E-1
5.926667E1	4.217636E1	2.314324E-1
5.930000E1	4.218381E1	2.280285E-1
5.933333E1	4.210533E1	3.300886E-1
5.936667E1	4.199930E1	3.661281E-1
5.940000E1	4.195551E1	3.596810E-1
5.943333E1	4.188032E1	3.331923E-1
5.946667E1	4.185609E1	2.939531E-1
5.950000E1	4.183817E1	2.362120E-1
5.953333E1	4.190026E1	2.310474E-1
5.956667E1	4.198164E1	2.297078E-1
5.960000E1	4.216220E1	2.248210E-1
5.963333E1	4.228040E1	2.365905E-1
5.966667E1	4.247858E1	2.268529E-1
5.970000E1	4.254954E1	2.091735E-1
5.973333E1	4.257837E1	2.155882E-1
5.976667E1	4.261154E1	2.288350E-1
5.980000E1	4.262773E1	2.296217E-1
5.983333E1	4.255014E1	3.236092E-1
5.986667E1	4.246746E1	3.448909E-1
5.990000E1	4.242922E1	3.360213E-1
5.993333E1	4.233505E1	3.100949E-1
5.996667E1	4.232479E1	2.735776E-1
6.000000E1	4.232608E1	2.245289E-1
6.003333E1	4.239162E1	2.226065E-1
6.006667E1	4.246391E1	2.220193E-1
6.010000E1	4.266143E1	2.232697E-1
6.013333E1	4.278875E1	2.284701E-1
6.016667E1	4.298234E1	2.203216E-1
6.020000E1	4.305326E1	2.091951E-1
6.023333E1	4.308814E1	2.187373E-1
6.026667E1	4.314791E1	2.251119E-1
6.030000E1	4.314311E1	2.240237E-1
6.033333E1	4.307140E1	3.145348E-1
6.036667E1	4.297481E1	3.511659E-1
6.040000E1	4.294757E1	3.464598E-1
6.043333E1	4.286215E1	2.935511E-1
6.046667E1	4.284569E1	2.630892E-1
6.050000E1	4.283897E1	2.246374E-1
6.053333E1	4.290871E1	2.233066E-1
6.056667E1	4.299229E1	2.268122E-1
6.060000E1	4.319019E1	2.213613E-1
6.063333E1	4.331130E1	2.305651E-1
6.066667E1	4.346660E1	2.307244E-1
6.070000E1	4.361224E1	2.081664E-1
6.073333E1	4.364179E1	2.136495E-1
6.076667E1	4.368857E1	2.275470E-1
6.080000E1	4.370455E1	2.285525E-1
6.083333E1	4.362070E1	3.213229E-1
6.086667E1	4.353812E1	3.555415E-1
6.090000E1	4.350609E1	3.368056E-1
6.093333E1	4.340542E1	3.029094E-1
6.096667E1	4.339844E1	2.699943E-1
6.100000E1	4.339364E1	2.127179E-1
6.103333E1	4.344828E1	2.185663E-1
6.106667E1	4.352940E1	2.260386E-1
6.110000E1	4.373711E1	2.247035E-1
6.113333E1	4.384106E1	2.390823E-1
6.116667E1	4.404512E1	2.373643E-1
6.120000E1	4.410881E1	2.159426E-1
6.123333E1	4.414433E1	2.175328E-1
6.126667E1	4.417618E1	2.328849E-1
6.130000E1	4.419118E1	2.292431E-1
6.133333E1	4.412461E1	3.317719E-1
6.136667E1	4.401395E1	3.641901E-1
6.140000E1	4.395627E1	3.570319E-1
6.143333E1	4.389342E1	3.373184E-1
6.146667E1	4.386575E1	3.012785E-1
6.150000E1	4.383111E1	2.388526E-1
6.153333E1	4.388104E1	2.373762E-1
6.156667E1	4.396632E1	2.275262E-1
6.160000E1	4.416045E1	2.191280E-1
6.163333E1	4.425063E1	2.299357E-1
6.166667E1	4.442688E1	2.225366E-1
6.170000E1	4.449394E1	2.093091E-1
6.173333E1	4.451452E1	2.153378E-1
6.176667E1	4.453535E1	2.332965E-1
6.180000E1	4.454433E1	2.377965E-1
6.183333E1	4.446742E1	3.374873E-1
6.186667E1	4.435024E1	3.703173E-1
6.190000E1	4.431491E1	3.587806E-1
6.193333E1	4.420783E1	3.200929E-1
6.196667E1	4.419770E1	2.738031E-1
6.200000E1	4.418721E1	2.327436E-1
6.203333E1	4.422559E1	2.222643E-1
6.206667E1	4.431954E1	2.314271E-1
6.210000E1	4.449349E1	2.265777E-1
6.213333E1	4.460314E1	2.422949E-1
6.216667E1	4.478738E1	2.287029E-1
6.220000E1	4.485523E1	2.116683E-1
6.223333E1	4.488084E1	2.176534E-1
6.226667E1	4.489551E1	2.342338E-1
6.230000E1	4.490926E1	2.292812E-1
6.233333E1	4.481967E1	3.316724E-1
6.236667E1	4.472272E1	3.721352E-1
6.240000E1	4.467093E1	3.607826E-1
6.243333E1	4.459468E1	3.276902E-1
6.246667E1	4.454595E1	3.089363E-1
6.250000E1	4.453851E1	2.395346E-1
6.253333E1	4.458263E1	2.304774E-1
6.256667E1	4.464108E1	2.273151E-1
6.260000E1	4.482575E1	2.242408E-1
6.263333E1	4.493487E1	2.298094E-1
6.266667E1	4.510476E1	2.305628E-1
6.270000E1	4.517343E1	2.104294E-1
6.273333E1	4.517935E1	2.217381E-1
6.276667E1	4.521349E1	2.366550E-1
6.280000E1	4.521534E1	2.348478E-1
6.283333E1	4.511870E1	3.361882E-1
6.286667E1	4.500946E1	3.671846E-1
6.290000E1	4.496343E1	3.530899E-1
6.293333E1	4.487858E1	3.243928E-1
6.296667E1	4.483915E1	2.997395E-1
6.300000E1	4.482357E1	2.564893E-1
6.303333E1	4.487153E1	2.639211E-1
6.306667E1	4.496816E1	2.840945E-1
6.310000E1	4.515192E1	2.881745E-1
6.313333E1	4.525036E1	2.987866E-1
6.316667E1	4.541747E1	2.918252E-1
6.320000E1	4.547974E1	2.778673E-1
6.323333E1	4.551325E1	2.855205E-1
6.326667E1	4.553142E1	2.936708E-1
6.330000E1	4.551818E1	2.922407E-1
6.333333E1	4.543527E1	3.961776E-1
6.336667E1	4.532577E1	4.336029E-1
6.340000E1	4.528874E1	4.165573E-1
6.343333E1	4.518791E1	3.797426E-1
6.346667E1	4.517947E1	3.406516E-1
6.350000E1	4.516335E1	2.930896E-1
6.353333E1	4.520609E1	2.946250E-1
6.356667E1	4.527421E1	2.950379E-1
6.360000E1	4.546043E1	2.933124E-1
6.363333E1	4.556501E1	3.019947E-1
6.366667E1	4.574992E1	2.968055E-1
6.370000E1	4.581151E1	2.803649E-1
6.373333E1	4.583727E1	2.907791E-1
6.376667E1	4.587513E1	2.951926E-1
6.380000E1	4.586833E1	2.952858E-1
6.383333E1	4.579586E1	4.055036E-1
6.386667E1	4.567951E1	4.410540E-1
6.390000E1	4.565495E1	4.175912E-1
6.393333E1	4.557691E1	3.990250E-1
6.396667E1	4.553865E1	3.604630E-1
6.400000E1	4.553890E1	3.023970E-1
6.403333E1	4.558431E1	2.986039E-1
6.406667E1	4.567898E1	3.001296E-1
6.410000E1	4.587386E1	2.945695E-1
6.413333E1	4.597541E1	3.058025E-1
6.416667E1	4.615694E1	3.013118E-1
6.420000E1	4.622599E1	2.841218E-1
6.423333E1	4.625473E1	2.957482E-1
6.426667E1	4.630615E1	3.028522E-1
6.430000E1	4.629871E1	2.977028E-1
6.433333E1	4.620515E1	3.909253E-1
6.436667E1	4.612443E1	4.144669E-1
6.440000E1	4.608809E1	4.023362E-1
6.443333E1	4.599631E1	3.441661E-1
6.446667E1	4.597894E1	3.288557E-1
6.450000E1	4.596496E1	2.873065E-1
6.453333E1	4.599870E1	2.921821E-1
6.456667E1	4.607884E1	2.943505E-1
6.460000E1	4.626019E1	2.942302E-1
6.463333E1	4.638106E1	2.988196E-1
6.466667E1	4.656285E1	2.852274E-1
6.470000E1	4.663992E1	2.748592E-1
6.473333E1	4.667437E1	2.834127E-1
6.476667E1	4.670963E1	2.931419E-1
6.480000E1	4.671979E1	2.931038E-1
6.483333E1	4.664074E1	4.008554E-1
6.486667E1	4.654181E1	4.367618E-1
6.490000E1	4.650273E1	4.290279E-1
6.493333E1	4.642038E1	4.066027E-1
6.496667E1	4.637732E1	3.484009E-1
6.500000E1	4.634632E1	3.087195E-1
6.503333E1	4.640752E1	2.977035E-1
6.506667E1	4.647315E1	2.983482E-1
6.510000E1	4.663718E1	2.919474E-1
6.513333E1	4.679638E1	2.971028E-1
6.516667E1	4.692880E1	2.988870E-1
6.520000E1	4.705944E1	2.795009E-1
6.523333E1	4.707747E1	2.854330E-1
6.526667E1	4.710495E1	2.915223E-1
6.530000E1	4.710929E1	2.931580E-1
6.533333E1	4.707857E1	3.443691E-1
6.536667E1	4.694026E1	4.225373E-1
6.540000E1	4.691746E1	4.226603E-1
6.543333E1	4.680722E1	3.782123E-1
6.546667E1	4.678572E1	3.277232E-1
6.550000E1	4.676471E1	3.003142E-1
6.553333E1	4.682452E1	2.852180E-1
6.556667E1	4.686471E1	2.870107E-1
6.560000E1	4.697874E1	2.908425E-1
6.563333E1	4.718761E1	3.039950E-1
6.566667E1	4.730288E1	3.116680E-1
6.570000E1	4.741944E1	2.848817E-1
6.573333E1	4.744354E1	2.876319E-1
6.576667E1	4.747929E1	2.989189E-1
6.580000E1	4.751186E1	2.954610E-1
6.583333E1	4.747315E1	3.372136E-1
6.586667E1	4.732529E1	4.192252E-1
6.590000E1	4.728538E1	4.185011E-1
6.593333E1	4.721509E1	3.998180E-1
6.596667E1	4.716697E1	3.387652E-1
6.600000E1	4.712550E1	3.080895E-1
6.603333E1	4.718769E1	2.950357E-1
6.606667E1	4.722553E1	2.956584E-1
6.610000E1	4.736075E1	2.913560E-1
6.613333E1	4.754188E1	2.992181E-1
6.616667E1	4.766324E1	3.026775E-1
6.620000E1	4.778390E1	2.766407E-1
6.623333E1	4.780532E1	2.839298E-1
6.626667E1	4.783339E1	2.919685E-1
6.630000E1	4.782576E1	2.954978E-1
6.633333E1	4.780048E1	3.528374E-1
6.636667E1	4.766469E1	4.228636E-1
6.640000E1	4.764433E1	4.197612E-1
6.643333E1	4.752909E1	3.758870E-1
6.646667E1	4.751522E1	3.300279E-1
6.650000E1	4.749488E1	3.102834E-1
6.653333E1	4.754061E1	2.906292E-1
6.656667E1	4.758927E1	2.894292E-1
6.660000E1	4.772990E1	2.892883E-1
6.663333E1	4.791348E1	2.994629E-1
6.666667E1	4.808252E1	3.045508E-1
6.670000E1	4.820444E1	2.814055E-1
6.673333E1	4.823070E1	2.840947E-1
6.676667E1	4.826146E1	2.954035E-1
6.680000E1	4.826495E1	2.956955E-1
6.683333E1	4.823029E1	3.572942E-1
6.686667E1	4.809042E1	4.227055E-1
6.690000E1	4.807156E1	4.260146E-1
6.693333E1	4.795739E1	3.863650E-1
6.696667E1	4.793107E1	3.426618E-1
6.700000E1	4.790423E1	3.043154E-1
6.703333E1	4.794103E1	2.971460E-1
6.706667E1	4.798118E1	2.921355E-1
6.710000E1	4.809447E1	2.922828E-1
6.713333E1	4.826381E1	2.978271E-1
6.716667E1	4.838894E1	3.038301E-1
6.720000E1	4.850152E1	2.845807E-1
6.723333E1	4.852053E1	2.881473E-1
6.726667E1	4.853295E1	2.961332E-1
6.730000E1	4.853502E1	2.992130E-1
6.733333E1	4.850390E1	3.682149E-1
6.736667E1	4.836297E1	4.294780E-1
6.740000E1	4.834211E1	4.276530E-1
6.743333E1	4.823943E1	4.049522E-1
6.746667E1	4.820110E1	3.646774E-1
6.750000E1	4.811980E1	3.069419E-1
6.753333E1	4.817603E1	3.030242E-1
6.756667E1	4.821226E1	3.016031E-1
6.760000E1	4.834608E1	3.000063E-1
6.763333E1	4.849929E1	3.048245E-1
6.766667E1	4.863204E1	3.084209E-1
6.770000E1	4.869833E1	2.821963E-1
6.773333E1	4.868695E1	2.869108E-1
6.776667E1	4.868084E1	2.989659E-1
6.780000E1	4.867529E1	2.998443E-1
6.783333E1	4.862982E1	3.589301E-1
6.786667E1	4.841895E1	4.348139E-1
6.790000E1	4.839796E1	4.265790E-1
6.793333E1	4.827667E1	4.111557E-1
6.796667E1	4.821225E1	3.567733E-1
6.800000E1	4.814248E1	3.204258E-1
6.803333E1	4.817196E1	3.092486E-1
6.806667E1	4.820700E1	3.056364E-1
6.810000E1	4.832515E1	3.000857E-1
6.813333E1	4.845906E1	3.058950E-1
6.816667E1	4.856803E1	3.107434E-1
6.820000E1	4.862961E1	2.841603E-1
6.823333E1	4.861117E1	2.903244E-1
6.826667E1	4.859739E1	3.031127E-1
6.830000E1	4.858233E1	3.036487E-1
6.833333E1	4.850804E1	3.723518E-1
6.836667E1	4.832621E1	4.272718E-1
6.840000E1	4.828141E1	4.258949E-1
6.843333E1	4.816183E1	4.058049E-1
6.846667E1	4.807527E1	3.513883E-1
6.850000E1	4.800601E1	3.164105E-1
6.853333E1	4.802317E1	3.064448E-1
6.856667E1	4.805263E1	2.988695E-1
6.860000E1	4.815282E1	2.956987E-1
6.863333E1	4.830433E1	3.133841E-1
6.866667E1	4.840544E1	3.049101E-1
6.870000E1	4.845335E1	2.816251E-1
6.873333E1	4.845150E1	2.865380E-1
6.876667E1	4.843735E1	2.988317E-1
6.880000E1	4.842853E1	3.057556E-1
6.883333E1	4.835138E1	3.748677E-1
6.886667E1	4.817277E1	4.298289E-1
6.890000E1	4.811260E1	4.208219E-1
6.893333E1	4.796324E1	4.024625E-1
6.896667E1	4.788744E1	3.477412E-1
6.900000E1	4.779251E1	3.115729E-1
6.903333E1	4.781058E1	2.996300E-1
6.906667E1	4.783567E1	2.971722E-1
6.910000E1	4.794381E1	2.996537E-1
6.913333E1	4.809850E1	3.057891E-1
6.916667E1	4.821919E1	3.086843E-1
6.920000E1	4.826889E1	2.765700E-1
6.923333E1	4.825743E1	2.849750E-1
6.926667E1	4.824399E1	2.940872E-1
6.930000E1	4.822647E1	3.047000E-1
6.933333E1	4.814448E1	3.640991E-1
6.936667E1	4.795814E1	4.236623E-1
6.940000E1	4.791811E1	4.213674E-1
6.943333E1	4.779057E1	3.974429E-1
6.946667E1	4.768824E1	3.389371E-1
6.950000E1	4.763277E1	3.144268E-1
6.953333E1	4.766243E1	3.041871E-1
6.956667E1	4.768525E1	2.963923E-1
6.960000E1	4.781459E1	2.949517E-1
6.963333E1	4.796834E1	2.997029E-1
6.966667E1	4.807688E1	3.070280E-1
6.970000E1	4.820635E1	2.869712E-1
6.973333E1	4.821807E1	2.946660E-1
6.976667E1	4.820546E1	3.055999E-1
6.980000E1	4.817556E1	3.107358E-1
6.983333E1	4.805980E1	3.959420E-1
6.986667E1	4.785443E1	3.951521E-1
6.990000E1	4.781474E1	3.524221E-1
6.993333E1	4.768319E1	3.259478E-1
6.996667E1	4.763321E1	2.898573E-1
7.000000E1	4.762763E1	2.744221E-1
7.003333E1	4.768498E1	2.774041E-1
7.006667E1	4.772776E1	2.821954E-1
7.010000E1	4.791128E1	2.872288E-1
7.013333E1	4.806491E1	2.988230E-1
7.016667E1	4.814924E1	2.871642E-1
7.020000E1	4.822396E1	2.731033E-1
7.023333E1	4.823014E1	2.824319E-1
7.026667E1	4.820951E1	3.040532E-1
7.030000E1	4.819580E1	3.063910E-1
7.033333E1	4.807604E1	3.701088E-1
7.036667E1	4.786860E1	3.983657E-1
7.040000E1	4.780640E1	3.859134E-1
7.043333E1	4.768754E1	3.258456E-1
7.046667E1	4.762781E1	2.919107E-1
7.050000E1	4.762681E1	2.739226E-1
7.053333E1	4.768646E1	2.815432E-1
7.056667E1	4.772172E1	2.837500E-1
7.060000E1	4.789434E1	2.865625E-1
7.063333E1	4.808265E1	3.060436E-1
7.066667E1	4.822473E1	2.911916E-1
7.070000E1	4.836213E1	2.854662E-1
7.073333E1	4.837860E1	2.861442E-1
7.076667E1	4.838820E1	3.056147E-1
7.080000E1	4.838120E1	3.117178E-1
7.083333E1	4.834281E1	3.659557E-1
7.086667E1	4.821975E1	4.111632E-1
7.090000E1	4.820840E1	4.099240E-1
7.093333E1	4.809698E1	3.261219E-1
7.096667E1	4.806502E1	3.096264E-1
7.100000E1	4.801909E1	2.716368E-1
