	masse A		
t	x	y	
0.000000E0	-6.343411E-3	-3.552714E-15
3.333333E-2	-5.695716E-2	-9.135347E-3
6.666667E-2	-7.496949E-2	-8.947353E-3
1.000000E-1	-1.671187E-1	-1.202386E-2
1.333333E-1	-2.009406E-1	-1.135791E-2
1.666667E-1	-4.218983E-1	-3.945465E-2
2.000000E-1	-5.638896E-1	-5.874875E-2
2.333333E-1	-6.769029E-1	-5.670286E-2
2.666667E-1	-8.544016E-1	-8.490841E-2
3.000000E-1	-9.256757E-1	-8.566765E-2
3.333333E-1	-1.153128E0	-1.353029E-1
3.666667E-1	-1.181111E0	-1.535631E-1
4.000000E-1	-1.152738E0	-1.662580E-1
4.333333E-1	-1.046875E0	-1.537728E-1
4.666667E-1	-1.000366E0	-1.399770E-1
5.000000E-1	-7.500079E-1	-1.286246E-1
5.333333E-1	-5.315769E-1	-1.313938E-1
5.666667E-1	-4.185393E-1	-1.451791E-1
6.000000E-1	-6.555155E-2	-1.526440E-1
6.333333E-1	1.860895E-2	-1.747084E-1
6.666667E-1	1.780994E-1	-1.671458E-1
7.000000E-1	2.444759E-1	-1.387250E-1
7.333333E-1	2.319171E-1	-1.181899E-1
7.666667E-1	2.053525E-1	-5.364069E-2
8.000000E-1	1.899533E-1	-1.871010E-2
8.333333E-1	2.973545E-2	1.059452E-1
8.666667E-1	-1.284404E-1	4.119078E-2
9.000000E-1	-2.164558E-1	1.137649E-3
9.333333E-1	-3.498547E-1	-1.136622E-1
9.666667E-1	-3.638385E-1	-1.362484E-1
1.000000E0	-3.880334E-1	-2.110914E-1
1.033333E0	-3.499881E-1	-2.133140E-1
1.066667E0	-2.962210E-1	-2.030132E-1
1.100000E0	-7.811576E-2	-9.862214E-2
1.133333E0	-2.115329E-2	-7.916249E-2
1.166667E0	1.032048E-1	-8.821491E-2
1.200000E0	1.365847E-1	-9.601545E-2
1.233333E0	1.355014E-1	-9.922489E-2
1.266667E0	1.189284E-1	-9.682398E-2
1.300000E0	1.101151E-1	-8.675663E-2
1.333333E0	-7.470589E-2	-3.678413E-2
1.366667E0	-2.007104E-1	-4.989702E-2
1.400000E0	-2.352082E-1	-8.216750E-2
1.433333E0	-2.835458E-1	-1.329615E-1
1.466667E0	-2.981251E-1	-1.671180E-1
1.500000E0	-2.321790E-1	-1.612888E-1
1.533333E0	-1.104936E-1	-1.671191E-1
1.566667E0	4.104397E-2	-1.467693E-1
1.600000E0	2.445576E-1	-1.443992E-1
1.633333E0	3.055354E-1	-1.388874E-1
1.666667E0	4.014375E-1	-1.544213E-1
1.700000E0	4.280699E-1	-1.409857E-1
1.733333E0	4.123882E-1	-1.287540E-1
1.766667E0	3.678579E-1	-7.903744E-2
1.800000E0	3.161254E-1	-3.277532E-2
1.833333E0	9.250788E-2	4.399178E-2
1.866667E0	-8.370070E-2	1.318919E-2
1.900000E0	-1.084795E-1	-3.417746E-3
1.933333E0	-2.367818E-1	-1.193783E-1
1.966667E0	-2.501049E-1	-1.406181E-1
2.000000E0	-2.165135E-1	-1.594828E-1
2.033333E0	-1.350531E-1	-1.394129E-1
2.066667E0	6.094065E-2	-5.811757E-2
2.100000E0	2.380036E-1	-5.930283E-2
2.133333E0	2.977058E-1	-4.711397E-2
2.166667E0	4.188930E-1	-8.270266E-2
2.200000E0	4.450939E-1	-8.153355E-2
2.233333E0	4.331319E-1	-7.377198E-2
2.266667E0	4.121341E-1	-5.434325E-2
2.300000E0	3.905073E-1	-3.924202E-2
2.333333E0	1.911017E-1	3.719594E-2
2.366667E0	5.877127E-2	2.433777E-2
2.400000E0	3.499641E-2	-1.041480E-2
2.433333E0	-7.014324E-2	-1.001930E-1
2.466667E0	-8.967450E-2	-1.001861E-1
2.500000E0	-5.849256E-2	-9.633998E-2
2.533333E0	4.841036E-2	-6.665478E-2
2.566667E0	1.338873E-1	-6.400400E-2
2.600000E0	3.686801E-1	-5.540806E-2
2.633333E0	4.755401E-1	-2.659839E-2
2.666667E0	6.140426E-1	-4.088772E-2
2.700000E0	6.409265E-1	-5.117277E-2
2.733333E0	6.356059E-1	-5.604093E-2
2.766667E0	6.116327E-1	-3.633641E-2
2.800000E0	5.875783E-1	-7.666940E-3
2.833333E0	3.827859E-1	6.786254E-2
2.866667E0	2.515105E-1	4.612707E-2
2.900000E0	2.095280E-1	7.805313E-3
2.933333E0	1.327516E-1	-6.443001E-2
2.966667E0	1.227439E-1	-8.028443E-2
3.000000E0	1.674417E-1	-8.600014E-2
3.033333E0	2.764668E-1	-6.379515E-2
3.066667E0	4.085348E-1	-4.019187E-2
3.100000E0	6.085230E-1	-4.180971E-2
3.133333E0	7.357800E-1	-2.081536E-2
3.166667E0	8.867485E-1	-4.927546E-2
3.200000E0	9.226750E-1	-4.705508E-2
3.233333E0	9.318252E-1	-5.687887E-2
3.266667E0	9.265831E-1	-4.215889E-2
3.300000E0	9.166266E-1	-3.538921E-2
3.333333E0	7.696634E-1	7.168830E-2
3.366667E0	6.593642E-1	4.392789E-2
3.400000E0	6.420432E-1	4.286445E-2
3.433333E0	5.517960E-1	-4.659796E-2
3.466667E0	5.409430E-1	-6.465812E-2
3.500000E0	6.104731E-1	-7.006098E-2
3.533333E0	7.311851E-1	-5.748591E-2
3.566667E0	8.077661E-1	-5.355477E-2
3.600000E0	1.048838E0	-5.253163E-2
3.633333E0	1.206320E0	-2.480446E-2
3.666667E0	1.375216E0	-5.386923E-2
3.700000E0	1.428907E0	-5.742152E-2
3.733333E0	1.443627E0	-6.445634E-2
3.766667E0	1.444642E0	-4.977618E-2
3.800000E0	1.430136E0	-3.926379E-2
3.833333E0	1.306513E0	5.359082E-2
3.866667E0	1.202251E0	4.513048E-2
3.900000E0	1.163464E0	9.639962E-3
3.933333E0	1.117029E0	-5.441787E-2
3.966667E0	1.125328E0	-7.261167E-2
4.000000E0	1.206670E0	-7.786009E-2
4.033333E0	1.314179E0	-6.513895E-2
4.066667E0	1.404473E0	-5.797886E-2
4.100000E0	1.692893E0	-5.741411E-2
4.133333E0	1.841367E0	-3.368164E-2
4.166667E0	2.019080E0	-5.204909E-2
4.200000E0	2.102372E0	-5.703799E-2
4.233333E0	2.109186E0	-6.237271E-2
4.266667E0	2.114548E0	-4.971825E-2
4.300000E0	2.123293E0	-4.254131E-2
4.333333E0	2.019923E0	5.615004E-2
4.366667E0	1.925917E0	5.441797E-2
4.400000E0	1.887984E0	7.345123E-3
4.433333E0	1.846773E0	-3.311831E-2
4.466667E0	1.838897E0	-4.681663E-2
4.500000E0	1.915930E0	-6.967270E-2
4.533333E0	2.031555E0	-5.823086E-2
4.566667E0	2.135291E0	-5.792218E-2
4.600000E0	2.406537E0	-5.628938E-2
4.633333E0	2.548472E0	-3.262517E-2
4.666667E0	2.727218E0	-5.327351E-2
4.700000E0	2.799610E0	-5.702331E-2
4.733333E0	2.824455E0	-6.314054E-2
4.766667E0	2.835692E0	-4.880131E-2
4.800000E0	2.851783E0	-4.217525E-2
4.833333E0	2.739172E0	4.983316E-2
4.866667E0	2.639615E0	5.325271E-2
4.900000E0	2.596648E0	1.026030E-2
4.933333E0	2.563730E0	-3.004427E-2
4.966667E0	2.564759E0	-3.252970E-2
5.000000E0	2.631730E0	-3.472414E-2
5.033333E0	2.741557E0	-1.414829E-2
5.066667E0	2.874426E0	-4.986295E-3
5.100000E0	3.118278E0	5.187232E-3
5.133333E0	3.246077E0	1.321303E-2
5.166667E0	3.414778E0	-9.777497E-3
5.200000E0	3.485385E0	-1.162695E-3
5.233333E0	3.514470E0	-6.973673E-4
5.266667E0	3.532817E0	1.227268E-2
5.300000E0	3.519137E0	2.098053E-2
5.333333E0	3.395186E0	1.188231E-1
5.366667E0	3.302849E0	1.261312E-1
5.400000E0	3.279383E0	1.134480E-1
5.433333E0	3.222383E0	5.121130E-2
5.466667E0	3.220628E0	5.401380E-2
5.500000E0	3.275173E0	3.866365E-2
5.533333E0	3.387115E0	5.453443E-2
5.566667E0	3.538251E0	6.169096E-2
5.600000E0	3.766164E0	7.554046E-2
5.633333E0	3.861945E0	7.832123E-2
5.666667E0	4.058414E0	5.946503E-2
5.700000E0	4.134934E0	6.524916E-2
5.733333E0	4.163161E0	6.639643E-2
5.766667E0	4.173969E0	8.136908E-2
5.800000E0	4.168116E0	8.964497E-2
5.833333E0	4.038774E0	1.844730E-1
5.866667E0	3.936857E0	1.976873E-1
5.900000E0	3.885437E0	1.647870E-1
5.933333E0	3.836030E0	1.032060E-1
5.966667E0	3.837864E0	7.831846E-2
6.000000E0	3.895977E0	5.660221E-2
6.033333E0	4.005171E0	7.303089E-2
6.066667E0	4.150223E0	7.262062E-2
6.100000E0	4.365786E0	7.710586E-2
6.133333E0	4.466617E0	7.857171E-2
6.166667E0	4.628202E0	5.552512E-2
6.200000E0	4.713166E0	6.050888E-2
6.233333E0	4.738559E0	6.509348E-2
6.266667E0	4.743653E0	8.823952E-2
6.300000E0	4.739457E0	9.568835E-2
6.333333E0	4.600573E0	1.904463E-1
6.366667E0	4.493972E0	1.991473E-1
6.400000E0	4.471719E0	1.798577E-1
6.433333E0	4.383701E0	1.001619E-1
6.466667E0	4.365877E0	8.283233E-2
6.500000E0	4.439027E0	6.837541E-2
6.533333E0	4.532640E0	7.203613E-2
6.566667E0	4.665051E0	7.496392E-2
6.600000E0	4.890994E0	7.533428E-2
6.633333E0	4.996294E0	8.212130E-2
6.666667E0	5.166845E0	5.611832E-2
6.700000E0	5.255164E0	6.382497E-2
6.733333E0	5.245285E0	6.971609E-2
6.766667E0	5.229627E0	1.083739E-1
6.800000E0	5.207006E0	1.442591E-1
6.833333E0	5.055287E0	2.020320E-1
6.866667E0	4.957075E0	1.747717E-1
6.900000E0	4.933035E0	1.281388E-1
6.933333E0	4.865270E0	9.358408E-2
6.966667E0	4.859021E0	6.696748E-2
7.000000E0	4.958790E0	6.612120E-2
7.033333E0	5.084905E0	6.852044E-2
7.066667E0	5.276499E0	7.400576E-2
7.100000E0	5.461079E0	7.524201E-2
7.133333E0	5.530628E0	7.717910E-2
7.166667E0	5.651554E0	4.242272E-2
7.200000E0	5.686861E0	6.090974E-2
7.233333E0	5.674345E0	6.693240E-2
7.266667E0	5.658359E0	1.036407E-1
7.300000E0	5.632340E0	1.158807E-1
7.333333E0	5.446053E0	1.971798E-1
7.366667E0	5.347844E0	1.814312E-1
7.400000E0	5.300379E0	1.329181E-1
7.433333E0	5.225292E0	9.827562E-2
7.466667E0	5.218357E0	7.393231E-2
7.500000E0	5.307522E0	7.030572E-2
7.533333E0	5.431157E0	7.367374E-2
7.566667E0	5.627323E0	7.400617E-2
7.600000E0	5.789668E0	7.810344E-2
7.633333E0	5.860716E0	7.593047E-2
7.666667E0	5.978083E0	5.050154E-2
7.700000E0	5.993882E0	7.199690E-2
7.733333E0	5.998227E0	7.448388E-2
7.766667E0	5.989517E0	1.143358E-1
7.800000E0	5.954808E0	1.496965E-1
7.833333E0	5.741833E0	1.960793E-1
7.866667E0	5.608894E0	1.704367E-1
7.900000E0	5.573252E0	1.362211E-1
7.933333E0	5.465672E0	9.175466E-2
7.966667E0	5.450986E0	6.793683E-2
8.000000E0	5.533462E0	6.700387E-2
8.033333E0	5.644811E0	7.171350E-2
8.066667E0	5.848776E0	7.444778E-2
8.100000E0	6.008754E0	7.519016E-2
8.133333E0	6.055315E0	7.113022E-2
8.166667E0	6.160437E0	5.759157E-2
8.200000E0	6.179633E0	6.637485E-2
8.233333E0	6.166064E0	7.354849E-2
8.266667E0	6.141980E0	1.203919E-1
8.300000E0	6.083807E0	1.500244E-1
8.333333E0	5.883567E0	2.021123E-1
8.366667E0	5.746171E0	1.674658E-1
8.400000E0	5.723143E0	1.332005E-1
8.433333E0	5.610765E0	8.577261E-2
8.466667E0	5.592675E0	6.536361E-2
8.500000E0	5.626373E0	6.122757E-2
8.533333E0	5.758595E0	6.928372E-2
8.566667E0	5.867178E0	7.525355E-2
8.600000E0	6.051479E0	7.322031E-2
8.633333E0	6.166060E0	7.634424E-2
8.666667E0	6.266176E0	5.919167E-2
8.700000E0	6.299514E0	6.760033E-2
8.733333E0	6.303475E0	6.964609E-2
8.766667E0	6.287357E0	1.106423E-1
8.800000E0	6.235192E0	1.497717E-1
8.833333E0	6.112727E0	1.873446E-1
8.866667E0	5.922032E0	1.821657E-1
8.900000E0	5.884887E0	1.527049E-1
8.933333E0	5.833870E0	1.094685E-1
8.966667E0	5.789690E0	9.016223E-2
9.000000E0	5.831029E0	7.502820E-2
9.033333E0	5.980045E0	7.857855E-2
9.066667E0	6.075968E0	8.334876E-2
9.100000E0	6.269575E0	7.609526E-2
9.133333E0	6.385868E0	7.652214E-2
9.166667E0	6.491848E0	5.717958E-2
9.200000E0	6.549856E0	6.359173E-2
9.233333E0	6.537759E0	6.814954E-2
9.266667E0	6.517543E0	1.001433E-1
9.300000E0	6.474976E0	1.281071E-1
9.333333E0	6.344751E0	1.835803E-1
9.366667E0	6.175128E0	1.706366E-1
9.400000E0	6.149070E0	1.275878E-1
9.433333E0	6.094453E0	9.543492E-2
9.466667E0	6.071390E0	5.485488E-2
9.500000E0	6.124651E0	5.523771E-2
9.533333E0	6.265501E0	6.376087E-2
9.566667E0	6.364927E0	7.626477E-2
9.600000E0	6.556993E0	7.411788E-2
9.633333E0	6.677007E0	7.682470E-2
9.666667E0	6.786651E0	5.773577E-2
9.700000E0	6.849026E0	7.025728E-2
9.733333E0	6.869451E0	7.251256E-2
9.766667E0	6.841860E0	9.862972E-2
9.800000E0	6.789393E0	1.234192E-1
9.833333E0	6.672427E0	1.719477E-1
9.866667E0	6.513095E0	1.418565E-1
9.900000E0	6.502137E0	1.228240E-1
9.933333E0	6.413890E0	7.158569E-2
9.966667E0	6.378654E0	3.502897E-2
1.000000E1	6.418154E0	1.889350E-2
1.003333E1	6.593224E0	1.759489E-2
1.006667E1	6.668327E0	1.043485E-2
1.010000E1	6.881446E0	6.279482E-3
1.013333E1	7.029678E0	1.457501E-2
1.016667E1	7.127417E0	-1.125212E-2
1.020000E1	7.184376E0	1.552353E-3
1.023333E1	7.178256E0	1.703812E-3
1.026667E1	7.162932E0	2.190802E-2
1.030000E1	7.122977E0	6.727176E-2
1.033333E1	6.991628E0	1.202111E-1
1.036667E1	6.849523E0	1.155217E-1
1.040000E1	6.817045E0	9.200870E-2
1.043333E1	6.774763E0	4.158577E-2
1.046667E1	6.732923E0	9.809180E-3
1.050000E1	6.780149E0	5.994997E-3
1.053333E1	6.962299E0	9.664410E-3
1.056667E1	7.041699E0	1.375272E-3
1.060000E1	7.244455E0	2.869045E-3
1.063333E1	7.396230E0	7.720096E-3
1.066667E1	7.496993E0	-1.053959E-2
1.070000E1	7.581016E0	-2.761072E-3
1.073333E1	7.593776E0	-7.620831E-4
1.076667E1	7.588868E0	1.575581E-2
1.080000E1	7.550535E0	6.133274E-2
1.083333E1	7.411917E0	1.162930E-1
1.086667E1	7.247356E0	1.160753E-1
1.090000E1	7.228734E0	1.092253E-1
1.093333E1	7.158942E0	4.086664E-2
1.096667E1	7.135737E0	2.375788E-2
1.100000E1	7.201220E0	3.485865E-3
1.103333E1	7.348869E0	8.272959E-3
1.106667E1	7.435843E0	1.361554E-2
1.110000E1	7.690439E0	4.511463E-3
1.113333E1	7.798287E0	7.293517E-3
1.116667E1	7.899800E0	-1.580649E-2
1.120000E1	7.976372E0	-3.875754E-3
1.123333E1	7.967762E0	-3.273870E-3
1.126667E1	7.955044E0	1.630276E-2
1.130000E1	7.917924E0	6.093742E-2
1.133333E1	7.802731E0	1.223119E-1
1.136667E1	7.653234E0	1.158861E-1
1.140000E1	7.625764E0	9.410925E-2
1.143333E1	7.575569E0	4.817330E-2
1.146667E1	7.560963E0	2.812137E-3
1.150000E1	7.607298E0	-3.003916E-3
1.153333E1	7.791192E0	8.076139E-3
1.156667E1	7.891408E0	4.257994E-3
1.160000E1	8.094807E0	9.116994E-4
1.163333E1	8.248678E0	3.590967E-3
1.166667E1	8.363728E0	-1.092189E-2
1.170000E1	8.459747E0	-4.595301E-3
1.173333E1	8.465137E0	-3.363820E-4
1.176667E1	8.457863E0	1.967476E-2
1.180000E1	8.436956E0	5.552259E-2
1.183333E1	8.326092E0	1.153251E-1
1.186667E1	8.169220E0	1.009235E-1
1.190000E1	8.154133E0	7.511488E-2
1.193333E1	8.087896E0	1.586287E-2
1.196667E1	8.086508E0	-1.403326E-2
1.200000E1	8.162129E0	-1.568697E-2
1.203333E1	8.340104E0	-1.548239E-3
1.206667E1	8.441614E0	5.738625E-3
1.210000E1	8.719570E0	5.922001E-3
1.213333E1	8.807521E0	2.178069E-3
1.216667E1	8.913506E0	-2.246108E-2
1.220000E1	9.006554E0	-3.066510E-3
1.223333E1	9.022292E0	-2.010916E-3
1.226667E1	9.025755E0	1.952197E-2
1.230000E1	9.015288E0	3.408486E-2
1.233333E1	8.901037E0	8.275059E-2
1.236667E1	8.754617E0	6.870565E-2
1.240000E1	8.737992E0	5.880124E-2
1.243333E1	8.702804E0	1.184898E-3
1.246667E1	8.677651E0	-3.138784E-2
1.250000E1	8.734589E0	-2.041167E-2
1.253333E1	8.910260E0	-1.569816E-2
1.256667E1	9.019464E0	-5.055316E-4
1.260000E1	9.299906E0	4.638717E-3
1.263333E1	9.375879E0	2.201916E-3
1.266667E1	9.490190E0	-1.691678E-2
1.270000E1	9.586154E0	-5.973983E-3
1.273333E1	9.601959E0	-3.805261E-3
1.276667E1	9.602879E0	1.330090E-2
1.280000E1	9.597365E0	2.472959E-2
1.283333E1	9.477932E0	1.056783E-1
1.286667E1	9.325025E0	6.750608E-2
1.290000E1	9.306192E0	6.190762E-2
1.293333E1	9.242306E0	-2.554609E-4
1.296667E1	9.239338E0	-2.670576E-2
1.300000E1	9.299993E0	-1.727609E-2
1.303333E1	9.479343E0	-5.173625E-3
1.306667E1	9.597131E0	4.707876E-3
1.310000E1	9.864492E0	7.289599E-3
1.313333E1	9.927676E0	2.946533E-3
1.316667E1	1.003563E1	-1.735842E-2
1.320000E1	1.014503E1	-5.517491E-3
1.323333E1	1.013661E1	-3.186843E-3
1.326667E1	1.011570E1	1.771913E-2
1.330000E1	1.009975E1	4.054418E-2
1.333333E1	9.993928E0	1.207365E-1
1.336667E1	9.841318E0	1.205304E-1
1.340000E1	9.821618E0	1.204691E-1
1.343333E1	9.759830E0	5.030404E-2
1.346667E1	9.729883E0	2.238687E-2
1.350000E1	9.789107E0	9.881311E-3
1.353333E1	9.969723E0	1.335264E-2
1.356667E1	1.007692E1	2.378030E-2
1.360000E1	1.029846E1	9.119998E-3
1.363333E1	1.041763E1	4.774713E-3
1.366667E1	1.052521E1	-8.966570E-3
1.370000E1	1.060394E1	1.424583E-3
1.373333E1	1.060913E1	1.604122E-3
1.376667E1	1.060182E1	1.967908E-2
1.380000E1	1.058725E1	5.863620E-2
1.383333E1	1.047840E1	1.163298E-1
1.386667E1	1.032893E1	1.223803E-1
1.390000E1	1.031314E1	1.191070E-1
1.393333E1	1.024286E1	7.881166E-2
1.396667E1	1.021069E1	1.580710E-2
1.400000E1	1.025298E1	1.220892E-2
1.403333E1	1.042542E1	6.483922E-3
1.406667E1	1.050216E1	4.350263E-3
1.410000E1	1.072532E1	6.781674E-3
1.413333E1	1.084990E1	7.352883E-3
1.416667E1	1.094913E1	-8.129692E-3
1.420000E1	1.103445E1	1.850472E-3
1.423333E1	1.104390E1	1.240239E-3
1.426667E1	1.103378E1	1.870871E-2
1.430000E1	1.101088E1	4.650632E-2
1.433333E1	1.090884E1	1.233923E-1
1.436667E1	1.076451E1	1.280959E-1
1.440000E1	1.075003E1	1.162355E-1
1.443333E1	1.069944E1	7.745015E-2
1.446667E1	1.065761E1	2.821593E-2
1.450000E1	1.071371E1	8.922413E-3
1.453333E1	1.086425E1	9.703360E-3
1.456667E1	1.095727E1	1.470149E-2
1.460000E1	1.118992E1	6.882618E-3
1.463333E1	1.129045E1	4.173193E-3
1.466667E1	1.138830E1	-1.052742E-2
1.470000E1	1.148324E1	-4.221958E-3
1.473333E1	1.148356E1	3.612854E-4
1.476667E1	1.146885E1	1.528329E-2
1.480000E1	1.145087E1	4.776703E-2
1.483333E1	1.134561E1	1.220474E-1
1.486667E1	1.118825E1	1.315757E-1
1.490000E1	1.117570E1	1.168272E-1
1.493333E1	1.113179E1	7.947790E-2
1.496667E1	1.108373E1	2.647124E-2
1.500000E1	1.114841E1	1.137644E-2
1.503333E1	1.129540E1	1.268120E-2
1.506667E1	1.139512E1	1.338921E-2
1.510000E1	1.161791E1	6.427740E-3
1.513333E1	1.173257E1	1.363439E-2
1.516667E1	1.185791E1	-1.229611E-2
1.520000E1	1.194617E1	-5.552292E-4
1.523333E1	1.197030E1	2.959925E-3
1.526667E1	1.196849E1	1.792096E-2
1.530000E1	1.195253E1	4.995374E-2
1.533333E1	1.185151E1	1.223995E-1
1.536667E1	1.170240E1	1.219273E-1
1.540000E1	1.168602E1	1.111743E-1
1.543333E1	1.164327E1	7.231047E-2
1.546667E1	1.161133E1	3.573360E-2
1.550000E1	1.166562E1	2.120212E-2
1.553333E1	1.183323E1	1.303367E-2
1.556667E1	1.193883E1	7.109383E-3
1.560000E1	1.214452E1	1.672515E-3
1.563333E1	1.227311E1	1.215387E-2
1.566667E1	1.238704E1	-8.779071E-3
1.570000E1	1.246988E1	-4.112926E-3
1.573333E1	1.247844E1	-2.491143E-3
1.576667E1	1.246962E1	2.024255E-2
1.580000E1	1.244907E1	5.087155E-2
1.583333E1	1.234763E1	1.181176E-1
1.586667E1	1.219778E1	1.233437E-1
1.590000E1	1.218271E1	1.134822E-1
1.593333E1	1.213273E1	6.509531E-2
1.596667E1	1.210127E1	2.945031E-2
1.600000E1	1.216912E1	1.330265E-2
1.603333E1	1.234539E1	1.493799E-2
1.606667E1	1.245671E1	1.495307E-2
1.610000E1	1.273791E1	6.086185E-3
1.613333E1	1.279614E1	5.384308E-3
1.616667E1	1.290276E1	-1.774328E-2
1.620000E1	1.300103E1	-5.646630E-3
1.623333E1	1.299756E1	-4.209064E-3
1.626667E1	1.298586E1	1.592660E-2
1.630000E1	1.296843E1	5.857614E-2
1.633333E1	1.285533E1	1.244197E-1
1.636667E1	1.269739E1	1.266078E-1
1.640000E1	1.268478E1	1.118726E-1
1.643333E1	1.261991E1	7.540042E-2
1.646667E1	1.259493E1	2.634780E-2
1.650000E1	1.265878E1	5.080392E-3
1.653333E1	1.280348E1	1.331307E-2
1.656667E1	1.292312E1	6.646941E-3
1.660000E1	1.316039E1	-2.745709E-5
1.663333E1	1.326911E1	5.831541E-3
1.666667E1	1.336900E1	-1.730664E-2
1.670000E1	1.343510E1	-3.901470E-3
1.673333E1	1.343061E1	-2.052164E-3
1.676667E1	1.341833E1	1.093709E-2
1.680000E1	1.341054E1	2.076659E-2
1.683333E1	1.326863E1	1.160621E-1
1.686667E1	1.314957E1	1.308485E-1
1.690000E1	1.312262E1	1.169420E-1
1.693333E1	1.301752E1	5.345802E-2
1.696667E1	1.298715E1	3.354527E-2
1.700000E1	1.304168E1	9.276020E-3
1.703333E1	1.313456E1	4.009065E-3
1.706667E1	1.327206E1	7.225765E-3
1.710000E1	1.348286E1	3.177992E-3
1.713333E1	1.357680E1	6.743715E-3
1.716667E1	1.374486E1	-9.350597E-3
1.720000E1	1.381032E1	-3.558870E-3
1.723333E1	1.383876E1	-1.204917E-3
1.726667E1	1.384295E1	1.061019E-2
1.730000E1	1.383900E1	1.919936E-2
1.733333E1	1.369933E1	1.195188E-1
1.736667E1	1.358017E1	1.324952E-1
1.740000E1	1.354742E1	1.162618E-1
1.743333E1	1.343883E1	5.979228E-2
1.746667E1	1.341295E1	2.828568E-2
1.750000E1	1.346427E1	7.865499E-3
1.753333E1	1.355874E1	5.047118E-3
1.756667E1	1.366456E1	5.784425E-3
1.760000E1	1.390811E1	3.137767E-3
1.763333E1	1.400800E1	4.628684E-3
1.766667E1	1.416563E1	-1.952687E-2
1.770000E1	1.421522E1	-1.425587E-2
1.773333E1	1.422163E1	-2.425034E-3
1.776667E1	1.421895E1	1.216492E-2
1.780000E1	1.420701E1	2.043332E-2
1.783333E1	1.406743E1	1.176506E-1
1.786667E1	1.394451E1	1.320935E-1
1.790000E1	1.391156E1	1.183997E-1
1.793333E1	1.380840E1	8.232972E-2
1.796667E1	1.379425E1	2.861717E-2
1.800000E1	1.383678E1	7.355505E-3
1.803333E1	1.393186E1	4.712939E-3
1.806667E1	1.405422E1	4.358724E-3
1.810000E1	1.425969E1	2.446823E-3
1.813333E1	1.435962E1	3.180323E-4
1.816667E1	1.451593E1	-1.612573E-2
1.820000E1	1.457156E1	-1.429184E-2
1.823333E1	1.458206E1	-2.465803E-3
1.826667E1	1.457565E1	1.135562E-2
1.830000E1	1.455872E1	2.059627E-2
1.833333E1	1.442077E1	1.109665E-1
1.836667E1	1.430289E1	1.239170E-1
1.840000E1	1.426793E1	1.134268E-1
1.843333E1	1.416253E1	4.537690E-2
1.846667E1	1.412810E1	2.891776E-2
1.850000E1	1.417962E1	6.951579E-3
1.853333E1	1.427058E1	4.311306E-3
1.856667E1	1.436681E1	7.757878E-4
1.860000E1	1.458964E1	3.926439E-3
1.863333E1	1.469554E1	1.046674E-2
1.866667E1	1.486496E1	-1.461069E-2
1.870000E1	1.490885E1	-7.032002E-3
1.873333E1	1.492850E1	-4.457167E-5
1.876667E1	1.492660E1	1.399268E-2
1.880000E1	1.491554E1	2.093885E-2
1.883333E1	1.477962E1	1.126876E-1
1.886667E1	1.465805E1	1.295861E-1
1.890000E1	1.463090E1	1.229773E-1
1.893333E1	1.456217E1	1.092114E-1
1.896667E1	1.449340E1	2.873336E-2
1.900000E1	1.454571E1	1.077346E-2
1.903333E1	1.464040E1	6.022645E-3
1.906667E1	1.472250E1	3.466441E-3
1.910000E1	1.494548E1	2.774070E-3
1.913333E1	1.505305E1	1.261462E-2
1.916667E1	1.522751E1	-9.165966E-3
1.920000E1	1.527447E1	-1.046595E-2
1.923333E1	1.528835E1	-4.366337E-3
1.926667E1	1.529100E1	1.345124E-2
1.930000E1	1.528120E1	1.982865E-2
1.933333E1	1.513567E1	1.174757E-1
1.936667E1	1.501836E1	1.307104E-1
1.940000E1	1.498613E1	1.192484E-1
1.943333E1	1.486948E1	3.552412E-2
1.946667E1	1.484911E1	5.529233E-3
1.950000E1	1.488420E1	-4.982957E-3
1.953333E1	1.499292E1	-1.442621E-3
1.956667E1	1.507675E1	-2.307942E-3
1.960000E1	1.530073E1	-1.338020E-3
1.963333E1	1.540848E1	8.040585E-3
1.966667E1	1.558448E1	-1.628318E-2
1.970000E1	1.562974E1	-1.002831E-2
1.973333E1	1.564222E1	-2.287663E-4
1.976667E1	1.563892E1	1.511162E-2
1.980000E1	1.562868E1	2.340739E-2
1.983333E1	1.549024E1	1.184283E-1
1.986667E1	1.536834E1	1.325636E-1
1.990000E1	1.534246E1	1.200904E-1
1.993333E1	1.522585E1	3.602195E-2
1.996667E1	1.520289E1	2.194625E-2
2.000000E1	1.524579E1	2.986256E-4
2.003333E1	1.534340E1	7.394283E-3
2.006667E1	1.542686E1	3.789994E-3
2.010000E1	1.565739E1	2.434744E-3
2.013333E1	1.577451E1	1.449064E-2
2.016667E1	1.594173E1	-1.435940E-2
2.020000E1	1.599765E1	-7.036502E-3
2.023333E1	1.600779E1	-4.914368E-4
2.026667E1	1.600375E1	1.198755E-2
2.030000E1	1.599601E1	1.956126E-2
2.033333E1	1.585032E1	1.194309E-1
2.036667E1	1.573377E1	1.267808E-1
2.040000E1	1.570055E1	1.215004E-1
2.043333E1	1.558696E1	3.464315E-2
2.046667E1	1.557133E1	6.716729E-3
2.050000E1	1.560372E1	-4.060458E-3
2.053333E1	1.571545E1	2.162831E-3
2.056667E1	1.579811E1	1.369587E-3
2.060000E1	1.602773E1	-1.284967E-3
2.063333E1	1.613335E1	2.944965E-3
2.066667E1	1.631382E1	-1.992972E-2
2.070000E1	1.636264E1	-1.413880E-2
2.073333E1	1.637590E1	-3.099484E-3
2.076667E1	1.636547E1	1.409674E-2
2.080000E1	1.635352E1	2.143179E-2
2.083333E1	1.621668E1	1.114277E-1
2.086667E1	1.608901E1	1.290108E-1
2.090000E1	1.606506E1	1.237558E-1
2.093333E1	1.595465E1	3.029331E-2
2.096667E1	1.593213E1	9.607392E-3
2.100000E1	1.597298E1	-3.071412E-3
2.103333E1	1.607024E1	2.007505E-3
2.106667E1	1.618225E1	4.436014E-3
2.110000E1	1.640177E1	2.067022E-3
2.113333E1	1.650998E1	3.651242E-3
2.116667E1	1.667410E1	-2.324620E-2
2.120000E1	1.669084E1	-1.642407E-2
2.123333E1	1.673079E1	-6.790806E-3
2.126667E1	1.672342E1	2.624829E-2
2.130000E1	1.670389E1	5.024830E-2
2.133333E1	1.653224E1	1.236833E-1
2.136667E1	1.642555E1	1.194797E-1
2.140000E1	1.640973E1	1.174026E-1
2.143333E1	1.632333E1	2.601180E-2
2.146667E1	1.633208E1	7.630530E-3
2.150000E1	1.642838E1	4.619458E-3
2.153333E1	1.654670E1	6.825760E-3
2.156667E1	1.663789E1	-3.801717E-4
2.160000E1	1.689032E1	1.830647E-3
2.163333E1	1.699339E1	5.361820E-3
2.166667E1	1.713060E1	-2.081607E-2
2.170000E1	1.717195E1	-5.808898E-3
2.173333E1	1.716156E1	6.977323E-4
2.176667E1	1.713893E1	2.566223E-2
2.180000E1	1.712411E1	3.699925E-2
2.183333E1	1.696309E1	1.276376E-1
2.186667E1	1.685446E1	1.214593E-1
2.190000E1	1.683294E1	1.179165E-1
2.193333E1	1.674662E1	2.041744E-2
2.196667E1	1.673291E1	2.934268E-3
2.200000E1	1.682288E1	1.279576E-2
2.203333E1	1.696695E1	1.028494E-2
2.206667E1	1.702923E1	4.408220E-4
2.210000E1	1.728175E1	1.143543E-3
2.213333E1	1.740260E1	6.415402E-3
2.216667E1	1.755515E1	-1.267525E-2
2.220000E1	1.759329E1	-4.926307E-3
2.223333E1	1.758431E1	1.618030E-3
2.226667E1	1.756790E1	2.255334E-2
2.230000E1	1.755635E1	4.210355E-2
2.233333E1	1.738782E1	1.257662E-1
2.236667E1	1.727918E1	1.218030E-1
2.240000E1	1.726314E1	1.213133E-1
2.243333E1	1.717655E1	2.198998E-2
2.246667E1	1.715624E1	2.766220E-3
2.250000E1	1.725953E1	7.633385E-3
2.253333E1	1.739238E1	4.563755E-3
2.256667E1	1.745414E1	-2.174200E-3
2.260000E1	1.770986E1	2.105508E-3
2.263333E1	1.782613E1	8.370976E-3
2.266667E1	1.798278E1	-1.458326E-2
2.270000E1	1.802263E1	-5.168978E-3
2.273333E1	1.801991E1	2.351473E-3
2.276667E1	1.800316E1	2.306796E-2
2.280000E1	1.798844E1	3.948731E-2
2.283333E1	1.782749E1	1.301755E-1
2.286667E1	1.773410E1	1.186440E-1
2.290000E1	1.771225E1	1.167943E-1
2.293333E1	1.760938E1	1.714958E-2
2.296667E1	1.759448E1	-1.026164E-3
2.300000E1	1.769248E1	7.010105E-3
2.303333E1	1.782611E1	8.029999E-3
2.306667E1	1.789761E1	-3.846863E-4
2.310000E1	1.814721E1	3.832457E-3
2.313333E1	1.826405E1	1.340036E-2
2.316667E1	1.840711E1	-1.772659E-2
2.320000E1	1.845411E1	-5.532374E-3
2.323333E1	1.844699E1	-2.231400E-3
2.326667E1	1.843288E1	2.144266E-2
2.330000E1	1.841710E1	3.206776E-2
2.333333E1	1.825370E1	1.208353E-1
2.336667E1	1.814548E1	1.205066E-1
2.340000E1	1.812415E1	1.216365E-1
2.343333E1	1.802981E1	1.727996E-2
2.346667E1	1.801558E1	-1.144337E-3
2.350000E1	1.809595E1	-3.482822E-3
2.353333E1	1.821166E1	4.712504E-3
2.356667E1	1.830314E1	3.217475E-3
2.360000E1	1.853030E1	2.301579E-3
2.363333E1	1.862899E1	4.354256E-3
2.366667E1	1.877366E1	-1.584882E-2
2.370000E1	1.880888E1	-7.837679E-3
2.373333E1	1.880380E1	2.179008E-3
2.376667E1	1.878331E1	2.287228E-2
2.380000E1	1.876873E1	5.736239E-2
2.383333E1	1.858654E1	1.359490E-1
2.386667E1	1.848034E1	1.292507E-1
2.390000E1	1.845716E1	1.123817E-1
2.393333E1	1.835776E1	3.351807E-2
2.396667E1	1.834993E1	1.211369E-2
2.400000E1	1.842598E1	6.578921E-3
2.403333E1	1.854076E1	7.119280E-4
2.406667E1	1.862811E1	4.521313E-3
2.410000E1	1.886802E1	5.336442E-3
2.413333E1	1.895482E1	7.468718E-3
2.416667E1	1.907385E1	-1.277295E-2
2.420000E1	1.910392E1	-5.244369E-3
2.423333E1	1.909318E1	4.950286E-3
2.426667E1	1.907130E1	2.514390E-2
2.430000E1	1.904923E1	5.192255E-2
2.433333E1	1.886028E1	1.321197E-1
2.436667E1	1.876218E1	1.217448E-1
2.440000E1	1.871491E1	1.071998E-1
2.443333E1	1.864519E1	2.250681E-2
2.446667E1	1.864481E1	-1.098756E-3
2.450000E1	1.871989E1	-7.829807E-6
2.453333E1	1.882564E1	6.848150E-4
2.456667E1	1.891671E1	1.205036E-3
2.460000E1	1.916509E1	1.651035E-3
2.463333E1	1.924007E1	1.725627E-3
2.466667E1	1.936474E1	-1.894865E-2
2.470000E1	1.939324E1	-6.751005E-3
2.473333E1	1.938461E1	3.343704E-3
2.476667E1	1.936458E1	2.763958E-2
2.480000E1	1.934659E1	5.846394E-2
2.483333E1	1.917417E1	1.280549E-1
2.486667E1	1.907304E1	1.191338E-1
2.490000E1	1.901882E1	9.577451E-2
2.493333E1	1.894790E1	1.783840E-2
2.496667E1	1.894201E1	-3.198016E-3
2.500000E1	1.903684E1	-5.727211E-3
2.503333E1	1.913470E1	2.659089E-3
2.506667E1	1.923065E1	1.465263E-3
2.510000E1	1.947397E1	1.392890E-3
2.513333E1	1.956208E1	8.948959E-3
2.516667E1	1.967582E1	-1.271860E-2
2.520000E1	1.974202E1	-7.884223E-3
2.523333E1	1.974044E1	-5.741922E-3
2.526667E1	1.972258E1	2.129795E-2
2.530000E1	1.970125E1	4.938311E-2
2.533333E1	1.959027E1	1.183686E-1
2.536667E1	1.944286E1	1.164043E-1
2.540000E1	1.942468E1	1.170727E-1
2.543333E1	1.935448E1	5.365209E-2
2.546667E1	1.932329E1	8.435328E-3
2.550000E1	1.937179E1	5.396117E-3
2.553333E1	1.952816E1	7.707457E-3
2.556667E1	1.962119E1	1.179938E-2
2.560000E1	1.982730E1	2.494474E-3
2.563333E1	1.995819E1	6.483207E-3
2.566667E1	2.007075E1	-1.337944E-2
2.570000E1	2.015665E1	-8.267035E-3
2.573333E1	2.016167E1	-5.041551E-3
2.576667E1	2.015057E1	2.823126E-2
2.580000E1	2.013505E1	4.435647E-2
2.583333E1	2.003004E1	1.149381E-1
2.586667E1	1.987817E1	1.251235E-1
2.590000E1	1.985831E1	1.207103E-1
2.593333E1	1.977079E1	2.891754E-2
2.596667E1	1.977342E1	2.424989E-3
2.600000E1	1.983192E1	-3.697106E-3
2.603333E1	1.997243E1	2.429454E-3
2.606667E1	2.005652E1	8.750567E-3
2.610000E1	2.025193E1	2.241062E-3
2.613333E1	2.039038E1	5.922628E-3
2.616667E1	2.049718E1	-5.025980E-3
2.620000E1	2.056549E1	-2.701057E-3
2.623333E1	2.058356E1	-1.493384E-3
2.626667E1	2.057256E1	2.394690E-2
2.630000E1	2.055336E1	3.355343E-2
2.633333E1	2.045239E1	9.094126E-2
2.636667E1	2.029549E1	8.773980E-2
2.640000E1	2.027982E1	7.207503E-2
2.643333E1	2.020980E1	1.486099E-2
2.646667E1	2.020579E1	-3.042873E-2
2.650000E1	2.025105E1	-2.319117E-2
2.653333E1	2.038744E1	-1.171919E-2
2.656667E1	2.048145E1	2.403184E-3
2.660000E1	2.068957E1	2.337570E-4
2.663333E1	2.081267E1	-2.761201E-3
2.666667E1	2.092707E1	-1.527630E-2
2.670000E1	2.097814E1	-1.142360E-2
2.673333E1	2.096553E1	-5.068343E-3
2.676667E1	2.094931E1	2.675209E-2
2.680000E1	2.092617E1	4.809046E-2
2.683333E1	2.081005E1	1.215231E-1
2.686667E1	2.064589E1	1.326957E-1
2.690000E1	2.063641E1	1.298150E-1
2.693333E1	2.052636E1	2.486682E-2
2.696667E1	2.050977E1	3.309524E-3
2.700000E1	2.054326E1	-5.020784E-3
2.703333E1	2.068257E1	1.941704E-3
2.706667E1	2.078216E1	1.142503E-2
2.710000E1	2.096366E1	4.691426E-3
2.713333E1	2.109447E1	1.152953E-2
2.716667E1	2.120457E1	-3.359680E-3
2.720000E1	2.125685E1	-4.926671E-4
2.723333E1	2.124649E1	9.224070E-4
2.726667E1	2.122270E1	3.032742E-2
2.730000E1	2.119898E1	6.668395E-2
2.733333E1	2.109308E1	1.244989E-1
2.736667E1	2.092376E1	1.281031E-1
2.740000E1	2.091529E1	1.263762E-1
2.743333E1	2.082512E1	4.150791E-2
2.746667E1	2.079089E1	2.109584E-2
2.750000E1	2.081865E1	6.234647E-3
2.753333E1	2.095949E1	1.291185E-2
2.756667E1	2.106762E1	1.726397E-2
2.760000E1	2.125118E1	5.955724E-3
2.763333E1	2.137936E1	9.622111E-3
2.766667E1	2.149447E1	-6.600686E-3
2.770000E1	2.154786E1	-5.615379E-3
2.773333E1	2.153841E1	-1.825659E-3
2.776667E1	2.151809E1	2.813697E-2
2.780000E1	2.149931E1	6.276895E-2
2.783333E1	2.137934E1	1.227062E-1
2.786667E1	2.122343E1	1.253199E-1
2.790000E1	2.121372E1	1.219708E-1
2.793333E1	2.113334E1	8.027394E-2
2.796667E1	2.110879E1	2.132692E-2
2.800000E1	2.115576E1	1.042525E-2
2.803333E1	2.130320E1	1.186825E-2
2.806667E1	2.137364E1	1.053085E-2
2.810000E1	2.159652E1	3.961378E-3
2.813333E1	2.175185E1	7.091948E-3
2.816667E1	2.185251E1	-7.330677E-3
2.820000E1	2.193658E1	-2.238970E-3
2.823333E1	2.195001E1	6.942913E-4
2.826667E1	2.193698E1	2.354566E-2
2.830000E1	2.192510E1	5.596218E-2
2.833333E1	2.181521E1	1.208662E-1
2.836667E1	2.166980E1	1.254853E-1
2.840000E1	2.165486E1	1.202043E-1
2.843333E1	2.159654E1	6.831683E-2
2.846667E1	2.155034E1	1.475112E-2
2.850000E1	2.159686E1	1.299915E-2
2.853333E1	2.175241E1	1.519823E-2
2.856667E1	2.183268E1	8.432103E-3
2.860000E1	2.200876E1	3.049570E-3
2.863333E1	2.217877E1	1.286650E-2
2.866667E1	2.229098E1	-6.604473E-3
2.870000E1	2.238253E1	1.502380E-4
2.873333E1	2.238647E1	-1.167082E-4
2.876667E1	2.237221E1	1.908791E-2
2.880000E1	2.236655E1	4.644124E-2
2.883333E1	2.225190E1	1.164416E-1
2.886667E1	2.210550E1	1.276247E-1
2.890000E1	2.209013E1	1.179050E-1
2.893333E1	2.203279E1	4.670415E-2
2.896667E1	2.199727E1	2.541706E-2
2.900000E1	2.206232E1	1.077594E-2
2.903333E1	2.223076E1	1.262773E-2
2.906667E1	2.232140E1	9.154250E-3
2.910000E1	2.252715E1	5.577934E-3
2.913333E1	2.268010E1	9.716528E-3
2.916667E1	2.279989E1	-9.445077E-3
2.920000E1	2.287940E1	-5.224160E-3
2.923333E1	2.289240E1	-3.350128E-3
2.926667E1	2.287827E1	2.375253E-2
2.930000E1	2.286428E1	5.228030E-2
2.933333E1	2.276227E1	1.202265E-1
2.936667E1	2.260960E1	1.326282E-1
2.940000E1	2.258951E1	1.210917E-1
2.943333E1	2.252797E1	6.479046E-2
2.946667E1	2.248900E1	1.540394E-2
2.950000E1	2.253691E1	9.759250E-3
2.953333E1	2.269142E1	1.401962E-2
2.956667E1	2.277832E1	1.571942E-2
2.960000E1	2.298273E1	2.514612E-3
2.963333E1	2.311157E1	8.128912E-3
2.966667E1	2.323177E1	-8.755844E-3
2.970000E1	2.331553E1	-6.774424E-4
2.973333E1	2.331971E1	2.116692E-4
2.976667E1	2.331593E1	2.833382E-2
2.980000E1	2.329872E1	6.812198E-2
2.983333E1	2.318930E1	1.232597E-1
2.986667E1	2.303440E1	1.264160E-1
2.990000E1	2.301736E1	1.173569E-1
2.993333E1	2.296135E1	6.260028E-2
2.996667E1	2.292208E1	2.765452E-2
3.000000E1	2.298614E1	4.422355E-3
3.003333E1	2.312987E1	9.757508E-3
3.006667E1	2.321838E1	1.617684E-2
3.010000E1	2.341922E1	4.886051E-3
3.013333E1	2.355276E1	9.679184E-3
3.016667E1	2.366883E1	-6.988109E-3
3.020000E1	2.376724E1	-1.148830E-3
3.023333E1	2.377162E1	-9.603578E-4
3.026667E1	2.374549E1	2.510845E-2
3.030000E1	2.373386E1	6.381193E-2
3.033333E1	2.363147E1	1.213868E-1
3.036667E1	2.348086E1	1.287333E-1
3.040000E1	2.345921E1	1.159401E-1
3.043333E1	2.341739E1	6.748751E-2
3.046667E1	2.337727E1	2.287244E-2
3.050000E1	2.343449E1	1.458082E-2
3.053333E1	2.360229E1	1.698885E-2
3.056667E1	2.367221E1	1.248466E-2
3.060000E1	2.388833E1	4.482708E-3
3.063333E1	2.406685E1	1.221168E-2
3.066667E1	2.416558E1	-6.657733E-3
3.070000E1	2.426618E1	-6.718828E-3
3.073333E1	2.427077E1	-2.183093E-3
3.076667E1	2.425333E1	2.151029E-2
3.080000E1	2.424185E1	6.916930E-2
3.083333E1	2.414915E1	1.302787E-1
3.086667E1	2.402484E1	1.383613E-1
3.090000E1	2.400816E1	1.218434E-1
3.093333E1	2.396574E1	7.850989E-2
3.096667E1	2.393378E1	2.960023E-2
3.100000E1	2.398850E1	2.645143E-3
3.103333E1	2.413542E1	1.008757E-2
3.106667E1	2.419773E1	5.946039E-3
3.110000E1	2.440298E1	2.816321E-3
3.113333E1	2.456757E1	1.099785E-2
3.116667E1	2.466793E1	-7.642066E-3
3.120000E1	2.476305E1	-1.552244E-3
3.123333E1	2.476148E1	-3.542951E-4
3.126667E1	2.475721E1	2.580292E-2
3.130000E1	2.473871E1	7.363795E-2
3.133333E1	2.463329E1	1.244196E-1
3.136667E1	2.448564E1	1.273106E-1
3.140000E1	2.446478E1	1.083291E-1
3.143333E1	2.441865E1	8.214437E-2
3.146667E1	2.437647E1	2.550141E-2
3.150000E1	2.442584E1	8.637419E-3
3.153333E1	2.456580E1	1.204503E-2
3.156667E1	2.465412E1	1.562334E-2
3.160000E1	2.488261E1	8.040370E-3
3.163333E1	2.501951E1	1.556979E-2
3.166667E1	2.513773E1	-1.021844E-2
3.170000E1	2.521925E1	4.990873E-3
3.173333E1	2.524751E1	2.657156E-3
3.176667E1	2.524392E1	2.276563E-2
3.180000E1	2.523871E1	5.999095E-2
3.183333E1	2.513643E1	1.198744E-1
3.186667E1	2.498454E1	1.265061E-1
3.190000E1	2.496673E1	1.144789E-1
3.193333E1	2.492458E1	7.365950E-2
3.196667E1	2.487801E1	2.494439E-2
3.200000E1	2.493715E1	1.712048E-2
3.203333E1	2.510456E1	1.452823E-2
3.206667E1	2.515457E1	1.132098E-2
3.210000E1	2.540069E1	6.121949E-3
3.213333E1	2.554150E1	1.325251E-2
3.216667E1	2.566393E1	-2.333633E-3
3.220000E1	2.576297E1	-5.943177E-3
3.223333E1	2.576695E1	-2.907974E-3
3.226667E1	2.575832E1	2.013807E-2
3.230000E1	2.574618E1	6.159043E-2
3.233333E1	2.564903E1	1.283963E-1
3.236667E1	2.552489E1	1.407061E-1
3.240000E1	2.551260E1	1.220894E-1
3.243333E1	2.546951E1	7.873378E-2
3.246667E1	2.542517E1	2.545370E-2
3.250000E1	2.546855E1	1.363539E-2
3.253333E1	2.561408E1	1.564092E-2
3.256667E1	2.568022E1	6.536029E-3
3.260000E1	2.590268E1	3.798963E-3
3.263333E1	2.605227E1	1.096247E-2
3.266667E1	2.616517E1	-6.987352E-3
3.270000E1	2.624868E1	-1.500731E-3
3.273333E1	2.626239E1	9.977486E-4
3.276667E1	2.625539E1	2.605074E-2
3.280000E1	2.624042E1	6.280208E-2
3.283333E1	2.613241E1	1.283290E-1
3.286667E1	2.598828E1	1.349681E-1
3.290000E1	2.596842E1	1.220132E-1
3.293333E1	2.591654E1	7.799268E-2
3.296667E1	2.588649E1	3.898475E-2
3.300000E1	2.593519E1	4.962854E-2
3.303333E1	2.608720E1	6.553790E-2
3.306667E1	2.617096E1	6.382413E-2
3.310000E1	2.638705E1	7.081022E-2
3.313333E1	2.652648E1	8.342519E-2
3.316667E1	2.663566E1	5.707091E-2
3.320000E1	2.670607E1	6.386805E-2
3.323333E1	2.670021E1	6.760824E-2
3.326667E1	2.668921E1	9.622235E-2
3.330000E1	2.667624E1	1.297037E-1
3.333333E1	2.656547E1	1.882078E-1
3.336667E1	2.641018E1	1.966268E-1
3.340000E1	2.639474E1	1.817611E-1
3.343333E1	2.633896E1	1.319020E-1
3.346667E1	2.629182E1	9.739563E-2
3.350000E1	2.632414E1	8.644257E-2
3.353333E1	2.640142E1	8.344051E-2
3.356667E1	2.647213E1	8.005124E-2
3.360000E1	2.671018E1	7.581469E-2
3.363333E1	2.682303E1	8.312554E-2
3.366667E1	2.699731E1	5.586378E-2
3.370000E1	2.705858E1	5.826802E-2
3.373333E1	2.707548E1	6.636070E-2
3.376667E1	2.707510E1	8.467345E-2
3.380000E1	2.705715E1	9.463300E-2
3.383333E1	2.693322E1	1.932811E-1
3.386667E1	2.682403E1	2.118249E-1
3.390000E1	2.680307E1	1.976395E-1
3.393333E1	2.671606E1	1.214081E-1
3.396667E1	2.668697E1	1.062172E-1
3.400000E1	2.671906E1	7.398144E-2
3.403333E1	2.680114E1	8.213264E-2
3.406667E1	2.686611E1	7.629156E-2
3.410000E1	2.710930E1	7.473785E-2
3.413333E1	2.722774E1	9.018766E-2
3.416667E1	2.741243E1	6.394405E-2
3.420000E1	2.746176E1	6.163027E-2
3.423333E1	2.749602E1	7.025329E-2
3.426667E1	2.750619E1	8.654941E-2
3.430000E1	2.748709E1	9.414323E-2
3.433333E1	2.736569E1	1.894362E-1
3.436667E1	2.725514E1	2.068503E-1
3.440000E1	2.723344E1	1.948633E-1
3.443333E1	2.713438E1	1.076110E-1
3.446667E1	2.711634E1	8.287549E-2
3.450000E1	2.715102E1	5.872451E-2
3.453333E1	2.722614E1	6.703004E-2
3.456667E1	2.728647E1	7.147981E-2
3.460000E1	2.752894E1	7.379784E-2
3.463333E1	2.763742E1	7.657251E-2
3.466667E1	2.780363E1	6.711845E-2
3.470000E1	2.788206E1	6.452541E-2
3.473333E1	2.791352E1	6.803854E-2
3.476667E1	2.792115E1	8.588088E-2
3.480000E1	2.791158E1	9.562241E-2
3.483333E1	2.779609E1	1.829551E-1
3.486667E1	2.768670E1	2.074792E-1
3.490000E1	2.765925E1	1.967002E-1
3.493333E1	2.755762E1	1.057310E-1
3.496667E1	2.754399E1	7.993816E-2
3.500000E1	2.758162E1	6.122617E-2
3.503333E1	2.766253E1	7.816258E-2
3.506667E1	2.772345E1	7.333951E-2
3.510000E1	2.796424E1	7.549686E-2
3.513333E1	2.809419E1	8.605199E-2
3.516667E1	2.826468E1	6.284159E-2
3.520000E1	2.832256E1	6.326907E-2
3.523333E1	2.835467E1	6.620520E-2
3.526667E1	2.836669E1	8.036549E-2
3.530000E1	2.834749E1	8.968931E-2
3.533333E1	2.822697E1	1.864903E-1
3.536667E1	2.812289E1	2.107222E-1
3.540000E1	2.809045E1	1.984269E-1
3.543333E1	2.801133E1	1.140515E-1
3.546667E1	2.797262E1	1.041578E-1
3.550000E1	2.800672E1	7.154376E-2
3.553333E1	2.808891E1	8.226246E-2
3.556667E1	2.815718E1	7.552761E-2
3.560000E1	2.838368E1	7.532106E-2
3.563333E1	2.851250E1	7.991601E-2
3.566667E1	2.867539E1	6.190417E-2
3.570000E1	2.872879E1	5.472887E-2
3.573333E1	2.874194E1	7.099112E-2
3.576667E1	2.876766E1	8.665286E-2
3.580000E1	2.876331E1	9.531587E-2
3.583333E1	2.864631E1	1.957150E-1
3.586667E1	2.849505E1	2.026330E-1
3.590000E1	2.847493E1	1.856071E-1
3.593333E1	2.837964E1	1.039194E-1
3.596667E1	2.838794E1	8.002294E-2
3.600000E1	2.846653E1	7.886014E-2
3.603333E1	2.856902E1	7.527406E-2
3.606667E1	2.865336E1	8.129713E-2
3.610000E1	2.887609E1	7.759638E-2
3.613333E1	2.896369E1	8.032378E-2
3.616667E1	2.910700E1	6.304935E-2
3.620000E1	2.914976E1	6.980710E-2
3.623333E1	2.914017E1	7.561404E-2
3.626667E1	2.913292E1	1.178450E-1
3.630000E1	2.911944E1	1.515282E-1
3.633333E1	2.897161E1	2.152568E-1
3.636667E1	2.887744E1	2.037850E-1
3.640000E1	2.884058E1	1.566995E-1
3.643333E1	2.880997E1	1.184435E-1
3.646667E1	2.881965E1	1.106639E-1
3.650000E1	2.889268E1	1.248541E-1
3.653333E1	2.900261E1	1.286024E-1
3.656667E1	2.907933E1	1.369938E-1
3.660000E1	2.932736E1	1.442541E-1
3.663333E1	2.942119E1	1.465177E-1
3.666667E1	2.955295E1	1.260425E-1
3.670000E1	2.960307E1	1.362185E-1
3.673333E1	2.962395E1	1.419661E-1
3.676667E1	2.962906E1	1.869150E-1
3.680000E1	2.961487E1	2.231851E-1
3.683333E1	2.947886E1	2.941266E-1
3.686667E1	2.938653E1	2.781868E-1
3.690000E1	2.934499E1	2.419329E-1
3.693333E1	2.928882E1	1.699798E-1
3.696667E1	2.927436E1	1.417161E-1
3.700000E1	2.934738E1	1.422907E-1
3.703333E1	2.944926E1	1.445286E-1
3.706667E1	2.954288E1	1.454284E-1
3.710000E1	2.976912E1	1.485311E-1
3.713333E1	2.985244E1	1.514022E-1
3.716667E1	2.999000E1	1.253377E-1
3.720000E1	3.003134E1	1.423049E-1
3.723333E1	3.005414E1	1.438093E-1
3.726667E1	3.006165E1	1.855421E-1
3.730000E1	3.004537E1	2.157675E-1
3.733333E1	2.990226E1	2.896163E-1
3.736667E1	2.982946E1	2.732132E-1
3.740000E1	2.978193E1	2.379193E-1
3.743333E1	2.972953E1	1.711293E-1
3.746667E1	2.970232E1	1.447254E-1
3.750000E1	2.978738E1	1.422991E-1
3.753333E1	2.988031E1	1.429925E-1
3.756667E1	2.993904E1	1.434416E-1
3.760000E1	3.017928E1	1.440957E-1
3.763333E1	3.027318E1	1.486057E-1
3.766667E1	3.040964E1	1.228516E-1
3.770000E1	3.046129E1	1.391628E-1
3.773333E1	3.048809E1	1.451437E-1
3.776667E1	3.049022E1	1.932446E-1
3.780000E1	3.047757E1	2.205966E-1
3.783333E1	3.033702E1	2.857498E-1
3.786667E1	3.025540E1	2.706962E-1
3.790000E1	3.021125E1	2.295065E-1
3.793333E1	3.014690E1	1.610024E-1
3.796667E1	3.013293E1	1.387516E-1
3.800000E1	3.020764E1	1.404355E-1
3.803333E1	3.031578E1	1.470908E-1
3.806667E1	3.037653E1	1.458940E-1
3.810000E1	3.062290E1	1.460272E-1
3.813333E1	3.072513E1	1.484491E-1
3.816667E1	3.085411E1	1.227840E-1
3.820000E1	3.090071E1	1.391934E-1
3.823333E1	3.091956E1	1.427684E-1
3.826667E1	3.092287E1	1.767424E-1
3.830000E1	3.091374E1	1.826742E-1
3.833333E1	3.077733E1	2.775351E-1
3.836667E1	3.070272E1	2.718057E-1
3.840000E1	3.065473E1	2.326796E-1
3.843333E1	3.060258E1	1.718527E-1
3.846667E1	3.060670E1	1.454703E-1
3.850000E1	3.067059E1	1.406737E-1
3.853333E1	3.076836E1	1.442640E-1
3.856667E1	3.081195E1	1.436731E-1
3.860000E1	3.106602E1	1.469065E-1
3.863333E1	3.117454E1	1.502240E-1
3.866667E1	3.132400E1	1.244409E-1
3.870000E1	3.136847E1	1.368404E-1
3.873333E1	3.137079E1	1.409252E-1
3.876667E1	3.136417E1	1.768269E-1
3.880000E1	3.135210E1	1.813496E-1
3.883333E1	3.121237E1	2.776620E-1
3.886667E1	3.113258E1	2.697739E-1
3.890000E1	3.108234E1	2.300933E-1
3.893333E1	3.103824E1	1.725142E-1
3.896667E1	3.103759E1	1.445997E-1
3.900000E1	3.111069E1	1.376089E-1
3.903333E1	3.121808E1	1.391098E-1
3.906667E1	3.130062E1	1.398532E-1
3.910000E1	3.150992E1	1.452316E-1
3.913333E1	3.160908E1	1.510299E-1
3.916667E1	3.175091E1	1.258623E-1
3.920000E1	3.180072E1	1.343831E-1
3.923333E1	3.180396E1	1.414634E-1
3.926667E1	3.179288E1	1.758238E-1
3.930000E1	3.178116E1	1.863358E-1
3.933333E1	3.163935E1	2.849238E-1
3.936667E1	3.155777E1	2.740890E-1
3.940000E1	3.150865E1	2.329435E-1
3.943333E1	3.144805E1	1.648944E-1
3.946667E1	3.142028E1	1.366707E-1
3.950000E1	3.148893E1	1.442919E-1
3.953333E1	3.159628E1	1.439242E-1
3.956667E1	3.165994E1	1.428445E-1
3.960000E1	3.188065E1	1.457845E-1
3.963333E1	3.196753E1	1.570701E-1
3.966667E1	3.210787E1	1.267732E-1
3.970000E1	3.215156E1	1.379434E-1
3.973333E1	3.215276E1	1.434025E-1
3.976667E1	3.214860E1	1.846767E-1
3.980000E1	3.213583E1	2.142665E-1
3.983333E1	3.198910E1	2.886698E-1
3.986667E1	3.189416E1	2.826710E-1
3.990000E1	3.187498E1	2.536399E-1
3.993333E1	3.178460E1	1.744003E-1
3.996667E1	3.176803E1	1.529074E-1
4.000000E1	3.183739E1	1.518171E-1
4.003333E1	3.193547E1	1.470435E-1
4.006667E1	3.199384E1	1.460130E-1
4.010000E1	3.223570E1	1.464035E-1
4.013333E1	3.232276E1	1.508479E-1
4.016667E1	3.244859E1	1.283320E-1
4.020000E1	3.247822E1	1.428602E-1
4.023333E1	3.249471E1	1.498691E-1
4.026667E1	3.249631E1	1.869631E-1
4.030000E1	3.247866E1	2.241607E-1
4.033333E1	3.233926E1	2.966893E-1
4.036667E1	3.225378E1	2.811554E-1
4.040000E1	3.223687E1	2.533902E-1
4.043333E1	3.214474E1	1.746863E-1
4.046667E1	3.212641E1	1.549712E-1
4.050000E1	3.218468E1	1.550572E-1
4.053333E1	3.228640E1	1.499184E-1
4.056667E1	3.236543E1	1.520313E-1
4.060000E1	3.257857E1	1.505124E-1
4.063333E1	3.267788E1	1.531822E-1
4.066667E1	3.277665E1	1.258112E-1
4.070000E1	3.281216E1	1.383521E-1
4.073333E1	3.280795E1	1.486539E-1
4.076667E1	3.279519E1	1.827598E-1
4.080000E1	3.278007E1	2.234238E-1
4.083333E1	3.262802E1	3.009681E-1
4.086667E1	3.253065E1	2.755693E-1
4.090000E1	3.249841E1	2.578729E-1
4.093333E1	3.241966E1	1.820640E-1
4.096667E1	3.240993E1	1.856782E-1
4.100000E1	3.246845E1	2.028199E-1
4.103333E1	3.257350E1	2.077677E-1
4.106667E1	3.264043E1	2.089048E-1
4.110000E1	3.286474E1	2.152758E-1
4.113333E1	3.296476E1	2.172613E-1
4.116667E1	3.306085E1	1.925102E-1
4.120000E1	3.310192E1	2.008747E-1
4.123333E1	3.309396E1	2.142376E-1
4.126667E1	3.308174E1	2.434350E-1
4.130000E1	3.307077E1	2.575798E-1
4.133333E1	3.292534E1	3.420290E-1
4.136667E1	3.282622E1	3.380710E-1
4.140000E1	3.279017E1	3.135255E-1
4.143333E1	3.272473E1	2.381837E-1
4.146667E1	3.270854E1	2.149148E-1
4.150000E1	3.277931E1	2.176799E-1
4.153333E1	3.287442E1	2.162677E-1
4.156667E1	3.293157E1	2.159886E-1
4.160000E1	3.317721E1	2.187533E-1
4.163333E1	3.326059E1	2.220853E-1
4.166667E1	3.340306E1	1.968756E-1
4.170000E1	3.344033E1	2.043648E-1
4.173333E1	3.344815E1	2.140882E-1
4.176667E1	3.344164E1	2.428104E-1
4.180000E1	3.343045E1	2.616240E-1
4.183333E1	3.331919E1	3.288414E-1
4.186667E1	3.318131E1	3.318383E-1
4.190000E1	3.315212E1	3.249979E-1
4.193333E1	3.309847E1	2.646682E-1
4.196667E1	3.304978E1	2.421323E-1
4.200000E1	3.309676E1	2.243387E-1
4.203333E1	3.321864E1	2.254239E-1
4.206667E1	3.326366E1	2.220180E-1
4.210000E1	3.347169E1	2.201290E-1
4.213333E1	3.362970E1	2.260591E-1
4.216667E1	3.373339E1	1.947689E-1
4.220000E1	3.380121E1	2.070578E-1
4.223333E1	3.380362E1	2.102799E-1
4.226667E1	3.380014E1	2.441063E-1
4.230000E1	3.379222E1	2.574184E-1
4.233333E1	3.369406E1	3.224668E-1
4.236667E1	3.357993E1	2.956411E-1
4.240000E1	3.356141E1	2.786196E-1
4.243333E1	3.351517E1	2.177233E-1
4.246667E1	3.349217E1	1.831393E-1
4.250000E1	3.354228E1	1.882993E-1
4.253333E1	3.369724E1	2.101134E-1
4.256667E1	3.375008E1	2.049812E-1
4.260000E1	3.393971E1	2.140617E-1
4.263333E1	3.411304E1	2.177844E-1
4.266667E1	3.419679E1	1.967696E-1
4.270000E1	3.430698E1	2.079831E-1
4.273333E1	3.431548E1	2.096760E-1
4.276667E1	3.431403E1	2.389873E-1
4.280000E1	3.429936E1	2.503490E-1
4.283333E1	3.422963E1	2.956915E-1
4.286667E1	3.412477E1	2.909627E-1
4.290000E1	3.411862E1	2.664402E-1
4.293333E1	3.408382E1	1.987408E-1
4.296667E1	3.405779E1	1.697234E-1
4.300000E1	3.410526E1	1.527121E-1
4.303333E1	3.423774E1	1.532758E-1
4.306667E1	3.429091E1	1.531017E-1
4.310000E1	3.449277E1	1.488554E-1
4.313333E1	3.465621E1	1.561596E-1
4.316667E1	3.477439E1	1.333662E-1
4.320000E1	3.486820E1	1.385760E-1
4.323333E1	3.488958E1	1.398728E-1
4.326667E1	3.490044E1	1.595706E-1
4.330000E1	3.488456E1	1.790078E-1
4.333333E1	3.482393E1	2.350160E-1
4.336667E1	3.470957E1	2.286079E-1
4.340000E1	3.470174E1	1.981836E-1
4.343333E1	3.468641E1	1.452896E-1
4.346667E1	3.465147E1	1.046527E-1
4.350000E1	3.469395E1	8.293626E-2
4.353333E1	3.485030E1	8.228661E-2
4.356667E1	3.489685E1	7.448373E-2
4.360000E1	3.509686E1	7.669702E-2
4.363333E1	3.527671E1	9.175161E-2
4.366667E1	3.539443E1	6.710792E-2
4.370000E1	3.549171E1	7.218644E-2
4.373333E1	3.551663E1	7.223752E-2
4.376667E1	3.552768E1	9.560700E-2
4.380000E1	3.552578E1	1.233647E-1
4.383333E1	3.546533E1	1.885193E-1
4.386667E1	3.534691E1	2.086884E-1
4.390000E1	3.534675E1	1.844013E-1
4.393333E1	3.531783E1	1.303380E-1
4.396667E1	3.528436E1	9.352990E-2
4.400000E1	3.532605E1	7.353049E-2
4.403333E1	3.545276E1	7.965317E-2
4.406667E1	3.552578E1	7.707687E-2
4.410000E1	3.570698E1	7.775394E-2
4.413333E1	3.586071E1	8.898902E-2
4.416667E1	3.598729E1	6.905916E-2
4.420000E1	3.608363E1	7.189769E-2
4.423333E1	3.610333E1	7.275870E-2
4.426667E1	3.611377E1	9.983464E-2
4.430000E1	3.611178E1	1.273749E-1
4.433333E1	3.605408E1	1.976720E-1
4.436667E1	3.595396E1	2.161842E-1
4.440000E1	3.593965E1	1.951329E-1
4.443333E1	3.589918E1	1.415996E-1
4.446667E1	3.586107E1	1.022566E-1
4.450000E1	3.590120E1	8.087384E-2
4.453333E1	3.602708E1	8.394458E-2
4.456667E1	3.607644E1	8.036706E-2
4.460000E1	3.626855E1	7.893350E-2
4.463333E1	3.643787E1	8.998992E-2
4.466667E1	3.655912E1	7.172045E-2
4.470000E1	3.664581E1	7.675846E-2
4.473333E1	3.667352E1	7.545993E-2
4.476667E1	3.669657E1	1.194658E-1
4.480000E1	3.667890E1	1.569874E-1
4.483333E1	3.660406E1	2.081071E-1
4.486667E1	3.648996E1	2.143059E-1
4.490000E1	3.649220E1	2.039473E-1
4.493333E1	3.644388E1	1.308162E-1
4.496667E1	3.643530E1	1.101021E-1
4.500000E1	3.646768E1	1.074690E-1
4.503333E1	3.660057E1	1.101458E-1
4.506667E1	3.664694E1	1.326405E-1
4.510000E1	3.684211E1	1.407372E-1
4.513333E1	3.699228E1	1.477349E-1
4.516667E1	3.709209E1	1.289033E-1
4.520000E1	3.718634E1	1.363210E-1
4.523333E1	3.718890E1	1.393147E-1
4.526667E1	3.719704E1	1.725555E-1
4.530000E1	3.718898E1	1.840547E-1
4.533333E1	3.713134E1	2.656286E-1
4.536667E1	3.703018E1	2.748266E-1
4.540000E1	3.701840E1	2.641881E-1
4.543333E1	3.699459E1	2.126244E-1
4.546667E1	3.699532E1	1.817266E-1
4.550000E1	3.702951E1	1.879571E-1
4.553333E1	3.716267E1	2.117202E-1
4.556667E1	3.719895E1	2.098725E-1
4.560000E1	3.738785E1	2.146900E-1
4.563333E1	3.756641E1	2.234222E-1
4.566667E1	3.768064E1	2.042595E-1
4.570000E1	3.776804E1	2.065839E-1
4.573333E1	3.777422E1	2.094790E-1
4.576667E1	3.779834E1	2.446921E-1
4.580000E1	3.780202E1	2.509861E-1
4.583333E1	3.774020E1	3.042090E-1
4.586667E1	3.765474E1	3.113093E-1
4.590000E1	3.764662E1	2.811602E-1
4.593333E1	3.761195E1	2.168896E-1
4.596667E1	3.759284E1	1.879935E-1
4.600000E1	3.762827E1	1.884174E-1
4.603333E1	3.775536E1	2.131287E-1
4.606667E1	3.781040E1	2.142330E-1
4.610000E1	3.800961E1	2.172102E-1
4.613333E1	3.816745E1	2.282378E-1
4.616667E1	3.828748E1	2.105606E-1
4.620000E1	3.838768E1	2.082769E-1
4.623333E1	3.841228E1	2.091821E-1
4.626667E1	3.843583E1	2.380604E-1
4.630000E1	3.844738E1	2.458848E-1
4.633333E1	3.839904E1	3.027219E-1
4.636667E1	3.830770E1	3.061408E-1
4.640000E1	3.829780E1	2.784956E-1
4.643333E1	3.826634E1	2.255268E-1
4.646667E1	3.824029E1	1.896444E-1
4.650000E1	3.829246E1	1.897093E-1
4.653333E1	3.844030E1	2.102174E-1
4.656667E1	3.848909E1	2.107742E-1
4.660000E1	3.867415E1	2.162434E-1
4.663333E1	3.885697E1	2.262284E-1
4.666667E1	3.898515E1	2.035600E-1
4.670000E1	3.905660E1	2.061197E-1
4.673333E1	3.906741E1	2.150937E-1
4.676667E1	3.911553E1	2.348751E-1
4.680000E1	3.911080E1	2.454790E-1
4.683333E1	3.904609E1	2.987018E-1
4.686667E1	3.896304E1	2.995774E-1
4.690000E1	3.895107E1	2.757564E-1
4.693333E1	3.891333E1	2.201416E-1
4.696667E1	3.889137E1	1.894061E-1
4.700000E1	3.893311E1	1.963747E-1
4.703333E1	3.908328E1	2.145306E-1
4.706667E1	3.913778E1	2.072063E-1
4.710000E1	3.930582E1	2.161820E-1
4.713333E1	3.949266E1	2.271633E-1
4.716667E1	3.958925E1	2.095506E-1
4.720000E1	3.969528E1	2.125775E-1
4.723333E1	3.970551E1	2.122918E-1
4.726667E1	3.972025E1	2.437618E-1
4.730000E1	3.973540E1	2.484247E-1
4.733333E1	3.967918E1	2.927115E-1
4.736667E1	3.959114E1	2.905739E-1
4.740000E1	3.958308E1	2.731672E-1
4.743333E1	3.954748E1	2.103342E-1
4.746667E1	3.952689E1	1.813845E-1
4.750000E1	3.957390E1	1.927603E-1
4.753333E1	3.972204E1	2.138558E-1
4.756667E1	3.978386E1	2.089707E-1
4.760000E1	3.995883E1	2.159020E-1
4.763333E1	4.012234E1	2.251230E-1
4.766667E1	4.022333E1	2.086905E-1
4.770000E1	4.034474E1	2.111389E-1
4.773333E1	4.035547E1	2.128441E-1
4.776667E1	4.038769E1	2.412781E-1
4.780000E1	4.040364E1	2.446591E-1
4.783333E1	4.035788E1	2.908214E-1
4.786667E1	4.026100E1	2.911695E-1
4.790000E1	4.025120E1	2.705289E-1
4.793333E1	4.022299E1	2.151777E-1
4.796667E1	4.022705E1	1.865982E-1
4.800000E1	4.026941E1	1.883850E-1
4.803333E1	4.040595E1	2.125662E-1
4.806667E1	4.047851E1	2.154368E-1
4.810000E1	4.065992E1	2.175126E-1
4.813333E1	4.081864E1	2.247918E-1
4.816667E1	4.094046E1	2.065110E-1
4.820000E1	4.105410E1	2.079133E-1
4.823333E1	4.106585E1	2.098107E-1
4.826667E1	4.109870E1	2.418334E-1
4.830000E1	4.112269E1	2.444842E-1
4.833333E1	4.107503E1	2.927062E-1
4.836667E1	4.098388E1	2.883274E-1
4.840000E1	4.097171E1	2.693357E-1
4.843333E1	4.093433E1	2.198886E-1
4.846667E1	4.094505E1	1.901602E-1
4.850000E1	4.098455E1	1.830819E-1
4.853333E1	4.112202E1	2.113510E-1
4.856667E1	4.116406E1	2.120988E-1
4.860000E1	4.137165E1	2.164211E-1
4.863333E1	4.152588E1	2.194302E-1
4.866667E1	4.165226E1	2.086715E-1
4.870000E1	4.174804E1	2.125054E-1
4.873333E1	4.177419E1	2.128157E-1
4.876667E1	4.180881E1	2.380506E-1
4.880000E1	4.182545E1	2.451341E-1
4.883333E1	4.178060E1	2.909812E-1
4.886667E1	4.169944E1	2.962398E-1
4.890000E1	4.168069E1	2.767267E-1
4.893333E1	4.164563E1	2.067417E-1
4.896667E1	4.162225E1	1.866364E-1
4.900000E1	4.165010E1	1.837330E-1
4.903333E1	4.176674E1	2.136038E-1
4.906667E1	4.181290E1	2.161858E-1
4.910000E1	4.200808E1	2.160613E-1
4.913333E1	4.215537E1	2.306960E-1
4.916667E1	4.225832E1	2.155070E-1
4.920000E1	4.234730E1	2.137866E-1
4.923333E1	4.235922E1	2.111839E-1
4.926667E1	4.238007E1	2.385414E-1
4.930000E1	4.239827E1	2.451717E-1
4.933333E1	4.234066E1	2.966612E-1
4.936667E1	4.224790E1	3.029160E-1
4.940000E1	4.223687E1	2.802794E-1
4.943333E1	4.218004E1	2.353777E-1
4.946667E1	4.216906E1	1.912008E-1
4.950000E1	4.219881E1	1.947201E-1
4.953333E1	4.231217E1	2.165821E-1
4.956667E1	4.236721E1	2.109641E-1
4.960000E1	4.250527E1	2.147583E-1
4.963333E1	4.263972E1	2.197093E-1
4.966667E1	4.273430E1	2.148108E-1
4.970000E1	4.279625E1	2.182672E-1
4.973333E1	4.279112E1	2.185758E-1
4.976667E1	4.279078E1	2.396983E-1
4.980000E1	4.277522E1	2.496459E-1
4.983333E1	4.271808E1	3.001123E-1
4.986667E1	4.259996E1	2.953112E-1
4.990000E1	4.258761E1	2.774354E-1
4.993333E1	4.249993E1	2.300910E-1
4.996667E1	4.247526E1	1.930572E-1
5.000000E1	4.248403E1	2.003679E-1
5.003333E1	4.259193E1	2.220864E-1
5.006667E1	4.264386E1	2.135588E-1
5.010000E1	4.277834E1	2.177010E-1
5.013333E1	4.290020E1	2.299516E-1
5.016667E1	4.299084E1	2.121260E-1
5.020000E1	4.302367E1	2.145203E-1
5.023333E1	4.304775E1	2.182617E-1
5.026667E1	4.306423E1	2.280079E-1
5.030000E1	4.305427E1	2.343898E-1
5.033333E1	4.297668E1	3.277106E-1
5.036667E1	4.289277E1	3.526616E-1
5.040000E1	4.287987E1	3.439168E-1
5.043333E1	4.276198E1	2.846860E-1
5.046667E1	4.272270E1	2.265729E-1
5.050000E1	4.274415E1	2.348179E-1
5.053333E1	4.281616E1	2.306668E-1
5.056667E1	4.289344E1	2.251537E-1
5.060000E1	4.308117E1	2.235590E-1
5.063333E1	4.314327E1	2.286984E-1
5.066667E1	4.322960E1	2.119737E-1
5.070000E1	4.328173E1	2.203470E-1
5.073333E1	4.328671E1	2.248479E-1
5.076667E1	4.327611E1	2.438938E-1
5.080000E1	4.327265E1	2.584120E-1
5.083333E1	4.314338E1	3.302673E-1
5.086667E1	4.306439E1	3.239389E-1
5.090000E1	4.299753E1	2.912012E-1
5.093333E1	4.291948E1	2.471622E-1
5.096667E1	4.290319E1	2.200186E-1
5.100000E1	4.292643E1	2.173876E-1
5.103333E1	4.299718E1	2.269158E-1
5.106667E1	4.307271E1	2.232903E-1
5.110000E1	4.325401E1	2.270490E-1
5.113333E1	4.332862E1	2.307590E-1
5.116667E1	4.342289E1	2.058079E-1
5.120000E1	4.346261E1	2.247451E-1
5.123333E1	4.348534E1	2.219029E-1
5.126667E1	4.348896E1	2.371144E-1
5.130000E1	4.349021E1	2.519683E-1
5.133333E1	4.338025E1	3.354301E-1
5.136667E1	4.332336E1	3.226965E-1
5.140000E1	4.330289E1	2.793274E-1
5.143333E1	4.321991E1	2.261161E-1
5.146667E1	4.319565E1	1.969268E-1
5.150000E1	4.323553E1	2.207112E-1
5.153333E1	4.333410E1	2.205698E-1
5.156667E1	4.341163E1	2.219997E-1
5.160000E1	4.359961E1	2.272920E-1
5.163333E1	4.367998E1	2.278701E-1
5.166667E1	4.378254E1	1.994447E-1
5.170000E1	4.381132E1	2.175229E-1
5.173333E1	4.383967E1	2.203112E-1
5.176667E1	4.384916E1	2.430445E-1
5.180000E1	4.384701E1	2.558214E-1
5.183333E1	4.372080E1	3.151568E-1
5.186667E1	4.365461E1	2.786038E-1
5.190000E1	4.361402E1	2.624876E-1
5.193333E1	4.353796E1	2.048514E-1
5.196667E1	4.353157E1	2.010925E-1
5.200000E1	4.358233E1	2.074502E-1
5.203333E1	4.365359E1	2.215457E-1
5.206667E1	4.373218E1	2.208933E-1
5.210000E1	4.392460E1	2.232601E-1
5.213333E1	4.397486E1	2.247536E-1
5.216667E1	4.409326E1	2.049983E-1
5.220000E1	4.413896E1	2.134805E-1
5.223333E1	4.414903E1	2.157758E-1
5.226667E1	4.414654E1	2.350180E-1
5.230000E1	4.412902E1	2.482166E-1
5.233333E1	4.401308E1	2.915313E-1
5.236667E1	4.395160E1	2.774414E-1
5.240000E1	4.390491E1	2.391396E-1
5.243333E1	4.385531E1	1.875733E-1
5.246667E1	4.383710E1	1.807948E-1
5.250000E1	4.387581E1	2.069148E-1
5.253333E1	4.397011E1	2.141767E-1
5.256667E1	4.405352E1	2.199876E-1
5.260000E1	4.424676E1	2.230941E-1
5.263333E1	4.432792E1	2.239271E-1
5.266667E1	4.443684E1	1.968501E-1
5.270000E1	4.446479E1	2.194272E-1
5.273333E1	4.449108E1	2.187859E-1
5.276667E1	4.449583E1	2.395420E-1
5.280000E1	4.448085E1	2.446793E-1
5.283333E1	4.436675E1	2.847694E-1
5.286667E1	4.429614E1	2.607291E-1
5.290000E1	4.422178E1	2.258523E-1
5.293333E1	4.417174E1	1.919020E-1
5.296667E1	4.414475E1	1.692199E-1
5.300000E1	4.417967E1	1.667946E-1
5.303333E1	4.426037E1	1.628225E-1
5.306667E1	4.433417E1	1.553926E-1
5.310000E1	4.452463E1	1.567761E-1
5.313333E1	4.460683E1	1.603178E-1
5.316667E1	4.471708E1	1.338136E-1
5.320000E1	4.473512E1	1.473352E-1
5.323333E1	4.473585E1	1.488189E-1
5.326667E1	4.472220E1	1.738664E-1
5.330000E1	4.470863E1	1.779051E-1
5.333333E1	4.457681E1	2.093637E-1
5.336667E1	4.450871E1	1.971686E-1
5.340000E1	4.444129E1	1.532102E-1
5.343333E1	4.439114E1	1.257782E-1
5.346667E1	4.438390E1	1.248320E-1
5.350000E1	4.442016E1	1.317030E-1
5.353333E1	4.449229E1	1.376529E-1
5.356667E1	4.458838E1	1.415173E-1
5.360000E1	4.474698E1	1.493955E-1
5.363333E1	4.482523E1	1.563667E-1
5.366667E1	4.493220E1	1.280442E-1
5.370000E1	4.495452E1	1.474217E-1
5.373333E1	4.498190E1	1.501507E-1
5.376667E1	4.498579E1	1.773185E-1
5.380000E1	4.499363E1	1.829170E-1
5.383333E1	4.485980E1	2.516647E-1
5.386667E1	4.477251E1	2.484310E-1
5.390000E1	4.473035E1	1.916094E-1
5.393333E1	4.465415E1	1.545434E-1
5.396667E1	4.462729E1	1.386583E-1
5.400000E1	4.466412E1	1.317645E-1
5.403333E1	4.471611E1	1.494129E-1
5.406667E1	4.481301E1	1.502631E-1
5.410000E1	4.500289E1	1.497226E-1
5.413333E1	4.504921E1	1.578743E-1
5.416667E1	4.514971E1	1.306528E-1
5.420000E1	4.517379E1	1.529927E-1
5.423333E1	4.519772E1	1.568331E-1
5.426667E1	4.519620E1	1.736604E-1
5.430000E1	4.518885E1	1.782751E-1
5.433333E1	4.506875E1	2.402957E-1
5.436667E1	4.500168E1	2.009906E-1
5.440000E1	4.493429E1	1.571976E-1
5.443333E1	4.487293E1	1.155678E-1
5.446667E1	4.484316E1	1.191712E-1
5.450000E1	4.487637E1	1.243502E-1
5.453333E1	4.493420E1	1.368204E-1
5.456667E1	4.502144E1	1.461596E-1
5.460000E1	4.519398E1	1.534087E-1
5.463333E1	4.526791E1	1.590263E-1
5.466667E1	4.536281E1	1.311011E-1
5.470000E1	4.539659E1	1.466729E-1
5.473333E1	4.542070E1	1.522736E-1
5.476667E1	4.543092E1	1.823130E-1
5.480000E1	4.541688E1	2.136799E-1
5.483333E1	4.529761E1	2.698429E-1
5.486667E1	4.523128E1	2.555891E-1
5.490000E1	4.515987E1	2.131008E-1
5.493333E1	4.508193E1	1.691803E-1
5.496667E1	4.505755E1	1.420092E-1
5.500000E1	4.510892E1	1.500522E-1
5.503333E1	4.519094E1	1.514153E-1
5.506667E1	4.527014E1	1.521047E-1
5.510000E1	4.547331E1	1.524540E-1
5.513333E1	4.554141E1	1.615010E-1
5.516667E1	4.566769E1	1.344992E-1
5.520000E1	4.569194E1	1.518193E-1
5.523333E1	4.571200E1	1.507683E-1
5.526667E1	4.572011E1	1.776900E-1
5.530000E1	4.571806E1	1.815515E-1
5.533333E1	4.559477E1	2.579601E-1
5.536667E1	4.552776E1	2.746700E-1
5.540000E1	4.549284E1	2.282968E-1
5.543333E1	4.542311E1	1.738068E-1
5.546667E1	4.540875E1	1.428525E-1
5.550000E1	4.545109E1	1.347859E-1
5.553333E1	4.545773E1	1.537297E-1
5.556667E1	4.556718E1	1.467006E-1
5.560000E1	4.582130E1	1.578676E-1
5.563333E1	4.589634E1	1.617327E-1
5.566667E1	4.601237E1	1.282874E-1
5.570000E1	4.604952E1	1.473809E-1
5.573333E1	4.607179E1	1.470086E-1
5.576667E1	4.607823E1	1.650714E-1
5.580000E1	4.607164E1	1.774628E-1
5.583333E1	4.594826E1	2.247495E-1
5.586667E1	4.589097E1	2.175660E-1
5.590000E1	4.585339E1	1.768382E-1
5.593333E1	4.578834E1	1.222371E-1
5.596667E1	4.577182E1	1.151502E-1
5.600000E1	4.581779E1	1.309137E-1
5.603333E1	4.591034E1	1.474579E-1
5.606667E1	4.601218E1	1.424954E-1
5.610000E1	4.621061E1	1.445833E-1
5.613333E1	4.627583E1	1.427748E-1
5.616667E1	4.640422E1	1.296629E-1
5.620000E1	4.644915E1	1.391274E-1
5.623333E1	4.645411E1	1.418618E-1
5.626667E1	4.646609E1	1.705140E-1
5.630000E1	4.648988E1	1.791818E-1
5.633333E1	4.640493E1	2.418256E-1
5.636667E1	4.634900E1	2.061494E-1
5.640000E1	4.633017E1	1.857670E-1
5.643333E1	4.627846E1	1.401394E-1
5.646667E1	4.626343E1	1.281771E-1
5.650000E1	4.632360E1	1.398080E-1
5.653333E1	4.641843E1	1.466499E-1
5.656667E1	4.651129E1	1.462459E-1
5.660000E1	4.671268E1	1.566145E-1
5.663333E1	4.678683E1	1.656289E-1
5.666667E1	4.690998E1	1.458010E-1
5.670000E1	4.696015E1	1.481567E-1
5.673333E1	4.697686E1	1.564207E-1
5.676667E1	4.701072E1	1.713791E-1
5.680000E1	4.701768E1	1.802850E-1
5.683333E1	4.692822E1	2.514502E-1
5.686667E1	4.685409E1	2.469651E-1
5.690000E1	4.683916E1	2.059821E-1
5.693333E1	4.678644E1	1.593096E-1
5.696667E1	4.678133E1	1.408664E-1
5.700000E1	4.683584E1	1.414553E-1
5.703333E1	4.692126E1	1.506685E-1
5.706667E1	4.702580E1	1.475504E-1
5.710000E1	4.722756E1	1.473681E-1
5.713333E1	4.730839E1	1.512797E-1
5.716667E1	4.743534E1	1.315647E-1
5.720000E1	4.748559E1	1.470162E-1
5.723333E1	4.751554E1	1.443786E-1
5.726667E1	4.754760E1	1.728332E-1
5.730000E1	4.757832E1	1.844463E-1
5.733333E1	4.750603E1	2.587245E-1
5.736667E1	4.743678E1	2.476618E-1
5.740000E1	4.741765E1	2.020547E-1
5.743333E1	4.735698E1	1.630539E-1
5.746667E1	4.734589E1	1.387099E-1
5.750000E1	4.740809E1	1.464796E-1
5.753333E1	4.750739E1	1.447622E-1
5.756667E1	4.759865E1	1.488656E-1
5.760000E1	4.779353E1	1.578375E-1
5.763333E1	4.784958E1	1.589399E-1
5.766667E1	4.797336E1	1.483461E-1
5.770000E1	4.803228E1	1.461908E-1
5.773333E1	4.803489E1	1.463605E-1
5.776667E1	4.806442E1	1.867909E-1
5.780000E1	4.806736E1	2.223468E-1
5.783333E1	4.795979E1	2.630664E-1
5.786667E1	4.789638E1	2.747615E-1
5.790000E1	4.786274E1	2.407705E-1
5.793333E1	4.779075E1	1.783023E-1
5.796667E1	4.776939E1	1.497289E-1
5.800000E1	4.780320E1	1.450950E-1
5.803333E1	4.786488E1	1.495152E-1
5.806667E1	4.793189E1	1.546011E-1
5.810000E1	4.810454E1	1.539501E-1
5.813333E1	4.816851E1	1.656409E-1
5.816667E1	4.824591E1	1.380273E-1
5.820000E1	4.825629E1	1.537182E-1
5.823333E1	4.827880E1	1.511288E-1
5.826667E1	4.829146E1	1.796214E-1
5.830000E1	4.828065E1	2.181132E-1
5.833333E1	4.815202E1	2.717037E-1
5.836667E1	4.805886E1	2.720478E-1
5.840000E1	4.800554E1	2.447689E-1
5.843333E1	4.792296E1	1.992620E-1
5.846667E1	4.788182E1	1.721593E-1
5.850000E1	4.787151E1	1.568787E-1
5.853333E1	4.793310E1	1.732845E-1
5.856667E1	4.798992E1	1.638062E-1
5.860000E1	4.814646E1	1.554816E-1
5.863333E1	4.823778E1	1.649776E-1
5.866667E1	4.828390E1	1.527899E-1
5.870000E1	4.830546E1	1.497612E-1
5.873333E1	4.829775E1	1.492473E-1
5.876667E1	4.827810E1	1.798811E-1
5.880000E1	4.826444E1	2.305619E-1
5.883333E1	4.816463E1	2.634316E-1
5.886667E1	4.799920E1	2.721093E-1
5.890000E1	4.797618E1	2.705104E-1
5.893333E1	4.787351E1	2.526942E-1
5.896667E1	4.781253E1	2.144156E-1
5.900000E1	4.778266E1	2.196263E-1
5.903333E1	4.783659E1	2.435322E-1
5.906667E1	4.789919E1	2.328185E-1
5.910000E1	4.805852E1	2.300477E-1
5.913333E1	4.812949E1	2.356482E-1
5.916667E1	4.818289E1	2.182632E-1
5.920000E1	4.820858E1	2.145926E-1
5.923333E1	4.821161E1	2.184926E-1
5.926667E1	4.819570E1	2.550406E-1
5.930000E1	4.816987E1	2.884076E-1
5.933333E1	4.805318E1	3.345932E-1
5.936667E1	4.788511E1	3.241248E-1
5.940000E1	4.784552E1	3.301990E-1
5.943333E1	4.772869E1	2.935689E-1
5.946667E1	4.768990E1	2.734189E-1
5.950000E1	4.769198E1	2.828460E-1
5.953333E1	4.772570E1	2.921501E-1
5.956667E1	4.779645E1	2.907127E-1
5.960000E1	4.791964E1	2.962953E-1
5.963333E1	4.799701E1	3.014995E-1
5.966667E1	4.803614E1	2.784782E-1
5.970000E1	4.803184E1	2.836381E-1
5.973333E1	4.801671E1	2.858415E-1
5.976667E1	4.798544E1	3.069295E-1
5.980000E1	4.797272E1	3.266884E-1
5.983333E1	4.787108E1	3.788110E-1
5.986667E1	4.769365E1	3.445674E-1
5.990000E1	4.768081E1	3.451471E-1
5.993333E1	4.755394E1	3.070768E-1
5.996667E1	4.753466E1	2.688782E-1
6.000000E1	4.753970E1	2.720243E-1
6.003333E1	4.758605E1	2.919304E-1
6.006667E1	4.765654E1	2.954435E-1
6.010000E1	4.779543E1	2.975714E-1
6.013333E1	4.785693E1	2.989283E-1
6.016667E1	4.790989E1	2.810230E-1
6.020000E1	4.793042E1	2.822895E-1
6.023333E1	4.793012E1	2.840703E-1
6.026667E1	4.790732E1	3.102622E-1
6.030000E1	4.790125E1	3.249475E-1
6.033333E1	4.778905E1	3.765782E-1
6.036667E1	4.761821E1	3.469093E-1
6.040000E1	4.760529E1	3.282103E-1
6.043333E1	4.746549E1	3.021285E-1
6.046667E1	4.741112E1	2.553048E-1
6.050000E1	4.741826E1	2.637732E-1
6.053333E1	4.748108E1	2.881137E-1
6.056667E1	4.751794E1	2.831873E-1
6.060000E1	4.762264E1	2.849997E-1
6.063333E1	4.778794E1	2.981128E-1
6.066667E1	4.783578E1	2.847832E-1
6.070000E1	4.788347E1	2.821436E-1
6.073333E1	4.787542E1	2.842941E-1
6.076667E1	4.784903E1	3.044584E-1
6.080000E1	4.782448E1	3.177439E-1
6.083333E1	4.770866E1	3.223044E-1
6.086667E1	4.754517E1	3.009054E-1
6.090000E1	4.751252E1	2.789983E-1
6.093333E1	4.740675E1	2.551679E-1
6.096667E1	4.735481E1	2.010417E-1
6.100000E1	4.735544E1	2.081322E-1
6.103333E1	4.743019E1	2.273220E-1
6.106667E1	4.748772E1	2.222669E-1
6.110000E1	4.764449E1	2.209411E-1
6.113333E1	4.775715E1	2.319389E-1
6.116667E1	4.782118E1	2.103997E-1
6.120000E1	4.784989E1	2.135803E-1
6.123333E1	4.785575E1	2.148261E-1
6.126667E1	4.783405E1	2.417030E-1
6.130000E1	4.781818E1	2.418479E-1
6.133333E1	4.769075E1	2.706190E-1
6.136667E1	4.752901E1	2.592414E-1
6.140000E1	4.745839E1	2.364008E-1
6.143333E1	4.734651E1	1.902077E-1
6.146667E1	4.729105E1	1.589377E-1
6.150000E1	4.729117E1	1.471364E-1
6.153333E1	4.736592E1	1.599083E-1
6.156667E1	4.742216E1	1.553118E-1
6.160000E1	4.758725E1	1.523762E-1
6.163333E1	4.768937E1	1.573030E-1
6.166667E1	4.775430E1	1.461119E-1
6.170000E1	4.780418E1	1.375753E-1
6.173333E1	4.779824E1	1.419407E-1
6.176667E1	4.776393E1	1.783739E-1
6.180000E1	4.776132E1	1.829260E-1
6.183333E1	4.764195E1	2.402035E-1
6.186667E1	4.747578E1	2.206577E-1
6.190000E1	4.745572E1	1.963143E-1
6.193333E1	4.731945E1	1.414289E-1
6.196667E1	4.728380E1	1.148963E-1
6.200000E1	4.727619E1	1.169729E-1
6.203333E1	4.735585E1	1.382703E-1
6.206667E1	4.740077E1	1.494607E-1
6.210000E1	4.758708E1	1.490717E-1
6.213333E1	4.772133E1	1.581022E-1
6.216667E1	4.782775E1	1.535225E-1
6.220000E1	4.792678E1	1.434505E-1
6.223333E1	4.793602E1	1.467594E-1
6.226667E1	4.792983E1	1.702974E-1
6.230000E1	4.791644E1	1.765040E-1
6.233333E1	4.786853E1	2.085176E-1
6.236667E1	4.776346E1	2.485397E-1
6.240000E1	4.774823E1	2.101483E-1
6.243333E1	4.766027E1	1.704733E-1
6.246667E1	4.763684E1	1.367205E-1
6.250000E1	4.757382E1	8.936593E-2
6.253333E1	4.755952E1	5.922175E-2
