	masse A		
t	x	y	
0.000000E0	-4.749518E-3	3.552714E-15
3.333333E-2	-1.194464E-2	1.892046E-3
6.666667E-2	-1.077841E-2	-2.733016E-3
1.000000E-1	-2.249407E-2	-1.618310E-3
1.333333E-1	-2.907659E-2	1.054106E-5
1.666667E-1	-1.462901E-1	-1.681738E-2
2.000000E-1	-2.310882E-1	-1.841746E-2
2.333333E-1	-2.821830E-1	-1.551057E-2
2.666667E-1	-4.380349E-1	-2.780792E-2
3.000000E-1	-4.897062E-1	-2.030984E-2
3.333333E-1	-6.871386E-1	-2.778605E-2
3.666667E-1	-8.449517E-1	-5.038526E-2
4.000000E-1	-8.646338E-1	-8.108540E-2
4.333333E-1	-8.685045E-1	-1.004281E-1
4.666667E-1	-8.597013E-1	-9.529785E-2
5.000000E-1	-7.198882E-1	-7.246645E-2
5.333333E-1	-5.901877E-1	-5.803717E-2
5.666667E-1	-4.428086E-1	-2.203709E-2
6.000000E-1	-1.809629E-1	1.615682E-3
6.333333E-1	-1.183858E-1	-9.908752E-3
6.666667E-1	1.398615E-1	-4.870274E-2
7.000000E-1	2.618866E-1	-7.878064E-2
7.333333E-1	2.985632E-1	-6.511615E-2
7.666667E-1	3.746890E-1	-1.359321E-2
8.000000E-1	3.695198E-1	-1.330011E-3
8.333333E-1	3.305890E-1	1.029774E-1
8.666667E-1	2.792848E-1	1.749235E-1
9.000000E-1	2.433566E-1	1.525249E-1
9.333333E-1	6.825609E-2	1.319172E-1
9.666667E-1	4.960523E-2	1.159864E-1
1.000000E0	-5.653197E-2	-3.429980E-2
1.033333E0	-8.666530E-2	-1.131404E-1
1.066667E0	-7.114101E-2	-1.272981E-1
1.100000E0	-2.376565E-2	-1.276644E-1
1.133333E0	5.207283E-2	-1.088851E-1
1.166667E0	2.643898E-1	6.223950E-3
1.200000E0	3.556252E-1	1.118557E-2
1.233333E0	3.756040E-1	-5.396269E-4
1.266667E0	4.045687E-1	-1.404985E-2
1.300000E0	4.205079E-1	-1.423783E-2
1.333333E0	4.036842E-1	-2.207444E-2
1.366667E0	3.151589E-1	-3.940372E-3
1.400000E0	2.646649E-1	9.239233E-3
1.433333E0	1.603910E-1	1.097580E-2
1.466667E0	1.389157E-1	-4.916467E-3
1.500000E0	1.102581E-1	-5.081932E-2
1.533333E0	1.374891E-1	-7.175581E-2
1.566667E0	1.543162E-1	-7.708281E-2
1.600000E0	2.453324E-1	-7.943023E-2
1.633333E0	4.673573E-1	-6.633311E-2
1.666667E0	5.962262E-1	-5.585372E-2
1.700000E0	6.878199E-1	-7.081325E-2
1.733333E0	7.027434E-1	-6.514962E-2
1.766667E0	7.028168E-1	-5.014813E-2
1.800000E0	6.988003E-1	-4.759779E-2
1.833333E0	6.607894E-1	1.624416E-2
1.866667E0	4.726074E-1	9.752822E-2
1.900000E0	4.314314E-1	7.340436E-2
1.933333E0	2.884119E-1	1.437607E-2
1.966667E0	2.513284E-1	-3.742301E-2
2.000000E0	1.967355E-1	-1.040713E-1
2.033333E0	2.150094E-1	-1.119157E-1
2.066667E0	2.450241E-1	-1.193527E-1
2.100000E0	3.671771E-1	-1.014099E-1
2.133333E0	5.229772E-1	-2.076916E-2
2.166667E0	6.365125E-1	2.913822E-2
2.200000E0	7.307593E-1	1.936712E-3
2.233333E0	7.291260E-1	1.891984E-3
2.266667E0	7.229729E-1	6.550083E-3
2.300000E0	7.165977E-1	6.844061E-3
2.333333E0	6.795902E-1	3.449009E-2
2.366667E0	5.403643E-1	1.185657E-1
2.400000E0	5.393065E-1	1.292769E-1
2.433333E0	4.500569E-1	1.183104E-1
2.466667E0	3.045086E-1	2.195778E-2
2.500000E0	2.575337E-1	-4.889800E-3
2.533333E0	2.821923E-1	-1.260926E-2
2.566667E0	2.980022E-1	-9.520742E-3
2.600000E0	3.913566E-1	1.679742E-2
2.633333E0	5.669382E-1	5.419151E-2
2.666667E0	6.986486E-1	1.106115E-1
2.700000E0	7.592107E-1	8.980494E-2
2.733333E0	7.830643E-1	8.195538E-2
2.766667E0	7.830091E-1	8.527833E-2
2.800000E0	7.737342E-1	8.526804E-2
2.833333E0	7.294015E-1	1.320119E-1
2.866667E0	5.911647E-1	2.236455E-1
2.900000E0	5.598978E-1	2.107267E-1
2.933333E0	4.403025E-1	1.591862E-1
2.966667E0	3.738489E-1	8.820119E-2
3.000000E0	3.134677E-1	3.974664E-2
3.033333E0	3.351016E-1	5.309991E-2
3.066667E0	3.855835E-1	6.444591E-2
3.100000E0	4.937715E-1	7.448571E-2
3.133333E0	6.848107E-1	1.425627E-1
3.166667E0	8.463511E-1	1.633992E-1
3.200000E0	9.832748E-1	1.301219E-1
3.233333E0	1.004865E0	1.348042E-1
3.266667E0	1.029255E0	1.370641E-1
3.300000E0	1.030890E0	1.398186E-1
3.333333E0	1.013235E0	1.735532E-1
3.366667E0	9.005630E-1	2.677285E-1
3.400000E0	8.873156E-1	2.653249E-1
3.433333E0	8.015527E-1	1.713327E-1
3.466667E0	7.642015E-1	1.411871E-1
3.500000E0	7.527687E-1	1.126054E-1
3.533333E0	8.406903E-1	1.158794E-1
3.566667E0	8.995824E-1	1.327623E-1
3.600000E0	1.107842E0	1.478824E-1
3.633333E0	1.216393E0	1.647174E-1
3.666667E0	1.373901E0	1.661358E-1
3.700000E0	1.535547E0	1.322052E-1
3.733333E0	1.557094E0	1.431505E-1
3.766667E0	1.637527E0	1.456383E-1
3.800000E0	1.661762E0	1.431389E-1
3.833333E0	1.661983E0	1.641070E-1
3.866667E0	1.593142E0	2.701331E-1
3.900000E0	1.561932E0	2.712364E-1
3.933333E0	1.511759E0	1.714261E-1
3.966667E0	1.485703E0	1.426010E-1
4.000000E0	1.487448E0	1.107737E-1
4.033333E0	1.571182E0	1.063855E-1
4.066667E0	1.615989E0	9.977990E-2
4.100000E0	1.789980E0	9.152633E-2
4.133333E0	1.964050E0	1.200179E-1
4.166667E0	2.130444E0	1.599835E-1
4.200000E0	2.314780E0	1.245206E-1
4.233333E0	2.337258E0	1.298401E-1
4.266667E0	2.436292E0	1.405939E-1
4.300000E0	2.461735E0	1.415341E-1
4.333333E0	2.468089E0	1.581371E-1
4.366667E0	2.413484E0	2.655420E-1
4.400000E0	2.405669E0	2.743612E-1
4.433333E0	2.341193E0	2.165615E-1
4.466667E0	2.340065E0	1.830287E-1
4.500000E0	2.328223E0	1.378061E-1
4.533333E0	2.407837E0	1.187000E-1
4.566667E0	2.455756E0	1.240338E-1
4.600000E0	2.595211E0	1.396192E-1
4.633333E0	2.747613E0	1.530268E-1
4.666667E0	2.894580E0	1.681012E-1
4.700000E0	3.037488E0	1.403230E-1
4.733333E0	3.067476E0	1.443095E-1
4.766667E0	3.147092E0	1.481252E-1
4.800000E0	3.171416E0	1.474644E-1
4.833333E0	3.173858E0	1.636043E-1
4.866667E0	3.091525E0	2.661361E-1
4.900000E0	3.057951E0	2.758959E-1
4.933333E0	3.027349E0	2.615050E-1
4.966667E0	2.980667E0	2.167395E-1
5.000000E0	2.963439E0	1.516623E-1
5.033333E0	3.016871E0	1.282394E-1
5.066667E0	3.060435E0	1.392444E-1
5.100000E0	3.184724E0	1.370166E-1
5.133333E0	3.348223E0	1.643665E-1
5.166667E0	3.519119E0	1.732640E-1
5.200000E0	3.653021E0	1.472373E-1
5.233333E0	3.675209E0	1.458051E-1
5.266667E0	3.732994E0	1.503629E-1
5.300000E0	3.765542E0	1.548982E-1
5.333333E0	3.782561E0	1.737179E-1
5.366667E0	3.686166E0	2.666456E-1
5.400000E0	3.656186E0	2.794533E-1
5.433333E0	3.592594E0	2.701293E-1
5.466667E0	3.541879E0	2.295336E-1
5.500000E0	3.500702E0	1.654971E-1
5.533333E0	3.549786E0	1.385737E-1
5.566667E0	3.607172E0	1.422558E-1
5.600000E0	3.717377E0	1.449335E-1
5.633333E0	3.884227E0	1.561379E-1
5.666667E0	4.029067E0	1.672357E-1
5.700000E0	4.157760E0	1.411874E-1
5.733333E0	4.177111E0	1.435888E-1
5.766667E0	4.234369E0	1.510423E-1
5.800000E0	4.260183E0	1.504198E-1
5.833333E0	4.244503E0	1.743484E-1
5.866667E0	4.144182E0	2.687267E-1
5.900000E0	4.131456E0	2.805939E-1
5.933333E0	4.061314E0	2.706724E-1
5.966667E0	4.027429E0	2.449604E-1
6.000000E0	3.984586E0	1.766448E-1
6.033333E0	4.031064E0	1.417602E-1
6.066667E0	4.052516E0	1.451956E-1
6.100000E0	4.190115E0	1.446824E-1
6.133333E0	4.334032E0	1.529611E-1
6.166667E0	4.461911E0	1.632762E-1
6.200000E0	4.594464E0	1.413007E-1
6.233333E0	4.611887E0	1.424662E-1
6.266667E0	4.660597E0	1.499609E-1
6.300000E0	4.685154E0	1.483833E-1
6.333333E0	4.668932E0	1.703334E-1
6.366667E0	4.561498E0	2.653985E-1
6.400000E0	4.549365E0	2.738225E-1
6.433333E0	4.463204E0	2.641225E-1
6.466667E0	4.428056E0	2.571076E-1
6.500000E0	4.388460E0	2.017692E-1
6.533333E0	4.425764E0	1.867770E-1
6.566667E0	4.470090E0	1.955394E-1
6.600000E0	4.594652E0	2.067211E-1
6.633333E0	4.742361E0	2.119695E-1
6.666667E0	4.883866E0	2.298186E-1
6.700000E0	5.012241E0	2.104289E-1
6.733333E0	5.031841E0	2.104704E-1
6.766667E0	5.079139E0	2.138262E-1
6.800000E0	5.102461E0	2.132263E-1
6.833333E0	5.094028E0	2.419371E-1
6.866667E0	4.970556E0	3.301314E-1
6.900000E0	4.938940E0	3.446351E-1
6.933333E0	4.854910E0	3.439853E-1
6.966667E0	4.811351E0	3.065156E-1
7.000000E0	4.762998E0	2.369196E-1
7.033333E0	4.791072E0	2.143386E-1
7.066667E0	4.827852E0	2.133771E-1
7.100000E0	4.939702E0	2.151047E-1
7.133333E0	5.088740E0	2.163229E-1
7.166667E0	5.235473E0	2.266606E-1
7.200000E0	5.363790E0	2.023979E-1
7.233333E0	5.385694E0	2.072306E-1
7.266667E0	5.420099E0	2.146625E-1
7.300000E0	5.454635E0	2.168026E-1
7.333333E0	5.455883E0	2.569623E-1
7.366667E0	5.322968E0	3.521055E-1
7.400000E0	5.296312E0	3.531750E-1
7.433333E0	5.190716E0	3.333559E-1
7.466667E0	5.153869E0	3.096248E-1
7.500000E0	5.104703E0	2.498547E-1
7.533333E0	5.144799E0	2.167632E-1
7.566667E0	5.179076E0	2.177119E-1
7.600000E0	5.306930E0	2.153943E-1
7.633333E0	5.446589E0	2.207995E-1
7.666667E0	5.592777E0	2.282051E-1
7.700000E0	5.715953E0	2.057819E-1
7.733333E0	5.741863E0	2.088140E-1
7.766667E0	5.772573E0	2.144396E-1
7.800000E0	5.768817E0	2.168261E-1
7.833333E0	5.750552E0	2.445354E-1
7.866667E0	5.617429E0	3.307672E-1
7.900000E0	5.589193E0	3.400682E-1
7.933333E0	5.468209E0	3.187616E-1
7.966667E0	5.442679E0	2.651820E-1
8.000000E0	5.394228E0	2.253908E-1
8.033333E0	5.433289E0	2.018928E-1
8.066667E0	5.463784E0	2.054493E-1
8.100000E0	5.588742E0	2.086546E-1
8.133333E0	5.740046E0	2.177433E-1
8.166667E0	5.883064E0	2.269199E-1
8.200000E0	6.016147E0	1.983432E-1
8.233333E0	6.033906E0	2.021792E-1
8.266667E0	6.071733E0	2.117274E-1
8.300000E0	6.099007E0	2.130217E-1
8.333333E0	6.084446E0	2.364486E-1
8.366667E0	5.967496E0	3.256612E-1
8.400000E0	5.936618E0	3.418074E-1
8.433333E0	5.863182E0	3.364129E-1
8.466667E0	5.810651E0	2.819116E-1
8.500000E0	5.761243E0	2.282179E-1
8.533333E0	5.802077E0	2.047380E-1
8.566667E0	5.837560E0	2.064455E-1
8.600000E0	5.939703E0	2.139927E-1
8.633333E0	6.098327E0	2.096572E-1
8.666667E0	6.243571E0	2.248090E-1
8.700000E0	6.375545E0	1.988122E-1
8.733333E0	6.398182E0	2.023123E-1
8.766667E0	6.433310E0	2.134066E-1
8.800000E0	6.462799E0	2.141742E-1
8.833333E0	6.454865E0	2.403792E-1
8.866667E0	6.334534E0	3.268537E-1
8.900000E0	6.306551E0	3.411253E-1
8.933333E0	6.223539E0	3.379501E-1
8.966667E0	6.176901E0	2.722457E-1
9.000000E0	6.124521E0	2.170818E-1
9.033333E0	6.154796E0	1.967510E-1
9.066667E0	6.190917E0	2.033986E-1
9.100000E0	6.314395E0	2.113970E-1
9.133333E0	6.449529E0	2.161707E-1
9.166667E0	6.596799E0	2.214005E-1
9.200000E0	6.728538E0	2.061411E-1
9.233333E0	6.746754E0	2.089643E-1
9.266667E0	6.767497E0	2.144960E-1
9.300000E0	6.767712E0	2.147311E-1
9.333333E0	6.753638E0	2.372917E-1
9.366667E0	6.621457E0	3.165345E-1
9.400000E0	6.594502E0	3.009971E-1
9.433333E0	6.488125E0	2.660918E-1
9.466667E0	6.451106E0	2.463542E-1
9.500000E0	6.435683E0	2.044852E-1
9.533333E0	6.451613E0	1.502607E-1
9.566667E0	6.475436E0	1.461390E-1
9.600000E0	6.595511E0	1.465277E-1
9.633333E0	6.742413E0	1.533219E-1
9.666667E0	6.890447E0	1.640802E-1
9.700000E0	7.019333E0	1.391116E-1
9.733333E0	7.036226E0	1.393317E-1
9.766667E0	7.080550E0	1.418070E-1
9.800000E0	7.114490E0	1.442588E-1
9.833333E0	7.098671E0	1.668998E-1
9.866667E0	6.975124E0	2.554787E-1
9.900000E0	6.941652E0	2.704404E-1
9.933333E0	6.871089E0	2.703083E-1
9.966667E0	6.850838E0	2.559361E-1
1.000000E1	6.760560E0	1.555102E-1
1.003333E1	6.752419E0	1.399911E-1
1.006667E1	6.784435E0	1.399274E-1
1.010000E1	6.941061E0	1.417123E-1
1.013333E1	7.026250E0	1.403608E-1
1.016667E1	7.262877E0	1.576595E-1
1.020000E1	7.344157E0	1.458000E-1
1.023333E1	7.374158E0	1.433242E-1
1.026667E1	7.444839E0	1.404469E-1
1.030000E1	7.465857E0	1.411883E-1
1.033333E1	7.469077E0	1.699216E-1
1.036667E1	7.400161E0	2.342720E-1
1.040000E1	7.351585E0	2.263552E-1
1.043333E1	7.240543E0	2.124322E-1
1.046667E1	7.218006E0	2.026357E-1
1.050000E1	7.156751E0	1.193489E-1
1.053333E1	7.177629E0	9.518041E-2
1.056667E1	7.210499E0	8.879464E-2
1.060000E1	7.316314E0	7.846143E-2
1.063333E1	7.431841E0	8.567272E-2
1.066667E1	7.660676E0	1.017617E-1
1.070000E1	7.765843E0	8.014720E-2
1.073333E1	7.797529E0	7.627364E-2
1.076667E1	7.878733E0	7.487430E-2
1.080000E1	7.895668E0	7.528219E-2
1.083333E1	7.898213E0	1.015164E-1
1.086667E1	7.843257E0	1.618004E-1
1.090000E1	7.786970E0	1.640392E-1
1.093333E1	7.691845E0	1.478528E-1
1.096667E1	7.667225E0	1.366825E-1
1.100000E1	7.597815E0	5.290312E-2
1.103333E1	7.612519E0	2.830089E-2
1.106667E1	7.644839E0	1.991252E-2
1.110000E1	7.786197E0	1.058602E-2
1.113333E1	7.870114E0	1.281980E-2
1.116667E1	8.120030E0	2.856453E-2
1.120000E1	8.216736E0	1.157674E-2
1.123333E1	8.252425E0	5.689723E-3
1.126667E1	8.318033E0	4.893620E-3
1.130000E1	8.333415E0	6.723334E-3
1.133333E1	8.340109E0	3.135977E-2
1.136667E1	8.292599E0	9.989774E-2
1.140000E1	8.267129E0	9.141708E-2
1.143333E1	8.167070E0	7.543472E-2
1.146667E1	8.158354E0	6.223518E-2
1.150000E1	8.078182E0	-9.223472E-3
1.153333E1	8.119024E0	-3.124446E-2
1.156667E1	8.167632E0	-1.317807E-2
1.160000E1	8.304652E0	-2.830785E-3
1.163333E1	8.381793E0	-2.241247E-3
1.166667E1	8.646743E0	1.390817E-2
1.170000E1	8.741158E0	6.543583E-3
1.173333E1	8.782506E0	2.482688E-4
1.176667E1	8.860576E0	6.242947E-4
1.180000E1	8.866429E0	3.929393E-3
1.183333E1	8.892775E0	2.683726E-2
1.186667E1	8.848701E0	8.880706E-2
1.190000E1	8.809613E0	8.522657E-2
1.193333E1	8.720742E0	8.055458E-2
1.196667E1	8.709378E0	6.384566E-2
1.200000E1	8.642513E0	-1.112739E-2
1.203333E1	8.645176E0	-3.038662E-2
1.206667E1	8.699421E0	-1.560409E-2
1.210000E1	8.824964E0	-8.990842E-3
1.213333E1	8.902488E0	-6.603481E-3
1.216667E1	9.141485E0	1.625855E-2
1.220000E1	9.241466E0	6.491196E-3
1.223333E1	9.294106E0	1.720472E-3
1.226667E1	9.375804E0	-2.082596E-4
1.230000E1	9.402493E0	1.812957E-3
1.233333E1	9.411702E0	1.701361E-2
1.236667E1	9.387855E0	9.901696E-2
1.240000E1	9.375205E0	8.767612E-2
1.243333E1	9.275188E0	9.237559E-2
1.246667E1	9.250959E0	6.866805E-2
1.250000E1	9.177517E0	-4.445607E-3
1.253333E1	9.201167E0	-2.145749E-2
1.256667E1	9.249286E0	-1.307715E-2
1.260000E1	9.382196E0	-7.085038E-3
1.263333E1	9.450929E0	-3.257110E-3
1.266667E1	9.704391E0	1.706687E-2
1.270000E1	9.801641E0	7.422937E-3
1.273333E1	9.857117E0	1.207060E-5
1.276667E1	9.910392E0	8.154426E-4
1.280000E1	9.920822E0	3.266037E-3
1.283333E1	9.922070E0	2.650541E-2
1.286667E1	9.884782E0	1.147460E-1
1.290000E1	9.856841E0	1.292607E-1
1.293333E1	9.742387E0	1.365405E-1
1.296667E1	9.737649E0	1.290869E-1
1.300000E1	9.649033E0	3.066419E-2
1.303333E1	9.646577E0	3.499409E-3
1.306667E1	9.696953E0	3.894985E-3
1.310000E1	9.824349E0	5.466995E-3
1.313333E1	9.885023E0	8.179849E-3
1.316667E1	1.013010E1	2.735136E-2
1.320000E1	1.021840E1	7.599134E-3
1.323333E1	1.025497E1	8.232877E-4
1.326667E1	1.032354E1	3.473914E-3
1.330000E1	1.034281E1	2.633718E-3
1.333333E1	1.034589E1	3.237354E-2
1.336667E1	1.030781E1	1.036368E-1
1.340000E1	1.028682E1	7.878437E-2
1.343333E1	1.018415E1	8.714685E-2
1.346667E1	1.016391E1	6.276585E-2
1.350000E1	1.008285E1	3.733823E-3
1.353333E1	1.007920E1	-2.268688E-2
1.356667E1	1.013970E1	-1.463616E-2
1.360000E1	1.025360E1	-6.275006E-3
1.363333E1	1.033362E1	1.789820E-3
1.366667E1	1.058206E1	1.614613E-2
1.370000E1	1.066650E1	1.833148E-3
1.373333E1	1.072168E1	-1.139799E-3
1.376667E1	1.078645E1	-8.590861E-4
1.380000E1	1.079580E1	1.655118E-3
1.383333E1	1.079618E1	2.255171E-2
1.386667E1	1.075317E1	9.683736E-2
1.390000E1	1.074207E1	8.690651E-2
1.393333E1	1.064013E1	9.912087E-2
1.396667E1	1.061709E1	6.475515E-2
1.400000E1	1.055520E1	-1.139750E-2
1.403333E1	1.057993E1	-2.173990E-2
1.406667E1	1.062482E1	-1.465598E-2
1.410000E1	1.075743E1	-3.161963E-3
1.413333E1	1.083028E1	-5.187197E-4
1.416667E1	1.108276E1	1.197258E-2
1.420000E1	1.117562E1	8.580293E-3
1.423333E1	1.122417E1	-1.724911E-3
1.426667E1	1.129357E1	-8.463225E-4
1.430000E1	1.130600E1	5.260128E-3
1.433333E1	1.133564E1	3.192460E-2
1.436667E1	1.129980E1	1.039876E-1
1.440000E1	1.124895E1	8.668525E-2
1.443333E1	1.116748E1	8.737549E-2
1.446667E1	1.115855E1	6.080973E-2
1.450000E1	1.108229E1	-1.316679E-2
1.453333E1	1.108428E1	-3.397737E-2
1.456667E1	1.113840E1	-1.743406E-2
1.460000E1	1.125888E1	-5.454040E-3
1.463333E1	1.133019E1	8.591819E-4
1.466667E1	1.159117E1	1.781423E-2
1.470000E1	1.167594E1	6.612705E-3
1.473333E1	1.172347E1	-2.001099E-3
1.476667E1	1.180158E1	-2.193813E-3
1.480000E1	1.180865E1	2.818980E-3
1.483333E1	1.184327E1	2.435884E-2
1.486667E1	1.180011E1	7.213940E-2
1.490000E1	1.174677E1	8.084487E-2
1.493333E1	1.165945E1	8.580196E-2
1.496667E1	1.163181E1	6.525138E-2
1.500000E1	1.159524E1	-1.023218E-2
1.503333E1	1.162629E1	-2.494375E-2
1.506667E1	1.165374E1	-1.608813E-2
1.510000E1	1.177468E1	-8.020196E-3
1.513333E1	1.186889E1	-6.751460E-3
1.516667E1	1.209382E1	1.086022E-2
1.520000E1	1.219068E1	3.982853E-3
1.523333E1	1.224683E1	1.350609E-3
1.526667E1	1.233106E1	-2.943373E-3
1.530000E1	1.235118E1	3.808246E-4
1.533333E1	1.235928E1	2.521381E-2
1.536667E1	1.232198E1	9.144209E-2
1.540000E1	1.229599E1	8.842244E-2
1.543333E1	1.219884E1	8.683370E-2
1.546667E1	1.217619E1	6.418892E-2
1.550000E1	1.213435E1	-2.087035E-2
1.553333E1	1.215054E1	-3.075819E-2
1.556667E1	1.219848E1	-1.517657E-2
1.560000E1	1.232781E1	-4.841190E-3
1.563333E1	1.239415E1	-8.830038E-3
1.566667E1	1.265118E1	1.242685E-2
1.570000E1	1.275133E1	2.939025E-3
1.573333E1	1.279876E1	-4.914636E-3
1.576667E1	1.287479E1	-3.199997E-3
1.580000E1	1.288431E1	2.662122E-3
1.583333E1	1.291482E1	3.118196E-2
1.586667E1	1.286698E1	9.716963E-2
1.590000E1	1.281603E1	8.599389E-2
1.593333E1	1.273193E1	8.908570E-2
1.596667E1	1.269903E1	6.403579E-2
1.600000E1	1.264875E1	-1.139980E-2
1.603333E1	1.265664E1	-2.277228E-2
1.606667E1	1.270340E1	-1.579896E-2
1.610000E1	1.283054E1	-6.670849E-3
1.613333E1	1.291574E1	-6.084665E-3
1.616667E1	1.315776E1	9.511076E-3
1.620000E1	1.329103E1	-9.770224E-3
1.623333E1	1.332955E1	-2.442558E-3
1.626667E1	1.339382E1	-6.265227E-4
1.630000E1	1.341797E1	1.169706E-3
1.633333E1	1.340917E1	6.476820E-2
1.636667E1	1.331985E1	1.266151E-1
1.640000E1	1.329974E1	1.320508E-1
1.643333E1	1.321430E1	1.255760E-1
1.646667E1	1.319423E1	1.150309E-1
1.650000E1	1.315243E1	2.677978E-2
1.653333E1	1.318582E1	1.364594E-2
1.656667E1	1.325178E1	9.014456E-3
1.660000E1	1.341442E1	5.610879E-3
1.663333E1	1.349352E1	8.196266E-3
1.666667E1	1.370670E1	1.597296E-2
1.670000E1	1.377747E1	-5.079786E-4
1.673333E1	1.381094E1	-1.235804E-3
1.676667E1	1.385663E1	5.867759E-3
1.680000E1	1.386422E1	5.514924E-3
1.683333E1	1.384743E1	8.047642E-2
1.686667E1	1.375288E1	1.309923E-1
1.690000E1	1.372680E1	1.358758E-1
1.693333E1	1.363670E1	1.281617E-1
1.696667E1	1.362106E1	1.187516E-1
1.700000E1	1.357054E1	3.535372E-2
1.703333E1	1.360923E1	1.419198E-2
1.706667E1	1.366873E1	8.291459E-3
1.710000E1	1.379714E1	5.096812E-3
1.713333E1	1.390428E1	1.532424E-2
1.716667E1	1.410034E1	2.272171E-2
1.720000E1	1.418086E1	3.362597E-3
1.723333E1	1.421324E1	-7.010402E-5
1.726667E1	1.425002E1	4.599694E-3
1.730000E1	1.427819E1	3.083521E-3
1.733333E1	1.425896E1	7.097669E-2
1.736667E1	1.417785E1	1.219551E-1
1.740000E1	1.415738E1	1.319444E-1
1.743333E1	1.405147E1	1.288157E-1
1.746667E1	1.403845E1	1.215252E-1
1.750000E1	1.398913E1	3.680780E-2
1.753333E1	1.402699E1	4.468788E-2
1.756667E1	1.407760E1	5.808512E-2
1.760000E1	1.422053E1	6.588184E-2
1.763333E1	1.430133E1	6.883938E-2
1.766667E1	1.448488E1	7.968525E-2
1.770000E1	1.456133E1	5.763483E-2
1.773333E1	1.459580E1	6.538048E-2
1.776667E1	1.463629E1	7.538176E-2
1.780000E1	1.464500E1	7.401885E-2
1.783333E1	1.462428E1	1.509540E-1
1.786667E1	1.453136E1	1.995520E-1
1.790000E1	1.448757E1	2.047952E-1
1.793333E1	1.438393E1	1.949757E-1
1.796667E1	1.435666E1	1.819869E-1
1.800000E1	1.430667E1	1.023283E-1
1.803333E1	1.433002E1	8.675738E-2
1.806667E1	1.438574E1	7.976309E-2
1.810000E1	1.450840E1	7.765946E-2
1.813333E1	1.461799E1	8.267285E-2
1.816667E1	1.479748E1	9.203402E-2
1.820000E1	1.488666E1	7.084243E-2
1.823333E1	1.489278E1	7.193281E-2
1.826667E1	1.492174E1	7.561498E-2
1.830000E1	1.494234E1	8.045199E-2
1.833333E1	1.493273E1	1.055002E-1
1.836667E1	1.481746E1	1.919654E-1
1.840000E1	1.478472E1	2.080446E-1
1.843333E1	1.468834E1	2.071853E-1
1.846667E1	1.465126E1	1.724579E-1
1.850000E1	1.460107E1	9.103182E-2
1.853333E1	1.462191E1	6.885219E-2
1.856667E1	1.465241E1	6.948382E-2
1.860000E1	1.474864E1	7.334604E-2
1.863333E1	1.490081E1	8.363952E-2
1.866667E1	1.505816E1	9.282255E-2
1.870000E1	1.518657E1	6.841372E-2
1.873333E1	1.521405E1	6.919657E-2
1.876667E1	1.524199E1	7.146371E-2
1.880000E1	1.524279E1	7.509700E-2
1.883333E1	1.522655E1	1.019413E-1
1.886667E1	1.510280E1	1.967117E-1
1.890000E1	1.506975E1	2.091541E-1
1.893333E1	1.497764E1	2.049420E-1
1.896667E1	1.493865E1	1.663272E-1
1.900000E1	1.489695E1	1.026113E-1
1.903333E1	1.493561E1	6.566349E-2
1.906667E1	1.494948E1	6.982391E-2
1.910000E1	1.506862E1	7.352697E-2
1.913333E1	1.520686E1	8.212055E-2
1.916667E1	1.535404E1	8.348505E-2
1.920000E1	1.548523E1	6.557102E-2
1.923333E1	1.550791E1	6.871136E-2
1.926667E1	1.553761E1	7.068173E-2
1.930000E1	1.553984E1	7.760989E-2
1.933333E1	1.552133E1	1.020961E-1
1.936667E1	1.541403E1	1.988645E-1
1.940000E1	1.538499E1	2.086534E-1
1.943333E1	1.530235E1	1.990064E-1
1.946667E1	1.524309E1	1.547745E-1
1.950000E1	1.519703E1	1.014547E-1
1.953333E1	1.522777E1	6.635242E-2
1.956667E1	1.524982E1	6.879978E-2
1.960000E1	1.535318E1	6.982977E-2
1.963333E1	1.550497E1	7.857968E-2
1.966667E1	1.565369E1	8.943531E-2
1.970000E1	1.578708E1	6.952983E-2
1.973333E1	1.580280E1	6.755983E-2
1.976667E1	1.584326E1	7.194749E-2
1.980000E1	1.587640E1	7.434770E-2
1.983333E1	1.586127E1	9.443797E-2
1.986667E1	1.574870E1	1.940549E-1
1.990000E1	1.571006E1	2.067454E-1
1.993333E1	1.563389E1	2.031852E-1
1.996667E1	1.558759E1	1.679833E-1
2.000000E1	1.554008E1	9.168550E-2
2.003333E1	1.556081E1	6.573892E-2
2.006667E1	1.559450E1	6.546663E-2
2.010000E1	1.571821E1	7.287753E-2
2.013333E1	1.585319E1	7.685361E-2
2.016667E1	1.600790E1	8.232533E-2
2.020000E1	1.614378E1	6.417359E-2
2.023333E1	1.616459E1	6.815397E-2
2.026667E1	1.620855E1	7.019910E-2
2.030000E1	1.624262E1	7.567099E-2
2.033333E1	1.623128E1	1.016621E-1
2.036667E1	1.612174E1	1.965917E-1
2.040000E1	1.610385E1	2.065875E-1
2.043333E1	1.601941E1	1.994757E-1
2.046667E1	1.597554E1	1.757749E-1
2.050000E1	1.593713E1	9.867252E-2
2.053333E1	1.597036E1	6.504597E-2
2.056667E1	1.598359E1	7.036888E-2
2.060000E1	1.612410E1	7.546836E-2
2.063333E1	1.626496E1	7.477226E-2
2.066667E1	1.642358E1	8.085557E-2
2.070000E1	1.656505E1	6.078690E-2
2.073333E1	1.659001E1	6.372627E-2
2.076667E1	1.663291E1	7.005585E-2
2.080000E1	1.666811E1	7.241087E-2
2.083333E1	1.665849E1	9.778879E-2
2.086667E1	1.655875E1	1.963461E-1
2.090000E1	1.653925E1	2.063808E-1
2.093333E1	1.645351E1	2.006475E-1
2.096667E1	1.641420E1	1.833432E-1
2.100000E1	1.637893E1	1.152095E-1
2.103333E1	1.640636E1	1.040749E-1
2.106667E1	1.644624E1	8.864961E-2
2.110000E1	1.656009E1	8.010291E-2
2.113333E1	1.671205E1	8.630370E-2
2.116667E1	1.686299E1	9.163441E-2
2.120000E1	1.699683E1	7.114673E-2
2.123333E1	1.701837E1	6.986716E-2
2.126667E1	1.705573E1	7.779152E-2
2.130000E1	1.708865E1	7.687323E-2
2.133333E1	1.707999E1	1.030447E-1
2.136667E1	1.697073E1	1.951201E-1
2.140000E1	1.693660E1	2.072992E-1
2.143333E1	1.685078E1	1.986611E-1
2.146667E1	1.680590E1	1.715315E-1
2.150000E1	1.676380E1	1.012194E-1
2.153333E1	1.680053E1	6.822635E-2
2.156667E1	1.681657E1	6.847298E-2
2.160000E1	1.694179E1	7.172134E-2
2.163333E1	1.707361E1	7.653091E-2
2.166667E1	1.721868E1	8.359668E-2
2.170000E1	1.735770E1	6.716690E-2
2.173333E1	1.737865E1	6.906705E-2
2.176667E1	1.741759E1	7.249539E-2
2.180000E1	1.744914E1	7.321509E-2
2.183333E1	1.743688E1	9.567128E-2
2.186667E1	1.732927E1	1.890856E-1
2.190000E1	1.729161E1	2.068776E-1
2.193333E1	1.721680E1	2.034812E-1
2.196667E1	1.716557E1	1.713973E-1
2.200000E1	1.711762E1	9.544013E-2
2.203333E1	1.714248E1	6.854330E-2
2.206667E1	1.716861E1	6.677623E-2
2.210000E1	1.728366E1	6.832139E-2
2.213333E1	1.743283E1	7.623657E-2
2.216667E1	1.758073E1	8.825380E-2
2.220000E1	1.771312E1	7.106164E-2
2.223333E1	1.773485E1	6.989492E-2
2.226667E1	1.778086E1	7.470137E-2
2.230000E1	1.781087E1	7.611377E-2
2.233333E1	1.780355E1	9.866639E-2
2.236667E1	1.769453E1	1.858948E-1
2.240000E1	1.765738E1	2.043223E-1
2.243333E1	1.758143E1	2.021533E-1
2.246667E1	1.752246E1	1.665061E-1
2.250000E1	1.748712E1	9.672690E-2
2.253333E1	1.752220E1	6.091566E-2
2.256667E1	1.753931E1	6.353131E-2
2.260000E1	1.764960E1	7.200905E-2
2.263333E1	1.779775E1	8.320853E-2
2.266667E1	1.794524E1	8.745979E-2
2.270000E1	1.808649E1	6.213976E-2
2.273333E1	1.810407E1	6.589962E-2
2.276667E1	1.815421E1	7.034242E-2
2.280000E1	1.818774E1	7.635504E-2
2.283333E1	1.816815E1	1.029255E-1
2.286667E1	1.808769E1	1.944629E-1
2.290000E1	1.805416E1	2.097005E-1
2.293333E1	1.799177E1	1.987640E-1
2.296667E1	1.795481E1	1.673234E-1
2.300000E1	1.791484E1	9.963204E-2
2.303333E1	1.795084E1	6.313737E-2
2.306667E1	1.797596E1	6.656110E-2
2.310000E1	1.808937E1	6.937768E-2
2.313333E1	1.823427E1	7.932533E-2
2.316667E1	1.838300E1	8.457245E-2
2.320000E1	1.851793E1	6.344260E-2
2.323333E1	1.853687E1	6.562181E-2
2.326667E1	1.860088E1	7.272932E-2
2.330000E1	1.862444E1	7.323509E-2
2.333333E1	1.860754E1	9.795633E-2
2.336667E1	1.852782E1	1.903622E-1
2.340000E1	1.849969E1	2.069099E-1
2.343333E1	1.843939E1	1.914086E-1
2.346667E1	1.840006E1	1.633495E-1
2.350000E1	1.836548E1	1.034197E-1
2.353333E1	1.840537E1	6.044722E-2
2.356667E1	1.843227E1	6.790719E-2
2.360000E1	1.854372E1	6.385719E-2
2.363333E1	1.869821E1	7.346534E-2
2.366667E1	1.883388E1	8.363282E-2
2.370000E1	1.896984E1	6.607166E-2
2.373333E1	1.898476E1	6.960627E-2
2.376667E1	1.906384E1	7.744074E-2
2.380000E1	1.909313E1	7.545529E-2
2.383333E1	1.910036E1	1.001770E-1
2.386667E1	1.902413E1	1.864929E-1
2.390000E1	1.898905E1	2.075955E-1
2.393333E1	1.894584E1	1.949118E-1
2.396667E1	1.890396E1	1.703104E-1
2.400000E1	1.885947E1	1.030035E-1
2.403333E1	1.891249E1	5.861605E-2
2.406667E1	1.893644E1	6.393610E-2
2.410000E1	1.905125E1	6.794571E-2
2.413333E1	1.921510E1	7.625718E-2
2.416667E1	1.937758E1	8.384944E-2
2.420000E1	1.952590E1	6.645813E-2
2.423333E1	1.955368E1	6.647570E-2
2.426667E1	1.963043E1	7.135376E-2
2.430000E1	1.964777E1	7.784502E-2
2.433333E1	1.966478E1	9.727197E-2
2.436667E1	1.959013E1	1.915619E-1
2.440000E1	1.957101E1	2.107469E-1
2.443333E1	1.952553E1	1.955112E-1
2.446667E1	1.948891E1	1.663105E-1
2.450000E1	1.945310E1	9.849702E-2
2.453333E1	1.949428E1	6.465753E-2
2.456667E1	1.955313E1	6.777955E-2
2.460000E1	1.965746E1	7.101601E-2
2.463333E1	1.981187E1	7.484867E-2
2.466667E1	1.989985E1	8.143917E-2
2.470000E1	2.011473E1	6.745495E-2
2.473333E1	2.014271E1	7.161726E-2
2.476667E1	2.022477E1	7.406222E-2
2.480000E1	2.025697E1	7.392551E-2
2.483333E1	2.025909E1	9.834785E-2
2.486667E1	2.019902E1	1.902084E-1
2.490000E1	2.015945E1	2.101702E-1
2.493333E1	2.011518E1	1.929866E-1
2.496667E1	2.008916E1	1.808263E-1
2.500000E1	2.006329E1	1.137937E-1
2.503333E1	2.009832E1	9.219282E-2
2.506667E1	2.013014E1	8.315087E-2
2.510000E1	2.023707E1	7.793452E-2
2.513333E1	2.039368E1	8.039416E-2
2.516667E1	2.054030E1	9.379941E-2
2.520000E1	2.068534E1	7.215731E-2
2.523333E1	2.070037E1	7.036728E-2
2.526667E1	2.077971E1	7.289608E-2
2.530000E1	2.080361E1	8.103208E-2
2.533333E1	2.082163E1	1.025009E-1
2.536667E1	2.077291E1	1.942435E-1
2.540000E1	2.073630E1	2.100907E-1
2.543333E1	2.068519E1	1.941170E-1
2.546667E1	2.066236E1	1.859492E-1
2.550000E1	2.063687E1	1.137938E-1
2.553333E1	2.066334E1	9.575133E-2
2.556667E1	2.069640E1	8.199243E-2
2.560000E1	2.080039E1	8.026082E-2
2.563333E1	2.096834E1	8.696741E-2
2.566667E1	2.111378E1	9.394084E-2
2.570000E1	2.125346E1	7.430562E-2
2.573333E1	2.127297E1	7.200684E-2
2.576667E1	2.134912E1	7.577198E-2
2.580000E1	2.136835E1	8.264439E-2
2.583333E1	2.138828E1	1.010483E-1
2.586667E1	2.133420E1	1.861274E-1
2.590000E1	2.130228E1	2.088015E-1
2.593333E1	2.125473E1	1.963303E-1
2.596667E1	2.123471E1	1.916917E-1
2.600000E1	2.120304E1	1.299877E-1
2.603333E1	2.122713E1	1.043072E-1
2.606667E1	2.126381E1	8.470950E-2
2.610000E1	2.137251E1	7.737913E-2
2.613333E1	2.152879E1	8.286709E-2
2.616667E1	2.168398E1	9.364855E-2
2.620000E1	2.182540E1	7.208768E-2
2.623333E1	2.184417E1	7.295150E-2
2.626667E1	2.190862E1	7.517125E-2
2.630000E1	2.193689E1	8.507867E-2
2.633333E1	2.197037E1	1.110438E-1
2.636667E1	2.187943E1	2.161103E-1
2.640000E1	2.186091E1	2.247349E-1
2.643333E1	2.180969E1	2.086022E-1
2.646667E1	2.178562E1	1.838755E-1
2.650000E1	2.174232E1	1.410286E-1
2.653333E1	2.176469E1	1.071064E-1
2.656667E1	2.177994E1	9.136143E-2
2.660000E1	2.186993E1	8.625887E-2
2.663333E1	2.194716E1	8.546436E-2
2.666667E1	2.218214E1	1.046251E-1
2.670000E1	2.229076E1	9.380759E-2
2.673333E1	2.233742E1	8.183474E-2
2.676667E1	2.239739E1	7.923931E-2
2.680000E1	2.241349E1	7.821459E-2
2.683333E1	2.242323E1	1.007268E-1
2.686667E1	2.237089E1	1.783356E-1
2.690000E1	2.232920E1	1.704410E-1
2.693333E1	2.224450E1	1.725029E-1
2.696667E1	2.223054E1	1.521621E-1
2.700000E1	2.216850E1	7.803240E-2
2.703333E1	2.218160E1	4.133608E-2
2.706667E1	2.220957E1	5.669226E-2
2.710000E1	2.231705E1	6.937320E-2
2.713333E1	2.239595E1	6.869698E-2
2.716667E1	2.261303E1	8.799076E-2
2.720000E1	2.270927E1	7.469731E-2
2.723333E1	2.274038E1	7.309435E-2
2.726667E1	2.280534E1	7.332897E-2
2.730000E1	2.283159E1	7.609964E-2
2.733333E1	2.284226E1	9.850681E-2
2.736667E1	2.281475E1	1.805348E-1
2.740000E1	2.277998E1	2.092130E-1
2.743333E1	2.267985E1	2.181567E-1
2.746667E1	2.266787E1	2.063551E-1
2.750000E1	2.260070E1	1.320313E-1
2.753333E1	2.260190E1	1.076621E-1
2.756667E1	2.264555E1	8.550764E-2
2.760000E1	2.273932E1	8.153131E-2
2.763333E1	2.281035E1	8.211814E-2
2.766667E1	2.304338E1	1.058653E-1
2.770000E1	2.313844E1	8.318746E-2
2.773333E1	2.317625E1	7.416644E-2
2.776667E1	2.323957E1	7.623613E-2
2.780000E1	2.326234E1	7.425930E-2
2.783333E1	2.327533E1	9.654707E-2
2.786667E1	2.323999E1	1.711425E-1
2.790000E1	2.320005E1	1.727243E-1
2.793333E1	2.310830E1	1.646592E-1
2.796667E1	2.309150E1	1.494251E-1
2.800000E1	2.303678E1	6.336300E-2
2.803333E1	2.304850E1	3.607237E-2
2.806667E1	2.308926E1	5.653184E-2
2.810000E1	2.321567E1	6.398897E-2
2.813333E1	2.328084E1	6.471847E-2
2.816667E1	2.350739E1	8.154313E-2
2.820000E1	2.359456E1	7.661713E-2
2.823333E1	2.364600E1	6.723786E-2
2.826667E1	2.370859E1	7.062638E-2
2.830000E1	2.372032E1	7.361578E-2
2.833333E1	2.374167E1	1.100740E-1
2.836667E1	2.373493E1	1.602219E-1
2.840000E1	2.369721E1	1.694536E-1
2.843333E1	2.359373E1	1.927291E-1
2.846667E1	2.358636E1	1.918729E-1
2.850000E1	2.353161E1	1.210646E-1
2.853333E1	2.353698E1	9.902421E-2
2.856667E1	2.357168E1	8.213202E-2
2.860000E1	2.367439E1	8.372426E-2
2.863333E1	2.374050E1	8.250295E-2
2.866667E1	2.397767E1	1.021028E-1
2.870000E1	2.407345E1	7.855094E-2
2.873333E1	2.410847E1	7.128506E-2
2.876667E1	2.417656E1	6.947070E-2
2.880000E1	2.420153E1	7.252449E-2
2.883333E1	2.421504E1	9.723952E-2
2.886667E1	2.417547E1	1.682981E-1
2.890000E1	2.413859E1	1.690193E-1
2.893333E1	2.404435E1	1.597286E-1
2.896667E1	2.403127E1	1.441679E-1
2.900000E1	2.397572E1	6.781109E-2
2.903333E1	2.398266E1	3.593683E-2
2.906667E1	2.401923E1	5.772607E-2
2.910000E1	2.413403E1	6.346406E-2
2.913333E1	2.419999E1	6.511083E-2
2.916667E1	2.442060E1	8.035636E-2
2.920000E1	2.451004E1	6.951651E-2
2.923333E1	2.454106E1	6.896700E-2
2.926667E1	2.460290E1	7.384945E-2
2.930000E1	2.462717E1	7.374293E-2
2.933333E1	2.464548E1	9.047001E-2
2.936667E1	2.460717E1	1.597304E-1
2.940000E1	2.457641E1	1.732670E-1
2.943333E1	2.447976E1	1.692412E-1
2.946667E1	2.446310E1	1.492846E-1
2.950000E1	2.440602E1	6.581889E-2
2.953333E1	2.440295E1	3.255781E-2
2.956667E1	2.443520E1	2.009906E-2
2.960000E1	2.452721E1	6.886408E-3
2.963333E1	2.459520E1	5.408369E-3
2.966667E1	2.483752E1	2.385935E-2
2.970000E1	2.492775E1	1.379014E-2
2.973333E1	2.496652E1	6.245125E-3
2.976667E1	2.503273E1	4.057837E-3
2.980000E1	2.505893E1	3.720844E-3
2.983333E1	2.507180E1	1.818182E-2
2.986667E1	2.503071E1	9.269496E-2
2.990000E1	2.500546E1	8.777057E-2
2.993333E1	2.490725E1	9.259277E-2
2.996667E1	2.488696E1	7.221982E-2
3.000000E1	2.481870E1	-1.207951E-2
3.003333E1	2.483292E1	-3.581968E-2
3.006667E1	2.486071E1	-1.949876E-2
3.010000E1	2.496379E1	-7.892512E-3
3.013333E1	2.503007E1	-4.188778E-3
3.016667E1	2.526646E1	1.680139E-2
3.020000E1	2.535876E1	3.145953E-3
3.023333E1	2.539100E1	2.860264E-3
3.026667E1	2.544864E1	1.232197E-3
3.030000E1	2.544697E1	1.377620E-3
3.033333E1	2.544589E1	2.232160E-2
3.036667E1	2.539996E1	1.041122E-1
3.040000E1	2.537734E1	9.095586E-2
3.043333E1	2.527931E1	1.064244E-1
3.046667E1	2.526388E1	8.832066E-2
3.050000E1	2.515433E1	-3.902683E-2
3.053333E1	2.514353E1	-7.296135E-2
3.056667E1	2.517232E1	-6.930657E-2
3.060000E1	2.527747E1	-6.898816E-2
3.063333E1	2.534412E1	-6.754393E-2
3.066667E1	2.555349E1	-4.618403E-2
3.070000E1	2.563851E1	-6.155090E-2
3.073333E1	2.568402E1	-6.373447E-2
3.076667E1	2.574074E1	-6.415819E-2
3.080000E1	2.577099E1	-6.635342E-2
3.083333E1	2.576129E1	5.024606E-4
3.086667E1	2.570234E1	5.770391E-2
3.090000E1	2.565735E1	5.387409E-2
3.093333E1	2.558270E1	4.152110E-2
3.096667E1	2.555680E1	3.698326E-2
3.100000E1	2.548852E1	-4.670998E-2
3.103333E1	2.551930E1	-6.589716E-2
3.106667E1	2.555833E1	-6.619499E-2
3.110000E1	2.568126E1	-6.596469E-2
3.113333E1	2.575684E1	-5.978688E-2
3.116667E1	2.595417E1	-4.326198E-2
3.120000E1	2.603165E1	-6.580471E-2
3.123333E1	2.607591E1	-6.846309E-2
3.126667E1	2.611139E1	-5.941544E-2
3.130000E1	2.613374E1	-6.295099E-2
3.133333E1	2.613028E1	-6.959829E-4
3.136667E1	2.606947E1	5.497660E-2
3.140000E1	2.602804E1	6.448053E-2
3.143333E1	2.597088E1	5.653596E-2
3.146667E1	2.596563E1	4.273943E-2
3.150000E1	2.590259E1	-3.871885E-2
3.153333E1	2.594076E1	-6.734370E-2
3.156667E1	2.597913E1	-6.855999E-2
3.160000E1	2.611121E1	-6.613308E-2
3.163333E1	2.618354E1	-5.778188E-2
3.166667E1	2.637783E1	-4.494782E-2
3.170000E1	2.644002E1	-6.825453E-2
3.173333E1	2.646284E1	-6.554239E-2
3.176667E1	2.651334E1	-6.760145E-2
3.180000E1	2.650892E1	-6.664328E-2
3.183333E1	2.650756E1	-3.839859E-3
3.186667E1	2.644045E1	4.937313E-2
3.190000E1	2.638663E1	6.147759E-2
3.193333E1	2.633694E1	5.221691E-2
3.196667E1	2.629905E1	1.701749E-2
3.200000E1	2.623489E1	-7.097295E-2
3.203333E1	2.625900E1	-7.588456E-2
3.206667E1	2.630966E1	-8.057919E-2
3.210000E1	2.641390E1	-6.765285E-2
3.213333E1	2.651291E1	-6.180179E-2
3.216667E1	2.668754E1	-3.997084E-2
3.220000E1	2.675777E1	-5.947774E-2
3.223333E1	2.679376E1	-6.559334E-2
3.226667E1	2.683087E1	-5.682385E-2
3.230000E1	2.685086E1	-6.143120E-2
3.233333E1	2.684998E1	-4.091572E-3
3.236667E1	2.678959E1	4.818809E-2
3.240000E1	2.674422E1	6.244820E-2
3.243333E1	2.669289E1	5.030981E-2
3.246667E1	2.665389E1	2.216719E-2
3.250000E1	2.658312E1	-6.662079E-2
3.253333E1	2.660528E1	-6.804861E-2
3.256667E1	2.665839E1	-7.473738E-2
3.260000E1	2.676653E1	-6.465389E-2
3.263333E1	2.684876E1	-5.738372E-2
3.266667E1	2.703596E1	-3.853148E-2
3.270000E1	2.711079E1	-6.304249E-2
3.273333E1	2.714661E1	-6.593665E-2
3.276667E1	2.718725E1	-6.125345E-2
3.280000E1	2.720927E1	-6.560412E-2
3.283333E1	2.721091E1	-7.764928E-3
3.286667E1	2.714898E1	4.928658E-2
3.290000E1	2.711141E1	5.748587E-2
3.293333E1	2.704962E1	5.286027E-2
3.296667E1	2.704161E1	4.768422E-2
3.300000E1	2.699222E1	-2.490699E-2
3.303333E1	2.702367E1	-3.357304E-2
3.306667E1	2.706061E1	-1.394461E-2
3.310000E1	2.720026E1	-1.775088E-3
3.313333E1	2.726914E1	7.445198E-3
3.316667E1	2.746464E1	2.360862E-2
3.320000E1	2.754241E1	5.004922E-3
3.323333E1	2.758138E1	4.992236E-3
3.326667E1	2.761690E1	1.796171E-2
3.330000E1	2.764061E1	1.262572E-2
3.333333E1	2.764099E1	7.850924E-2
3.336667E1	2.758068E1	1.311838E-1
3.340000E1	2.753500E1	1.422841E-1
3.343333E1	2.748086E1	1.287687E-1
3.346667E1	2.747149E1	1.145745E-1
3.350000E1	2.739482E1	2.499091E-2
3.353333E1	2.743772E1	5.180401E-3
3.356667E1	2.748096E1	9.825616E-3
3.360000E1	2.761239E1	1.231667E-2
3.363333E1	2.768853E1	1.835156E-2
3.366667E1	2.788072E1	2.996344E-2
3.370000E1	2.794717E1	3.691025E-3
3.373333E1	2.797654E1	8.312048E-3
3.376667E1	2.803273E1	2.547236E-3
3.380000E1	2.803187E1	2.014653E-3
3.383333E1	2.801493E1	6.047960E-2
3.386667E1	2.796920E1	1.352039E-1
3.390000E1	2.793693E1	1.366930E-1
3.393333E1	2.786704E1	1.216786E-1
3.396667E1	2.785236E1	1.103429E-1
3.400000E1	2.779737E1	2.462442E-2
3.403333E1	2.782308E1	1.260890E-2
3.406667E1	2.787944E1	7.930179E-3
3.410000E1	2.800337E1	6.870605E-3
3.413333E1	2.808492E1	7.912147E-3
3.416667E1	2.826877E1	2.382391E-2
3.420000E1	2.834144E1	3.504264E-3
3.423333E1	2.838319E1	2.037381E-3
3.426667E1	2.843540E1	1.064167E-2
3.430000E1	2.844674E1	9.457945E-3
3.433333E1	2.844726E1	8.045761E-2
3.436667E1	2.839174E1	1.295561E-1
3.440000E1	2.834103E1	1.408358E-1
3.443333E1	2.829468E1	1.336052E-1
3.446667E1	2.828532E1	1.274376E-1
3.450000E1	2.821057E1	1.402571E-2
3.453333E1	2.824754E1	-1.214263E-3
3.456667E1	2.829473E1	4.621895E-3
3.460000E1	2.842670E1	6.690985E-3
3.463333E1	2.850273E1	1.242698E-2
3.466667E1	2.869774E1	2.887370E-2
3.470000E1	2.879337E1	7.168348E-3
3.473333E1	2.883648E1	7.792598E-3
3.476667E1	2.889482E1	-6.302683E-4
3.480000E1	2.889671E1	7.861180E-3
3.483333E1	2.892888E1	6.151594E-2
3.486667E1	2.888614E1	1.224733E-1
3.490000E1	2.884277E1	1.364672E-1
3.493333E1	2.880314E1	1.197310E-1
3.496667E1	2.879084E1	1.102797E-1
3.500000E1	2.876131E1	6.015476E-2
3.503333E1	2.879557E1	2.120919E-2
3.506667E1	2.881701E1	9.005745E-3
3.510000E1	2.891789E1	9.365956E-3
3.513333E1	2.907010E1	1.771001E-2
3.516667E1	2.922120E1	2.055964E-2
3.520000E1	2.936711E1	6.356061E-3
3.523333E1	2.939178E1	3.634856E-4
3.526667E1	2.945629E1	2.061733E-3
3.530000E1	2.949122E1	1.304267E-2
3.533333E1	2.951880E1	3.338670E-2
3.536667E1	2.949908E1	1.262286E-1
3.540000E1	2.948849E1	1.409136E-1
3.543333E1	2.946845E1	1.293122E-1
3.546667E1	2.944335E1	1.258628E-1
3.550000E1	2.938743E1	2.053422E-2
3.553333E1	2.942935E1	-4.836309E-3
3.556667E1	2.946295E1	-7.373044E-3
3.560000E1	2.957915E1	-2.630700E-3
3.563333E1	2.972672E1	9.152202E-3
3.566667E1	2.986688E1	2.319679E-2
3.570000E1	3.001854E1	9.816727E-4
3.573333E1	3.004707E1	4.359434E-3
3.576667E1	3.014370E1	5.677458E-3
3.580000E1	3.018376E1	2.573769E-3
3.583333E1	3.019379E1	2.526567E-2
3.586667E1	3.016737E1	9.873006E-2
3.590000E1	3.014730E1	1.028757E-1
3.593333E1	3.012376E1	8.043761E-2
3.596667E1	3.012067E1	5.679674E-2
3.600000E1	3.010871E1	-1.110521E-2
3.603333E1	3.014700E1	-3.288594E-2
3.606667E1	3.017082E1	-2.157928E-2
3.610000E1	3.030098E1	-3.685611E-3
3.613333E1	3.043580E1	2.330448E-3
3.616667E1	3.058589E1	2.346573E-2
3.620000E1	3.072575E1	1.163068E-2
3.623333E1	3.075744E1	2.840723E-3
3.626667E1	3.083601E1	6.396583E-3
3.630000E1	3.087969E1	2.665426E-3
3.633333E1	3.090361E1	1.981177E-2
3.636667E1	3.087121E1	1.201219E-1
3.640000E1	3.085842E1	1.417421E-1
3.643333E1	3.083732E1	1.357396E-1
3.646667E1	3.084451E1	1.227722E-1
3.650000E1	3.082408E1	5.225327E-2
3.653333E1	3.080974E1	1.723920E-2
3.656667E1	3.084857E1	1.847501E-2
3.660000E1	3.099727E1	9.022561E-3
3.663333E1	3.112848E1	2.108171E-2
3.666667E1	3.128827E1	3.619455E-2
3.670000E1	3.143409E1	4.653298E-2
3.673333E1	3.145975E1	5.278264E-2
3.676667E1	3.152539E1	6.310730E-2
3.680000E1	3.156628E1	7.344614E-2
3.683333E1	3.159405E1	9.852122E-2
3.686667E1	3.156753E1	1.985915E-1
3.690000E1	3.155783E1	2.163341E-1
3.693333E1	3.152575E1	1.997112E-1
3.696667E1	3.150232E1	1.872434E-1
3.700000E1	3.146672E1	1.290403E-1
3.703333E1	3.147417E1	8.707065E-2
3.706667E1	3.148619E1	9.036212E-2
3.710000E1	3.160722E1	7.924732E-2
3.713333E1	3.174867E1	8.753406E-2
3.716667E1	3.188024E1	1.008243E-1
3.720000E1	3.200925E1	8.682069E-2
3.723333E1	3.203260E1	7.899701E-2
3.726667E1	3.209107E1	7.842005E-2
3.730000E1	3.213075E1	8.734400E-2
3.733333E1	3.215463E1	1.071160E-1
3.736667E1	3.211957E1	1.993948E-1
3.740000E1	3.208839E1	2.151754E-1
3.743333E1	3.204840E1	1.983124E-1
3.746667E1	3.202005E1	1.820069E-1
3.750000E1	3.198154E1	1.171172E-1
3.753333E1	3.197848E1	9.370411E-2
3.756667E1	3.200039E1	9.383112E-2
3.760000E1	3.212834E1	9.570078E-2
3.763333E1	3.225631E1	9.144854E-2
3.766667E1	3.239615E1	1.162345E-1
3.770000E1	3.252447E1	1.082852E-1
3.773333E1	3.254675E1	1.156014E-1
3.776667E1	3.260319E1	1.356682E-1
3.780000E1	3.263682E1	1.474257E-1
3.783333E1	3.266354E1	1.622366E-1
3.786667E1	3.264217E1	2.628003E-1
3.790000E1	3.263079E1	2.870740E-1
3.793333E1	3.259629E1	2.723570E-1
3.796667E1	3.258095E1	2.591668E-1
3.800000E1	3.255474E1	1.915637E-1
3.803333E1	3.255199E1	1.676888E-1
3.806667E1	3.258105E1	1.633009E-1
3.810000E1	3.270806E1	1.562498E-1
3.813333E1	3.284420E1	1.552298E-1
3.816667E1	3.297115E1	1.694074E-1
3.820000E1	3.310231E1	1.525415E-1
3.823333E1	3.313145E1	1.442935E-1
3.826667E1	3.319066E1	1.494081E-1
3.830000E1	3.322863E1	1.578919E-1
3.833333E1	3.325626E1	1.726813E-1
3.836667E1	3.322976E1	2.693574E-1
3.840000E1	3.322344E1	2.818845E-1
3.843333E1	3.320470E1	2.709855E-1
3.846667E1	3.316535E1	2.394592E-1
3.850000E1	3.313586E1	1.714558E-1
3.853333E1	3.319276E1	1.321497E-1
3.856667E1	3.322618E1	1.393583E-1
3.860000E1	3.335010E1	1.495841E-1
3.863333E1	3.349335E1	1.567535E-1
3.866667E1	3.365813E1	1.656513E-1
3.870000E1	3.381492E1	1.473818E-1
3.873333E1	3.384951E1	1.419856E-1
3.876667E1	3.393135E1	1.480488E-1
3.880000E1	3.398489E1	1.423976E-1
3.883333E1	3.401937E1	1.699019E-1
3.886667E1	3.402213E1	2.653863E-1
3.890000E1	3.401138E1	2.826997E-1
3.893333E1	3.400324E1	2.645617E-1
3.896667E1	3.401655E1	2.516715E-1
3.900000E1	3.401680E1	1.946219E-1
3.903333E1	3.406042E1	1.560864E-1
3.906667E1	3.408732E1	1.605697E-1
3.910000E1	3.421104E1	1.539486E-1
3.913333E1	3.437333E1	1.595526E-1
3.916667E1	3.452912E1	1.687334E-1
3.920000E1	3.471901E1	1.520309E-1
3.923333E1	3.477008E1	1.427532E-1
3.926667E1	3.487249E1	1.479538E-1
3.930000E1	3.493165E1	1.510329E-1
3.933333E1	3.499970E1	1.627848E-1
3.936667E1	3.503401E1	2.622488E-1
3.940000E1	3.502935E1	2.801299E-1
3.943333E1	3.502915E1	2.632295E-1
3.946667E1	3.502761E1	2.395186E-1
3.950000E1	3.502785E1	1.641839E-1
3.953333E1	3.510437E1	1.256431E-1
3.956667E1	3.514998E1	1.382462E-1
3.960000E1	3.528766E1	1.451962E-1
3.963333E1	3.546078E1	1.479005E-1
3.966667E1	3.562079E1	1.576583E-1
3.970000E1	3.581895E1	1.424643E-1
3.973333E1	3.587445E1	1.431402E-1
3.976667E1	3.601413E1	1.453138E-1
3.980000E1	3.606661E1	1.404342E-1
3.983333E1	3.613459E1	1.547272E-1
3.986667E1	3.615606E1	2.611404E-1
3.990000E1	3.617268E1	2.777928E-1
3.993333E1	3.619058E1	2.648348E-1
3.996667E1	3.619789E1	2.377564E-1
4.000000E1	3.620181E1	1.611866E-1
4.003333E1	3.630124E1	1.281483E-1
4.006667E1	3.634243E1	1.315213E-1
4.010000E1	3.647312E1	1.363555E-1
4.013333E1	3.664580E1	1.451675E-1
4.016667E1	3.680108E1	1.693293E-1
4.020000E1	3.703941E1	1.498084E-1
4.023333E1	3.707387E1	1.429198E-1
4.026667E1	3.718497E1	1.401228E-1
4.030000E1	3.729312E1	1.448599E-1
4.033333E1	3.734336E1	1.532414E-1
4.036667E1	3.737762E1	2.602966E-1
4.040000E1	3.739978E1	2.769066E-1
4.043333E1	3.742213E1	2.648716E-1
4.046667E1	3.743471E1	2.515417E-1
4.050000E1	3.742416E1	1.758145E-1
4.053333E1	3.752172E1	1.448231E-1
4.056667E1	3.755865E1	1.391863E-1
4.060000E1	3.768991E1	1.406956E-1
4.063333E1	3.785489E1	1.478457E-1
4.066667E1	3.800619E1	1.676706E-1
4.070000E1	3.820348E1	1.505670E-1
4.073333E1	3.824842E1	1.474933E-1
4.076667E1	3.838897E1	1.443339E-1
4.080000E1	3.845329E1	1.471752E-1
4.083333E1	3.854705E1	1.576907E-1
4.086667E1	3.858177E1	2.566610E-1
4.090000E1	3.857356E1	2.726625E-1
4.093333E1	3.858233E1	2.645710E-1
4.096667E1	3.857945E1	2.459735E-1
4.100000E1	3.857170E1	1.621181E-1
4.103333E1	3.867248E1	1.372206E-1
4.106667E1	3.871319E1	1.357823E-1
4.110000E1	3.883147E1	1.414065E-1
4.113333E1	3.899355E1	1.534370E-1
4.116667E1	3.914774E1	1.616209E-1
4.120000E1	3.933194E1	1.516968E-1
4.123333E1	3.938247E1	1.495656E-1
4.126667E1	3.951589E1	1.412789E-1
4.130000E1	3.956376E1	1.506254E-1
4.133333E1	3.963736E1	1.595568E-1
4.136667E1	3.967543E1	2.683546E-1
4.140000E1	3.968821E1	2.824346E-1
4.143333E1	3.970629E1	2.715347E-1
4.146667E1	3.971329E1	2.491232E-1
4.150000E1	3.970724E1	1.730855E-1
4.153333E1	3.978983E1	1.347393E-1
4.156667E1	3.982353E1	1.408523E-1
4.160000E1	3.994549E1	1.423366E-1
4.163333E1	4.010406E1	1.646647E-1
4.166667E1	4.027277E1	1.738426E-1
4.170000E1	4.045663E1	1.609397E-1
4.173333E1	4.050773E1	1.472431E-1
4.176667E1	4.060242E1	1.468140E-1
4.180000E1	4.067365E1	1.525486E-1
4.183333E1	4.076546E1	1.601484E-1
4.186667E1	4.079738E1	2.579208E-1
4.190000E1	4.078746E1	2.807806E-1
4.193333E1	4.079192E1	2.684724E-1
4.196667E1	4.079483E1	2.623303E-1
4.200000E1	4.077752E1	1.967626E-1
4.203333E1	4.081488E1	1.663590E-1
4.206667E1	4.084168E1	1.604209E-1
4.210000E1	4.092807E1	1.572838E-1
4.213333E1	4.107898E1	1.676286E-1
4.216667E1	4.122500E1	1.747403E-1
4.220000E1	4.136946E1	1.601944E-1
4.223333E1	4.139047E1	1.575432E-1
4.226667E1	4.149768E1	1.525840E-1
4.230000E1	4.154025E1	1.609703E-1
4.233333E1	4.160969E1	1.759021E-1
4.236667E1	4.163139E1	2.663326E-1
4.240000E1	4.162632E1	2.829626E-1
4.243333E1	4.162529E1	2.689858E-1
4.246667E1	4.163064E1	2.592640E-1
4.250000E1	4.161731E1	2.147570E-1
4.253333E1	4.164894E1	1.895729E-1
4.256667E1	4.166815E1	2.009329E-1
4.260000E1	4.176561E1	2.235331E-1
4.263333E1	4.190932E1	2.381427E-1
4.266667E1	4.205375E1	2.480986E-1
4.270000E1	4.219564E1	2.279529E-1
4.273333E1	4.222123E1	2.166125E-1
4.276667E1	4.231098E1	2.179577E-1
4.280000E1	4.235031E1	2.259609E-1
4.283333E1	4.238535E1	2.309845E-1
4.286667E1	4.237480E1	3.304191E-1
4.290000E1	4.236312E1	3.480177E-1
4.293333E1	4.235321E1	3.351129E-1
4.296667E1	4.234481E1	3.185096E-1
4.300000E1	4.233692E1	2.522209E-1
4.303333E1	4.236236E1	2.510749E-1
4.306667E1	4.237295E1	2.388856E-1
4.310000E1	4.247540E1	2.430373E-1
4.313333E1	4.261268E1	2.499451E-1
4.316667E1	4.277482E1	2.549626E-1
4.320000E1	4.290938E1	2.578574E-1
4.323333E1	4.293236E1	2.695506E-1
4.326667E1	4.299740E1	2.795010E-1
4.330000E1	4.303440E1	2.820991E-1
4.333333E1	4.309099E1	2.990167E-1
4.336667E1	4.308895E1	3.590213E-1
4.340000E1	4.307581E1	3.785581E-1
4.343333E1	4.306149E1	3.713765E-1
4.346667E1	4.306933E1	3.483754E-1
4.350000E1	4.302016E1	2.638298E-1
4.353333E1	4.301090E1	2.562317E-1
4.356667E1	4.303729E1	2.790373E-1
4.360000E1	4.311838E1	2.950775E-1
4.363333E1	4.317338E1	2.944329E-1
4.366667E1	4.336556E1	3.146204E-1
4.370000E1	4.344740E1	3.064900E-1
4.373333E1	4.348485E1	3.002468E-1
4.376667E1	4.356097E1	2.925942E-1
4.380000E1	4.359770E1	2.901407E-1
4.383333E1	4.364185E1	3.044012E-1
4.386667E1	4.364505E1	3.698723E-1
4.390000E1	4.363603E1	3.811779E-1
4.393333E1	4.362538E1	3.771777E-1
4.396667E1	4.363483E1	3.462322E-1
4.400000E1	4.358163E1	2.606786E-1
4.403333E1	4.357108E1	2.522140E-1
4.406667E1	4.360481E1	2.730465E-1
4.410000E1	4.366873E1	2.905095E-1
4.413333E1	4.370864E1	2.986748E-1
4.416667E1	4.391511E1	3.153883E-1
4.420000E1	4.400460E1	3.039216E-1
4.423333E1	4.405275E1	2.951567E-1
4.426667E1	4.412615E1	2.913713E-1
4.430000E1	4.416338E1	2.899055E-1
4.433333E1	4.422647E1	3.088678E-1
4.436667E1	4.422023E1	3.592558E-1
4.440000E1	4.421367E1	3.793623E-1
4.443333E1	4.419988E1	3.686051E-1
4.446667E1	4.420236E1	3.428453E-1
4.450000E1	4.417094E1	2.518126E-1
4.453333E1	4.414744E1	2.407778E-1
4.456667E1	4.417103E1	2.398454E-1
4.460000E1	4.425431E1	2.338728E-1
4.463333E1	4.430292E1	2.373773E-1
4.466667E1	4.451094E1	2.580277E-1
4.470000E1	4.460635E1	2.709401E-1
4.473333E1	4.464038E1	2.696048E-1
4.476667E1	4.471852E1	2.762277E-1
4.480000E1	4.474961E1	2.814571E-1
4.483333E1	4.481334E1	2.914515E-1
4.486667E1	4.480919E1	3.431529E-1
4.490000E1	4.479825E1	3.684384E-1
4.493333E1	4.478424E1	3.649831E-1
4.496667E1	4.478873E1	3.422111E-1
4.500000E1	4.474705E1	2.502230E-1
4.503333E1	4.474076E1	2.126750E-1
4.506667E1	4.476134E1	2.162176E-1
4.510000E1	4.483193E1	2.211762E-1
4.513333E1	4.488356E1	2.205092E-1
4.516667E1	4.508852E1	2.426917E-1
4.520000E1	4.517305E1	2.332534E-1
4.523333E1	4.521752E1	2.248400E-1
4.526667E1	4.528908E1	2.185952E-1
4.530000E1	4.531785E1	2.199987E-1
4.533333E1	4.538856E1	2.670148E-1
4.536667E1	4.537690E1	3.344065E-1
4.540000E1	4.536810E1	3.415436E-1
4.543333E1	4.535171E1	3.246899E-1
4.546667E1	4.535509E1	3.071630E-1
4.550000E1	4.530138E1	2.146950E-1
4.553333E1	4.532713E1	2.075698E-1
4.556667E1	4.535951E1	2.163554E-1
4.560000E1	4.548691E1	2.286551E-1
4.563333E1	4.555593E1	2.347914E-1
4.566667E1	4.574028E1	2.429548E-1
4.570000E1	4.580566E1	2.247055E-1
4.573333E1	4.583212E1	2.202990E-1
4.576667E1	4.589677E1	2.169493E-1
4.580000E1	4.591726E1	2.201513E-1
4.583333E1	4.594856E1	2.496220E-1
4.586667E1	4.594320E1	2.966163E-1
4.590000E1	4.593652E1	3.026059E-1
4.593333E1	4.592642E1	2.783169E-1
4.596667E1	4.592811E1	2.617681E-1
4.600000E1	4.585421E1	1.753674E-1
4.603333E1	4.589451E1	1.537819E-1
4.606667E1	4.592339E1	1.595412E-1
4.610000E1	4.602119E1	1.612784E-1
4.613333E1	4.609838E1	1.629689E-1
4.616667E1	4.626521E1	1.710841E-1
4.620000E1	4.632640E1	1.515366E-1
4.623333E1	4.635166E1	1.509782E-1
4.626667E1	4.641731E1	1.517062E-1
4.630000E1	4.645196E1	1.467588E-1
4.633333E1	4.648601E1	1.907210E-1
4.636667E1	4.645063E1	2.673671E-1
4.640000E1	4.644199E1	2.808949E-1
4.643333E1	4.642479E1	2.699630E-1
4.646667E1	4.642983E1	2.540477E-1
4.650000E1	4.635277E1	1.678548E-1
4.653333E1	4.638569E1	1.573072E-1
4.656667E1	4.639358E1	1.566437E-1
4.660000E1	4.646946E1	1.548592E-1
4.663333E1	4.656364E1	1.653835E-1
4.666667E1	4.672248E1	1.766415E-1
4.670000E1	4.678765E1	1.573632E-1
4.673333E1	4.682130E1	1.560809E-1
4.676667E1	4.687069E1	1.575752E-1
4.680000E1	4.689217E1	1.542970E-1
4.683333E1	4.690970E1	1.968713E-1
4.686667E1	4.688186E1	2.618997E-1
4.690000E1	4.686910E1	2.772578E-1
4.693333E1	4.684214E1	2.621691E-1
4.696667E1	4.681250E1	2.521846E-1
4.700000E1	4.672478E1	1.677031E-1
4.703333E1	4.673523E1	1.563207E-1
4.706667E1	4.675557E1	1.591618E-1
4.710000E1	4.684919E1	1.667031E-1
4.713333E1	4.690460E1	1.637205E-1
4.716667E1	4.705810E1	1.867326E-1
4.720000E1	4.709124E1	1.918044E-1
4.723333E1	4.712168E1	2.073280E-1
4.726667E1	4.716380E1	2.165428E-1
4.730000E1	4.717416E1	2.173461E-1
4.733333E1	4.718619E1	2.674336E-1
4.736667E1	4.715518E1	3.290701E-1
4.740000E1	4.714003E1	3.423732E-1
4.743333E1	4.711771E1	3.250747E-1
4.746667E1	4.708268E1	3.030428E-1
4.750000E1	4.700780E1	2.312246E-1
4.753333E1	4.701460E1	2.222528E-1
4.756667E1	4.705165E1	2.240458E-1
4.760000E1	4.713593E1	2.406350E-1
4.763333E1	4.719655E1	2.375866E-1
4.766667E1	4.733007E1	2.445067E-1
4.770000E1	4.737978E1	2.211267E-1
4.773333E1	4.741022E1	2.220349E-1
4.776667E1	4.743868E1	2.251862E-1
4.780000E1	4.746040E1	2.215781E-1
4.783333E1	4.748188E1	2.635658E-1
4.786667E1	4.745389E1	3.399903E-1
4.790000E1	4.743713E1	3.453812E-1
4.793333E1	4.739970E1	3.293978E-1
4.796667E1	4.736607E1	3.110254E-1
4.800000E1	4.728177E1	2.374635E-1
4.803333E1	4.730136E1	2.218847E-1
4.806667E1	4.732891E1	2.277139E-1
4.810000E1	4.741534E1	2.315210E-1
4.813333E1	4.746509E1	2.393348E-1
4.816667E1	4.760694E1	2.418218E-1
4.820000E1	4.765662E1	2.233995E-1
4.823333E1	4.769129E1	2.215941E-1
4.826667E1	4.771986E1	2.222632E-1
4.830000E1	4.774444E1	2.203197E-1
4.833333E1	4.775966E1	2.668252E-1
4.836667E1	4.772482E1	3.448283E-1
4.840000E1	4.771161E1	3.507407E-1
4.843333E1	4.765399E1	3.323427E-1
4.846667E1	4.763507E1	3.020056E-1
4.850000E1	4.751617E1	2.382159E-1
4.853333E1	4.752527E1	2.255279E-1
4.856667E1	4.754389E1	2.289536E-1
4.860000E1	4.762977E1	2.369112E-1
4.863333E1	4.766903E1	2.374114E-1
4.866667E1	4.781207E1	2.511846E-1
4.870000E1	4.784369E1	2.239008E-1
4.873333E1	4.784671E1	2.236217E-1
4.876667E1	4.786181E1	2.262388E-1
4.880000E1	4.788273E1	2.232439E-1
4.883333E1	4.788616E1	2.734921E-1
4.886667E1	4.784245E1	3.308143E-1
4.890000E1	4.780299E1	3.430455E-1
4.893333E1	4.772836E1	3.317917E-1
4.896667E1	4.770229E1	3.159198E-1
4.900000E1	4.757135E1	2.349790E-1
4.903333E1	4.757290E1	2.299182E-1
4.906667E1	4.760145E1	2.270762E-1
4.910000E1	4.767269E1	2.347595E-1
4.913333E1	4.772595E1	2.406545E-1
4.916667E1	4.787612E1	2.586153E-1
4.920000E1	4.790558E1	2.658057E-1
4.923333E1	4.791271E1	2.766226E-1
4.926667E1	4.791741E1	2.792388E-1
4.930000E1	4.790706E1	2.824956E-1
4.933333E1	4.789854E1	3.226226E-1
4.936667E1	4.786022E1	3.854818E-1
4.940000E1	4.784479E1	3.433258E-1
4.943333E1	4.774678E1	3.216538E-1
4.946667E1	4.772883E1	2.738004E-1
4.950000E1	4.762500E1	2.204821E-1
4.953333E1	4.760935E1	2.149004E-1
4.956667E1	4.761827E1	2.247249E-1
4.960000E1	4.770965E1	2.421466E-1
4.963333E1	4.776054E1	2.436016E-1
4.966667E1	4.789471E1	2.508302E-1
4.970000E1	4.795094E1	2.228681E-1
4.973333E1	4.797760E1	2.205610E-1
4.976667E1	4.801012E1	2.273205E-1
4.980000E1	4.803785E1	2.251607E-1
4.983333E1	4.804920E1	2.684958E-1
4.986667E1	4.800849E1	3.413058E-1
4.990000E1	4.800430E1	3.377750E-1
4.993333E1	4.791911E1	2.887032E-1
4.996667E1	4.789808E1	2.650147E-1
5.000000E1	4.779457E1	2.061426E-1
5.003333E1	4.781014E1	2.054549E-1
5.006667E1	4.784091E1	2.120478E-1
5.010000E1	4.793840E1	2.292480E-1
5.013333E1	4.798652E1	2.340626E-1
5.016667E1	4.813595E1	2.650082E-1
5.020000E1	4.818755E1	2.604910E-1
5.023333E1	4.820712E1	2.696840E-1
5.026667E1	4.823658E1	2.787114E-1
5.030000E1	4.825489E1	2.827140E-1
5.033333E1	4.826394E1	3.183991E-1
5.036667E1	4.822951E1	3.687207E-1
5.040000E1	4.822404E1	3.479983E-1
5.043333E1	4.813563E1	3.143856E-1
5.046667E1	4.811581E1	2.727736E-1
5.050000E1	4.804739E1	2.106149E-1
5.053333E1	4.804293E1	1.979705E-1
5.056667E1	4.806182E1	2.135026E-1
5.060000E1	4.813908E1	2.262709E-1
5.063333E1	4.820848E1	2.340135E-1
5.066667E1	4.832471E1	2.503370E-1
5.070000E1	4.838018E1	2.266184E-1
5.073333E1	4.840646E1	2.237229E-1
5.076667E1	4.844223E1	2.233674E-1
5.080000E1	4.846661E1	2.205256E-1
5.083333E1	4.847648E1	2.685543E-1
5.086667E1	4.843142E1	3.335110E-1
5.090000E1	4.842690E1	3.407701E-1
5.093333E1	4.834382E1	3.043929E-1
5.096667E1	4.832170E1	2.696841E-1
5.100000E1	4.821432E1	2.073890E-1
5.103333E1	4.823724E1	2.014321E-1
5.106667E1	4.826138E1	2.112349E-1
5.110000E1	4.833371E1	2.246271E-1
5.113333E1	4.839127E1	2.304407E-1
5.116667E1	4.852235E1	2.481501E-1
5.120000E1	4.856986E1	2.210344E-1
5.123333E1	4.856657E1	2.173860E-1
5.126667E1	4.858902E1	2.218529E-1
5.130000E1	4.860071E1	2.193242E-1
5.133333E1	4.860310E1	2.820566E-1
5.136667E1	4.852750E1	3.385470E-1
5.140000E1	4.849874E1	3.474036E-1
5.143333E1	4.842632E1	3.245386E-1
5.146667E1	4.837731E1	3.052529E-1
5.150000E1	4.825753E1	2.242181E-1
5.153333E1	4.825027E1	2.145351E-1
5.156667E1	4.825855E1	2.196522E-1
5.160000E1	4.833587E1	2.347016E-1
5.163333E1	4.838310E1	2.363918E-1
5.166667E1	4.849192E1	2.539827E-1
5.170000E1	4.853922E1	2.564940E-1
5.173333E1	4.854460E1	2.687318E-1
5.176667E1	4.855336E1	2.730404E-1
5.180000E1	4.854623E1	2.803871E-1
5.183333E1	4.853213E1	3.046521E-1
5.186667E1	4.847395E1	3.620343E-1
5.190000E1	4.843089E1	3.765299E-1
5.193333E1	4.831506E1	3.542065E-1
5.196667E1	4.827712E1	3.310821E-1
5.200000E1	4.817033E1	2.885934E-1
5.203333E1	4.813791E1	2.589242E-1
5.206667E1	4.811809E1	2.727669E-1
5.210000E1	4.816031E1	2.917385E-1
5.213333E1	4.824422E1	3.030348E-1
5.216667E1	4.830887E1	3.186857E-1
5.220000E1	4.837897E1	2.937993E-1
5.223333E1	4.838895E1	2.887926E-1
5.226667E1	4.839647E1	2.923964E-1
5.230000E1	4.839493E1	2.929582E-1
5.233333E1	4.837691E1	3.168661E-1
5.236667E1	4.826633E1	4.122744E-1
5.240000E1	4.823926E1	4.184372E-1
5.243333E1	4.815208E1	4.051377E-1
5.246667E1	4.810415E1	3.359463E-1
5.250000E1	4.799565E1	3.060516E-1
5.253333E1	4.795059E1	2.813098E-1
5.256667E1	4.795483E1	2.906361E-1
5.260000E1	4.798190E1	2.975391E-1
5.263333E1	4.807892E1	3.067807E-1
5.266667E1	4.814588E1	3.183189E-1
5.270000E1	4.823204E1	2.948150E-1
5.273333E1	4.824309E1	2.934158E-1
5.276667E1	4.824842E1	2.927974E-1
5.280000E1	4.824887E1	2.926094E-1
5.283333E1	4.823569E1	3.133892E-1
5.286667E1	4.812670E1	4.005568E-1
5.290000E1	4.810562E1	4.094409E-1
5.293333E1	4.803671E1	4.026534E-1
5.296667E1	4.795726E1	3.357898E-1
5.300000E1	4.785218E1	2.968503E-1
5.303333E1	4.780623E1	2.774277E-1
5.306667E1	4.781388E1	2.850324E-1
5.310000E1	4.784489E1	2.910348E-1
5.313333E1	4.795542E1	3.065801E-1
5.316667E1	4.807816E1	3.411316E-1
5.320000E1	4.811867E1	3.193223E-1
5.323333E1	4.811887E1	3.022364E-1
5.326667E1	4.811471E1	2.936179E-1
5.330000E1	4.811794E1	2.908562E-1
5.333333E1	4.810676E1	3.109868E-1
5.336667E1	4.804353E1	4.037030E-1
5.340000E1	4.799733E1	4.147365E-1
5.343333E1	4.793347E1	4.024826E-1
5.346667E1	4.784221E1	3.131750E-1
5.350000E1	4.778029E1	2.737363E-1
5.353333E1	4.772628E1	2.729779E-1
5.356667E1	4.774669E1	2.835214E-1
5.360000E1	4.780840E1	2.922091E-1
5.363333E1	4.792582E1	3.029923E-1
5.366667E1	4.807698E1	3.257176E-1
5.370000E1	4.818259E1	3.189190E-1
5.373333E1	4.819574E1	3.012077E-1
5.376667E1	4.824638E1	2.974553E-1
5.380000E1	4.827303E1	2.931044E-1
5.383333E1	4.825501E1	3.094194E-1
5.386667E1	4.822167E1	3.892374E-1
5.390000E1	4.822482E1	3.884853E-1
5.393333E1	4.820541E1	3.568396E-1
5.396667E1	4.817336E1	3.328383E-1
5.400000E1	4.814235E1	2.864571E-1
5.403333E1	4.812521E1	2.178697E-1
