	masse A		
t	x	y	
0.000000E0	-3.589170E-3	0.000000E0
3.333333E-2	-1.787124E-2	-1.697473E-3
6.666667E-2	-1.807938E-2	-1.184423E-2
1.000000E-1	-9.009633E-2	-1.084475E-2
1.333333E-1	-1.247340E-1	-1.323258E-2
1.666667E-1	-2.636490E-1	-2.461374E-2
2.000000E-1	-3.740366E-1	-2.531683E-2
2.333333E-1	-4.447862E-1	-1.668168E-2
2.666667E-1	-5.718318E-1	-3.464933E-2
3.000000E-1	-6.016300E-1	-1.851796E-2
3.333333E-1	-8.386126E-1	-8.884902E-2
3.666667E-1	-8.873261E-1	-1.035309E-1
4.000000E-1	-8.754202E-1	-1.042950E-1
4.333333E-1	-8.485144E-1	-1.066143E-1
4.666667E-1	-8.179063E-1	-8.529827E-2
5.000000E-1	-6.636551E-1	-5.681856E-2
5.333333E-1	-5.483111E-1	-6.010786E-2
5.666667E-1	-4.781937E-1	-7.405642E-2
6.000000E-1	-2.446907E-1	-6.744185E-2
6.333333E-1	-1.701270E-1	-6.863238E-2
6.666667E-1	1.223930E-2	-1.095483E-1
7.000000E-1	8.978400E-2	-1.055965E-1
7.333333E-1	9.568325E-2	-7.281496E-2
7.666667E-1	1.023466E-1	-5.088038E-2
8.000000E-1	8.746447E-2	-4.626157E-2
8.333333E-1	4.592369E-2	8.590420E-2
8.666667E-1	-4.104735E-2	9.405282E-2
9.000000E-1	-8.024475E-2	6.638603E-2
9.333333E-1	-2.118318E-1	-5.794704E-2
9.666667E-1	-2.226556E-1	-8.240634E-2
1.000000E0	-2.414411E-1	-1.588278E-1
1.033333E0	-2.482542E-1	-2.310418E-1
1.066667E0	-2.207439E-1	-2.241255E-1
1.100000E0	-8.116929E-2	-1.542501E-1
1.133333E0	-2.727145E-2	-1.160475E-1
1.166667E0	8.956065E-2	-6.819588E-2
1.200000E0	1.761256E-1	-6.883738E-2
1.233333E0	1.963338E-1	-7.611645E-2
1.266667E0	2.135877E-1	-9.368529E-2
1.300000E0	2.187963E-1	-1.006993E-1
1.333333E0	2.018527E-1	-8.986500E-2
1.366667E0	6.730537E-2	-5.905805E-2
1.400000E0	5.834181E-2	-6.527928E-2
1.433333E0	2.467045E-2	-8.629409E-2
1.466667E0	-8.991419E-3	-1.052387E-1
1.500000E0	-2.904790E-2	-1.144694E-1
1.533333E0	1.618252E-2	-1.342417E-1
1.566667E0	5.186637E-2	-1.472590E-1
1.600000E0	2.072280E-1	-1.397585E-1
1.633333E0	3.272185E-1	-1.283105E-1
1.666667E0	4.206913E-1	-1.329065E-1
1.700000E0	5.000400E-1	-1.445403E-1
1.733333E0	5.023164E-1	-1.387735E-1
1.766667E0	4.968254E-1	-1.186743E-1
1.800000E0	4.953186E-1	-1.134829E-1
1.833333E0	4.520754E-1	-4.919566E-2
1.866667E0	2.880180E-1	-2.230510E-4
1.900000E0	2.587408E-1	-9.584098E-3
1.933333E0	1.605803E-1	-1.035922E-1
1.966667E0	1.154952E-1	-1.338707E-1
2.000000E0	5.465812E-2	-1.973140E-1
2.033333E0	9.632995E-2	-2.087415E-1
2.066667E0	9.208290E-2	-2.099781E-1
2.100000E0	1.327023E-1	-1.867999E-1
2.133333E0	3.927819E-1	-8.706454E-2
2.166667E0	4.952299E-1	-5.769245E-2
2.200000E0	5.589827E-1	-7.946238E-2
2.233333E0	5.685932E-1	-7.329105E-2
2.266667E0	5.731452E-1	-6.926145E-2
2.300000E0	5.731773E-1	-6.852643E-2
2.333333E0	5.551979E-1	-3.684245E-2
2.366667E0	4.213773E-1	3.439565E-2
2.400000E0	4.061038E-1	4.801059E-4
2.433333E0	2.876165E-1	-5.296704E-2
2.466667E0	2.572129E-1	-1.146830E-1
2.500000E0	1.991312E-1	-1.592297E-1
2.533333E0	2.320003E-1	-1.502011E-1
2.566667E0	2.596283E-1	-1.390785E-1
2.600000E0	3.673803E-1	-1.311580E-1
2.633333E0	4.663339E-1	-7.993833E-2
2.666667E0	6.356941E-1	-2.744392E-2
2.700000E0	6.899194E-1	-2.857890E-2
2.733333E0	7.053084E-1	-1.043887E-2
2.766667E0	7.117590E-1	9.233415E-4
2.800000E0	7.041431E-1	4.466428E-3
2.833333E0	6.834084E-1	7.057121E-2
2.866667E0	5.717555E-1	1.338629E-1
2.900000E0	5.562914E-1	1.277702E-1
2.933333E0	4.296256E-1	3.078089E-2
2.966667E0	3.797342E-1	-1.907564E-2
3.000000E0	3.608437E-1	-3.367859E-2
3.033333E0	4.131195E-1	-2.014747E-3
3.066667E0	4.549110E-1	5.065296E-3
3.100000E0	6.015919E-1	1.848173E-2
3.133333E0	7.274860E-1	9.608980E-2
3.166667E0	8.129011E-1	6.624453E-2
3.200000E0	8.582814E-1	6.209360E-2
3.233333E0	8.660394E-1	6.590093E-2
3.266667E0	8.726004E-1	8.158290E-2
3.300000E0	8.643449E-1	8.141002E-2
3.333333E0	8.332003E-1	1.611880E-1
3.366667E0	7.086175E-1	1.654224E-1
3.400000E0	6.972368E-1	1.308961E-1
3.433333E0	6.055532E-1	6.834574E-2
3.466667E0	5.707274E-1	1.711149E-2
3.500000E0	5.671496E-1	-1.178327E-2
3.533333E0	6.367601E-1	1.296341E-2
3.566667E0	7.102749E-1	2.086927E-2
3.600000E0	8.692351E-1	2.130124E-2
3.633333E0	1.006875E0	7.402877E-2
3.666667E0	1.108548E0	5.632134E-2
3.700000E0	1.177346E0	5.681667E-2
3.733333E0	1.173177E0	6.391057E-2
3.766667E0	1.177885E0	7.478554E-2
3.800000E0	1.166162E0	8.155653E-2
3.833333E0	1.136624E0	1.550050E-1
3.866667E0	1.010401E0	1.792176E-1
3.900000E0	9.961528E-1	1.342743E-1
3.933333E0	9.660502E-1	4.948936E-2
3.966667E0	9.470874E-1	2.250437E-2
4.000000E0	9.312933E-1	-7.247720E-3
4.033333E0	1.024438E0	1.126829E-2
4.066667E0	1.114978E0	1.913993E-2
4.100000E0	1.292304E0	1.592382E-2
4.133333E0	1.435702E0	5.315595E-2
4.166667E0	1.549667E0	5.498744E-2
4.200000E0	1.659619E0	4.634142E-2
4.233333E0	1.676838E0	5.714187E-2
4.266667E0	1.709493E0	7.474173E-2
4.300000E0	1.729339E0	7.701131E-2
4.333333E0	1.711815E0	1.320534E-1
4.366667E0	1.605224E0	1.757787E-1
4.400000E0	1.582319E0	1.339186E-1
4.433333E0	1.558836E0	4.211505E-2
4.466667E0	1.549345E0	2.174131E-2
4.500000E0	1.563446E0	-7.390428E-3
4.533333E0	1.672541E0	2.202245E-3
4.566667E0	1.722891E0	5.552606E-3
4.600000E0	1.891531E0	8.082192E-3
4.633333E0	2.062953E0	3.672055E-2
4.666667E0	2.186392E0	6.094690E-2
4.700000E0	2.315924E0	4.482247E-2
4.733333E0	2.332128E0	6.180513E-2
4.766667E0	2.400889E0	7.168267E-2
4.800000E0	2.418249E0	7.434069E-2
4.833333E0	2.420011E0	1.251469E-1
4.866667E0	2.331937E0	1.836554E-1
4.900000E0	2.350512E0	1.795324E-1
4.933333E0	2.321381E0	9.467189E-2
4.966667E0	2.287803E0	6.396792E-2
5.000000E0	2.298915E0	4.396438E-2
5.033333E0	2.406294E0	5.208178E-2
5.066667E0	2.465505E0	5.675985E-2
5.100000E0	2.608767E0	7.116329E-2
5.133333E0	2.748537E0	8.457816E-2
5.166667E0	2.857300E0	8.246517E-2
5.200000E0	2.990442E0	6.505122E-2
5.233333E0	3.013040E0	7.094787E-2
5.266667E0	3.053115E0	7.836316E-2
5.300000E0	3.095426E0	7.450867E-2
5.333333E0	3.071100E0	1.290049E-1
5.366667E0	2.985933E0	1.907077E-1
5.400000E0	2.985653E0	1.892939E-1
5.433333E0	2.952520E0	1.125690E-1
5.466667E0	2.915892E0	8.970489E-2
5.500000E0	2.933335E0	5.312841E-2
5.533333E0	3.026957E0	5.951406E-2
5.566667E0	3.085776E0	6.320862E-2
5.600000E0	3.278448E0	7.992727E-2
5.633333E0	3.378005E0	8.825131E-2
5.666667E0	3.479876E0	8.394460E-2
5.700000E0	3.595973E0	6.204793E-2
5.733333E0	3.611869E0	6.719735E-2
5.766667E0	3.645861E0	8.362632E-2
5.800000E0	3.667780E0	7.996202E-2
5.833333E0	3.649260E0	1.298627E-1
5.866667E0	3.542998E0	1.902036E-1
5.900000E0	3.521812E0	1.907608E-1
5.933333E0	3.468693E0	1.485956E-1
5.966667E0	3.413663E0	1.039759E-1
6.000000E0	3.429279E0	5.980942E-2
6.033333E0	3.514135E0	6.058755E-2
6.066667E0	3.574766E0	6.732959E-2
6.100000E0	3.742223E0	7.544531E-2
6.133333E0	3.863584E0	9.130398E-2
6.166667E0	3.972268E0	8.040174E-2
6.200000E0	4.049872E0	6.365199E-2
6.233333E0	4.050733E0	6.579950E-2
6.266667E0	4.069497E0	8.068684E-2
6.300000E0	4.094608E0	8.148137E-2
6.333333E0	4.070790E0	1.399672E-1
6.366667E0	3.961110E0	1.931140E-1
6.400000E0	3.941382E0	1.921293E-1
6.433333E0	3.854668E0	1.700094E-1
6.466667E0	3.826713E0	9.493304E-2
6.500000E0	3.808950E0	5.641896E-2
6.533333E0	3.881053E0	6.205620E-2
6.566667E0	3.943395E0	6.513868E-2
6.600000E0	4.103446E0	7.422839E-2
6.633333E0	4.229765E0	8.696130E-2
6.666667E0	4.334868E0	7.957847E-2
6.700000E0	4.407722E0	6.175409E-2
6.733333E0	4.410447E0	6.814716E-2
6.766667E0	4.437482E0	8.859846E-2
6.800000E0	4.452017E0	8.591696E-2
6.833333E0	4.403750E0	1.384288E-1
6.866667E0	4.277654E0	1.872105E-1
6.900000E0	4.265471E0	1.816023E-1
6.933333E0	4.176166E0	1.539166E-1
6.966667E0	4.133211E0	1.032571E-1
7.000000E0	4.136343E0	6.411611E-2
7.033333E0	4.206965E0	6.614099E-2
7.066667E0	4.275395E0	6.752551E-2
7.100000E0	4.445083E0	7.549227E-2
7.133333E0	4.579238E0	9.290741E-2
7.166667E0	4.685781E0	8.577994E-2
7.200000E0	4.747989E0	6.043518E-2
7.233333E0	4.757308E0	7.282990E-2
7.266667E0	4.771148E0	8.369553E-2
7.300000E0	4.794742E0	8.231864E-2
7.333333E0	4.750851E0	1.377637E-1
7.366667E0	4.609396E0	1.842322E-1
7.400000E0	4.586040E0	1.866950E-1
7.433333E0	4.497305E0	1.726747E-1
7.466667E0	4.463657E0	9.991309E-2
7.500000E0	4.454357E0	6.451821E-2
7.533333E0	4.527433E0	6.658553E-2
7.566667E0	4.574278E0	6.948134E-2
7.600000E0	4.728633E0	7.461600E-2
7.633333E0	4.877899E0	8.899862E-2
7.666667E0	4.982485E0	8.124268E-2
7.700000E0	5.046969E0	5.782954E-2
7.733333E0	5.051382E0	6.721545E-2
7.766667E0	5.062081E0	8.013613E-2
7.800000E0	5.087047E0	8.377876E-2
7.833333E0	5.038623E0	1.296146E-1
7.866667E0	4.899785E0	1.959637E-1
7.900000E0	4.871789E0	1.913050E-1
7.933333E0	4.789057E0	1.553266E-1
7.966667E0	4.753165E0	9.107593E-2
8.000000E0	4.736799E0	5.790893E-2
8.033333E0	4.820779E0	6.293924E-2
8.066667E0	4.863534E0	6.660756E-2
8.100000E0	5.021103E0	7.084020E-2
8.133333E0	5.163900E0	8.481580E-2
8.166667E0	5.278799E0	8.212235E-2
8.200000E0	5.355359E0	6.051030E-2
8.233333E0	5.388290E0	7.130339E-2
8.266667E0	5.404376E0	8.431036E-2
8.300000E0	5.399471E0	8.687323E-2
8.333333E0	5.351069E0	1.451067E-1
8.366667E0	5.226949E0	1.933913E-1
8.400000E0	5.213354E0	1.911043E-1
8.433333E0	5.112435E0	1.475336E-1
8.466667E0	5.082441E0	9.769132E-2
8.500000E0	5.078729E0	6.071254E-2
8.533333E0	5.145117E0	6.698062E-2
8.566667E0	5.210948E0	6.705443E-2
8.600000E0	5.391606E0	7.131628E-2
8.633333E0	5.514688E0	8.493535E-2
8.666667E0	5.614047E0	7.518016E-2
8.700000E0	5.677472E0	5.980838E-2
8.733333E0	5.684333E0	6.961071E-2
8.766667E0	5.695276E0	8.236638E-2
8.800000E0	5.686001E0	8.662295E-2
8.833333E0	5.648814E0	1.518262E-1
8.866667E0	5.512732E0	1.937344E-1
8.900000E0	5.495785E0	1.919778E-1
8.933333E0	5.399177E0	1.501717E-1
8.966667E0	5.367427E0	9.919461E-2
9.000000E0	5.365121E0	6.292039E-2
9.033333E0	5.415198E0	6.557912E-2
9.066667E0	5.469303E0	6.422877E-2
9.100000E0	5.623361E0	7.130099E-2
9.133333E0	5.734576E0	8.825630E-2
9.166667E0	5.835582E0	7.590691E-2
9.200000E0	5.856436E0	6.726668E-2
9.233333E0	5.898340E0	7.169864E-2
9.266667E0	5.934729E0	8.230406E-2
9.300000E0	5.944181E0	8.676800E-2
9.333333E0	5.892232E0	1.467559E-1
9.366667E0	5.786906E0	1.842917E-1
9.400000E0	5.758941E0	1.849943E-1
9.433333E0	5.653805E0	1.647351E-1
9.466667E0	5.629521E0	1.173610E-1
9.500000E0	5.576024E0	7.120162E-2
9.533333E0	5.609994E0	7.344818E-2
9.566667E0	5.713337E0	7.957423E-2
9.600000E0	5.871842E0	7.758140E-2
9.633333E0	5.915864E0	7.548867E-2
9.666667E0	6.059524E0	7.328334E-2
9.700000E0	6.119189E0	5.738975E-2
9.733333E0	6.138334E0	7.134722E-2
9.766667E0	6.173380E0	7.694851E-2
9.800000E0	6.179478E0	7.661743E-2
9.833333E0	6.134546E0	1.623559E-1
9.866667E0	6.041552E0	1.952246E-1
9.900000E0	6.011857E0	1.908740E-1
9.933333E0	5.896116E0	1.619196E-1
9.966667E0	5.878404E0	1.209026E-1
1.000000E1	5.851108E0	6.973538E-2
1.003333E1	5.887980E0	6.661136E-2
1.006667E1	5.965951E0	6.346121E-2
1.010000E1	6.104829E0	7.348632E-2
1.013333E1	6.174350E0	8.076287E-2
1.016667E1	6.338213E0	7.619858E-2
1.020000E1	6.381760E0	5.965463E-2
1.023333E1	6.412529E0	6.964950E-2
1.026667E1	6.442115E0	8.180446E-2
1.030000E1	6.452172E0	7.839043E-2
1.033333E1	6.405224E0	1.687634E-1
1.036667E1	6.303099E0	1.999747E-1
1.040000E1	6.284731E0	1.982275E-1
1.043333E1	6.171674E0	1.545679E-1
1.046667E1	6.157629E0	1.136267E-1
1.050000E1	6.127908E0	6.184414E-2
1.053333E1	6.153220E0	6.872333E-2
1.056667E1	6.213213E0	7.233078E-2
1.060000E1	6.380286E0	7.393791E-2
1.063333E1	6.464859E0	8.111916E-2
1.066667E1	6.619817E0	8.264229E-2
1.070000E1	6.668782E0	6.095689E-2
1.073333E1	6.695527E0	7.100000E-2
1.076667E1	6.717593E0	8.413165E-2
1.080000E1	6.732794E0	7.979041E-2
1.083333E1	6.685801E0	1.630734E-1
1.086667E1	6.577488E0	1.947574E-1
1.090000E1	6.566875E0	1.958533E-1
1.093333E1	6.453803E0	1.688719E-1
1.096667E1	6.437443E0	1.196325E-1
1.100000E1	6.402341E0	6.512344E-2
1.103333E1	6.436271E0	6.320928E-2
1.106667E1	6.492128E0	6.339966E-2
1.110000E1	6.616940E0	6.978050E-2
1.113333E1	6.727793E0	8.216708E-2
1.116667E1	6.888297E0	8.036177E-2
1.120000E1	6.935166E0	6.070799E-2
1.123333E1	6.979483E0	6.980643E-2
1.126667E1	7.007743E0	8.057612E-2
1.130000E1	7.024154E0	7.821666E-2
1.133333E1	6.971285E0	1.598871E-1
1.136667E1	6.870908E0	1.890928E-1
1.140000E1	6.857917E0	1.907520E-1
1.143333E1	6.750927E0	1.544056E-1
1.146667E1	6.734277E0	1.183531E-1
1.150000E1	6.697857E0	5.973239E-2
1.153333E1	6.730829E0	6.440927E-2
1.156667E1	6.817946E0	6.844161E-2
1.160000E1	6.965717E0	7.485136E-2
1.163333E1	7.039187E0	8.205523E-2
1.166667E1	7.203282E0	7.482909E-2
1.170000E1	7.248053E0	5.903354E-2
1.173333E1	7.279792E0	6.542975E-2
1.176667E1	7.308759E0	7.598531E-2
1.180000E1	7.317487E0	7.417575E-2
1.183333E1	7.278240E0	1.482317E-1
1.186667E1	7.180641E0	1.912582E-1
1.190000E1	7.155513E0	1.920705E-1
1.193333E1	7.044138E0	1.603986E-1
1.196667E1	7.024464E0	1.218692E-1
1.200000E1	7.003977E0	5.842054E-2
1.203333E1	7.043037E0	5.021289E-2
1.206667E1	7.065851E0	6.060129E-2
1.210000E1	7.187105E0	6.649876E-2
1.213333E1	7.330688E0	7.915434E-2
1.216667E1	7.497064E0	7.683543E-2
1.220000E1	7.565475E0	5.483903E-2
1.223333E1	7.579331E0	6.728922E-2
1.226667E1	7.621882E0	7.902063E-2
1.230000E1	7.617762E0	7.604994E-2
1.233333E1	7.582680E0	1.604060E-1
1.236667E1	7.484431E0	1.886303E-1
1.240000E1	7.451977E0	1.943317E-1
1.243333E1	7.333183E0	1.485179E-1
1.246667E1	7.318213E0	1.160524E-1
1.250000E1	7.292765E0	6.339433E-2
1.253333E1	7.332501E0	6.375579E-2
1.256667E1	7.437329E0	7.262368E-2
1.260000E1	7.604308E0	7.223382E-2
1.263333E1	7.671961E0	7.586860E-2
1.266667E1	7.860375E0	8.220414E-2
1.270000E1	7.919874E0	5.560506E-2
1.273333E1	7.947856E0	6.746588E-2
1.276667E1	7.990804E0	7.242099E-2
1.280000E1	7.979530E0	7.365592E-2
1.283333E1	7.931788E0	1.662047E-1
1.286667E1	7.845228E0	1.930991E-1
1.290000E1	7.810257E0	1.979409E-1
1.293333E1	7.696264E0	1.559290E-1
1.296667E1	7.680795E0	1.266619E-1
1.300000E1	7.654684E0	6.942253E-2
1.303333E1	7.696557E0	6.401745E-2
1.306667E1	7.795953E0	7.008318E-2
1.310000E1	7.952742E0	7.063535E-2
1.313333E1	8.001901E0	7.858917E-2
1.316667E1	8.199656E0	7.994483E-2
1.320000E1	8.249948E0	6.052785E-2
1.323333E1	8.275879E0	6.475324E-2
1.326667E1	8.298120E0	7.776054E-2
1.330000E1	8.314141E0	7.648107E-2
1.333333E1	8.268912E0	1.588238E-1
1.336667E1	8.161354E0	1.942118E-1
1.340000E1	8.139525E0	1.908123E-1
1.343333E1	8.037887E0	1.819309E-1
1.346667E1	8.004061E0	1.517295E-1
1.350000E1	7.962520E0	8.015844E-2
1.353333E1	8.005462E0	7.524624E-2
1.356667E1	8.121179E0	7.280631E-2
1.360000E1	8.260975E0	7.620962E-2
1.363333E1	8.334376E0	8.393441E-2
1.366667E1	8.501333E0	8.007975E-2
1.370000E1	8.554073E0	6.121336E-2
1.373333E1	8.578757E0	7.179721E-2
1.376667E1	8.618513E0	7.597580E-2
1.380000E1	8.615703E0	7.909564E-2
1.383333E1	8.581255E0	1.814311E-1
1.386667E1	8.474780E0	2.108614E-1
1.390000E1	8.448889E0	2.087355E-1
1.393333E1	8.341602E0	1.874414E-1
1.396667E1	8.311693E0	1.613022E-1
1.400000E1	8.285358E0	8.670399E-2
1.403333E1	8.314725E0	8.037610E-2
1.406667E1	8.389008E0	7.234427E-2
1.410000E1	8.551014E0	7.905112E-2
1.413333E1	8.632790E0	8.526976E-2
1.416667E1	8.795656E0	8.588256E-2
1.420000E1	8.875453E0	6.290255E-2
1.423333E1	8.909930E0	6.815555E-2
1.426667E1	8.930198E0	7.079721E-2
1.430000E1	8.921543E0	7.152587E-2
1.433333E1	8.880698E0	1.650568E-1
1.436667E1	8.774508E0	1.905170E-1
1.440000E1	8.741236E0	1.964077E-1
1.443333E1	8.622827E0	1.777053E-1
1.446667E1	8.611356E0	1.292057E-1
1.450000E1	8.585783E0	8.147619E-2
1.453333E1	8.624433E0	7.135011E-2
1.456667E1	8.729674E0	7.385516E-2
1.460000E1	8.892442E0	7.382967E-2
1.463333E1	8.950735E0	7.698175E-2
1.466667E1	9.157831E0	8.131076E-2
1.470000E1	9.213328E0	5.904535E-2
1.473333E1	9.242376E0	6.729964E-2
1.476667E1	9.290720E0	7.123786E-2
1.480000E1	9.276155E0	7.139436E-2
1.483333E1	9.226439E0	1.650436E-1
1.486667E1	9.138204E0	1.876787E-1
1.490000E1	9.103301E0	1.953529E-1
1.493333E1	9.002108E0	1.809153E-1
1.496667E1	8.966958E0	1.525166E-1
1.500000E1	8.939227E0	9.203757E-2
1.503333E1	8.981776E0	7.495233E-2
1.506667E1	9.084733E0	7.462836E-2
1.510000E1	9.252795E0	7.675995E-2
1.513333E1	9.319702E0	7.874465E-2
1.516667E1	9.527920E0	8.177574E-2
1.520000E1	9.579216E0	5.469747E-2
1.523333E1	9.598509E0	6.653762E-2
1.526667E1	9.641915E0	7.004359E-2
1.530000E1	9.636195E0	7.288381E-2
1.533333E1	9.591171E0	1.358435E-1
1.536667E1	9.496368E0	1.911950E-1
1.540000E1	9.462951E0	1.972825E-1
1.543333E1	9.350744E0	1.823381E-1
1.546667E1	9.322014E0	1.536110E-1
1.550000E1	9.288391E0	8.036730E-2
1.553333E1	9.313049E0	7.462668E-2
1.556667E1	9.437220E0	7.399940E-2
1.560000E1	9.599141E0	7.551862E-2
1.563333E1	9.645518E0	7.643906E-2
1.566667E1	9.833340E0	8.115008E-2
1.570000E1	9.889038E0	5.972059E-2
1.573333E1	9.918570E0	6.797703E-2
1.576667E1	9.936738E0	7.254740E-2
1.580000E1	9.922685E0	7.219334E-2
1.583333E1	9.875565E0	1.521677E-1
1.586667E1	9.773587E0	1.919541E-1
1.590000E1	9.747762E0	1.999451E-1
1.593333E1	9.623915E0	1.636611E-1
1.596667E1	9.605148E0	1.195090E-1
1.600000E1	9.571801E0	7.458935E-2
1.603333E1	9.597742E0	7.052618E-2
1.606667E1	9.645293E0	6.906340E-2
1.610000E1	9.788948E0	6.821624E-2
1.613333E1	9.894347E0	8.065039E-2
1.616667E1	1.006028E1	7.700362E-2
1.620000E1	1.011555E1	6.235665E-2
1.623333E1	1.014334E1	6.809783E-2
1.626667E1	1.016655E1	7.888143E-2
1.630000E1	1.018170E1	7.645156E-2
1.633333E1	1.011739E1	1.561911E-1
1.636667E1	1.000977E1	2.012841E-1
1.640000E1	9.961477E0	1.982504E-1
1.643333E1	9.855827E0	1.803207E-1
1.646667E1	9.822499E0	1.553244E-1
1.650000E1	9.785216E0	7.885320E-2
1.653333E1	9.815711E0	7.669627E-2
1.656667E1	9.887034E0	6.946987E-2
1.660000E1	1.005013E1	7.439710E-2
1.663333E1	1.014648E1	8.133155E-2
1.666667E1	1.030390E1	8.302172E-2
1.670000E1	1.037028E1	6.605670E-2
1.673333E1	1.040955E1	7.357388E-2
1.676667E1	1.043115E1	7.564423E-2
1.680000E1	1.042126E1	7.460421E-2
1.683333E1	1.036995E1	1.601399E-1
1.686667E1	1.026765E1	1.895239E-1
1.690000E1	1.023801E1	1.973597E-1
1.693333E1	1.013088E1	1.825611E-1
1.696667E1	1.010269E1	1.602946E-1
1.700000E1	1.004799E1	9.160938E-2
1.703333E1	1.009443E1	7.554696E-2
1.706667E1	1.015335E1	7.103698E-2
1.710000E1	1.029665E1	7.080042E-2
1.713333E1	1.039639E1	8.227765E-2
1.716667E1	1.056486E1	7.716083E-2
1.720000E1	1.062733E1	5.328094E-2
1.723333E1	1.064545E1	5.995137E-2
1.726667E1	1.066715E1	7.480432E-2
1.730000E1	1.068128E1	7.278524E-2
1.733333E1	1.062924E1	1.719093E-1
1.736667E1	1.051998E1	2.000660E-1
1.740000E1	1.048962E1	1.988759E-1
1.743333E1	1.038275E1	1.898635E-1
1.746667E1	1.035231E1	1.469942E-1
1.750000E1	1.030215E1	8.440553E-2
1.753333E1	1.037382E1	7.835810E-2
1.756667E1	1.047917E1	7.551058E-2
1.760000E1	1.064424E1	7.466342E-2
1.763333E1	1.073398E1	9.395497E-2
1.766667E1	1.088576E1	7.294926E-2
1.770000E1	1.092641E1	6.376344E-2
1.773333E1	1.092877E1	6.625160E-2
1.776667E1	1.092455E1	7.937187E-2
1.780000E1	1.091836E1	8.525165E-2
1.783333E1	1.088759E1	1.472558E-1
1.786667E1	1.073498E1	1.958094E-1
1.790000E1	1.072956E1	1.942882E-1
1.793333E1	1.062141E1	1.558543E-1
1.796667E1	1.058977E1	1.040217E-1
1.800000E1	1.059357E1	6.436810E-2
1.803333E1	1.064650E1	5.983764E-2
1.806667E1	1.073023E1	6.653234E-2
1.810000E1	1.090974E1	7.149445E-2
1.813333E1	1.101595E1	8.001312E-2
1.816667E1	1.112597E1	7.549267E-2
1.820000E1	1.119769E1	5.678266E-2
1.823333E1	1.120847E1	6.673313E-2
1.826667E1	1.120712E1	7.805951E-2
1.830000E1	1.120571E1	7.947718E-2
1.833333E1	1.116669E1	1.400206E-1
1.836667E1	1.104003E1	2.023734E-1
1.840000E1	1.102818E1	1.969864E-1
1.843333E1	1.091172E1	1.463982E-1
1.846667E1	1.087186E1	1.006399E-1
1.850000E1	1.088361E1	6.634566E-2
1.853333E1	1.092332E1	6.052363E-2
1.856667E1	1.101776E1	6.492068E-2
1.860000E1	1.119719E1	7.334110E-2
1.863333E1	1.128374E1	8.112678E-2
1.866667E1	1.136510E1	7.415923E-2
1.870000E1	1.144502E1	5.233901E-2
1.873333E1	1.143889E1	6.221398E-2
1.876667E1	1.143694E1	7.633171E-2
1.880000E1	1.142620E1	8.176127E-2
1.883333E1	1.137924E1	1.524892E-1
1.886667E1	1.124327E1	1.885654E-1
1.890000E1	1.123734E1	1.895166E-1
1.893333E1	1.113747E1	1.481453E-1
1.896667E1	1.109379E1	1.067227E-1
1.900000E1	1.109698E1	6.350638E-2
1.903333E1	1.115201E1	5.847148E-2
1.906667E1	1.120713E1	6.462625E-2
1.910000E1	1.138780E1	7.044966E-2
1.913333E1	1.148277E1	7.739739E-2
1.916667E1	1.159186E1	8.088052E-2
1.920000E1	1.165734E1	5.462342E-2
1.923333E1	1.166555E1	6.426270E-2
1.926667E1	1.170702E1	7.766071E-2
1.930000E1	1.170485E1	8.325012E-2
1.933333E1	1.165504E1	1.394235E-1
1.936667E1	1.149004E1	1.966443E-1
1.940000E1	1.146393E1	1.974142E-1
1.943333E1	1.136060E1	1.400735E-1
1.946667E1	1.131891E1	1.042688E-1
1.950000E1	1.131380E1	6.425617E-2
1.953333E1	1.137024E1	5.915652E-2
1.956667E1	1.145358E1	6.868074E-2
1.960000E1	1.163468E1	7.379374E-2
1.963333E1	1.174700E1	8.411579E-2
1.966667E1	1.184940E1	7.404832E-2
1.970000E1	1.192070E1	5.763987E-2
1.973333E1	1.192529E1	6.345637E-2
1.976667E1	1.192499E1	7.387572E-2
1.980000E1	1.192173E1	8.122197E-2
1.983333E1	1.187484E1	1.370494E-1
1.986667E1	1.170713E1	1.985377E-1
1.990000E1	1.167776E1	1.995281E-1
1.993333E1	1.158699E1	1.196062E-1
1.996667E1	1.152585E1	9.600581E-2
2.000000E1	1.152177E1	6.454978E-2
2.003333E1	1.158898E1	5.790199E-2
2.006667E1	1.165616E1	6.217050E-2
2.010000E1	1.179864E1	6.670590E-2
2.013333E1	1.191530E1	7.983075E-2
2.016667E1	1.203174E1	7.750119E-2
2.020000E1	1.211969E1	5.759657E-2
2.023333E1	1.213779E1	6.277682E-2
2.026667E1	1.213642E1	7.882836E-2
2.030000E1	1.212917E1	8.682493E-2
2.033333E1	1.207725E1	1.523568E-1
2.036667E1	1.191197E1	1.936315E-1
2.040000E1	1.188569E1	1.981126E-1
2.043333E1	1.178957E1	1.401544E-1
2.046667E1	1.175860E1	1.092847E-1
2.050000E1	1.174340E1	8.846146E-2
2.053333E1	1.180262E1	6.966871E-2
2.056667E1	1.188047E1	7.660070E-2
2.060000E1	1.206069E1	7.460608E-2
2.063333E1	1.217526E1	8.495025E-2
2.066667E1	1.228746E1	7.400204E-2
2.070000E1	1.235578E1	5.534050E-2
2.073333E1	1.236113E1	6.153628E-2
2.076667E1	1.236121E1	7.407184E-2
2.080000E1	1.235560E1	8.299755E-2
2.083333E1	1.231006E1	1.479215E-1
2.086667E1	1.217880E1	1.998796E-1
2.090000E1	1.216805E1	2.002038E-1
2.093333E1	1.205997E1	1.319293E-1
2.096667E1	1.202906E1	1.012369E-1
2.100000E1	1.203141E1	6.595919E-2
2.103333E1	1.209111E1	5.798328E-2
2.106667E1	1.217241E1	6.687780E-2
2.110000E1	1.235668E1	6.908169E-2
2.113333E1	1.245751E1	7.760112E-2
2.116667E1	1.257491E1	7.265673E-2
2.120000E1	1.264308E1	5.309723E-2
2.123333E1	1.265088E1	6.078955E-2
2.126667E1	1.265570E1	6.628155E-2
2.130000E1	1.264580E1	6.774229E-2
2.133333E1	1.260400E1	1.754211E-1
2.136667E1	1.245972E1	2.053740E-1
2.140000E1	1.244665E1	1.995274E-1
2.143333E1	1.233737E1	1.479067E-1
2.146667E1	1.229114E1	9.858912E-2
2.150000E1	1.227229E1	6.100702E-2
2.153333E1	1.233991E1	5.849282E-2
2.156667E1	1.240062E1	6.302146E-2
2.160000E1	1.259700E1	7.266250E-2
2.163333E1	1.269949E1	8.267736E-2
2.166667E1	1.281106E1	7.647287E-2
2.170000E1	1.290476E1	5.710402E-2
2.173333E1	1.292363E1	6.254228E-2
2.176667E1	1.292905E1	7.580699E-2
2.180000E1	1.292167E1	8.664469E-2
2.183333E1	1.286222E1	1.481917E-1
2.186667E1	1.269741E1	1.947687E-1
2.190000E1	1.266933E1	1.958577E-1
2.193333E1	1.258326E1	1.267767E-1
2.196667E1	1.254737E1	1.114611E-1
2.200000E1	1.251481E1	7.773299E-2
2.203333E1	1.256881E1	7.121893E-2
2.206667E1	1.262728E1	7.063421E-2
2.210000E1	1.280746E1	7.056653E-2
2.213333E1	1.291901E1	7.819576E-2
2.216667E1	1.302777E1	7.312498E-2
2.220000E1	1.311324E1	5.744210E-2
2.223333E1	1.313502E1	6.285014E-2
2.226667E1	1.314247E1	7.494235E-2
2.230000E1	1.313925E1	8.408845E-2
2.233333E1	1.312143E1	1.035879E-1
2.236667E1	1.294571E1	1.907874E-1
2.240000E1	1.289833E1	1.955025E-1
2.243333E1	1.278798E1	1.071227E-1
2.246667E1	1.275515E1	8.126191E-2
2.250000E1	1.275971E1	6.031088E-2
2.253333E1	1.283146E1	6.048940E-2
2.256667E1	1.290051E1	6.277266E-2
2.260000E1	1.309473E1	6.850819E-2
2.263333E1	1.318691E1	7.830622E-2
2.266667E1	1.330388E1	7.029211E-2
2.270000E1	1.337284E1	4.987111E-2
2.273333E1	1.337412E1	5.655097E-2
2.276667E1	1.337483E1	6.997494E-2
2.280000E1	1.336562E1	7.941315E-2
2.283333E1	1.331661E1	1.401649E-1
2.286667E1	1.317195E1	2.035624E-1
2.290000E1	1.315605E1	1.993832E-1
2.293333E1	1.305567E1	1.438360E-1
2.296667E1	1.301070E1	1.007263E-1
2.300000E1	1.298408E1	6.316000E-2
2.303333E1	1.306094E1	6.168424E-2
2.306667E1	1.312148E1	6.422200E-2
2.310000E1	1.329841E1	6.905452E-2
2.313333E1	1.341051E1	7.922586E-2
2.316667E1	1.353279E1	7.760478E-2
2.320000E1	1.362099E1	5.648475E-2
2.323333E1	1.364339E1	6.238176E-2
2.326667E1	1.364537E1	7.467127E-2
2.330000E1	1.363857E1	8.365819E-2
2.333333E1	1.360113E1	1.478156E-1
2.336667E1	1.346738E1	2.017092E-1
2.340000E1	1.344993E1	1.993964E-1
2.343333E1	1.334585E1	1.515532E-1
2.346667E1	1.328370E1	9.948623E-2
2.350000E1	1.326046E1	6.304410E-2
2.353333E1	1.333022E1	6.205267E-2
2.356667E1	1.339780E1	6.282872E-2
2.360000E1	1.361833E1	7.485233E-2
2.363333E1	1.369121E1	8.275780E-2
2.366667E1	1.380468E1	7.330232E-2
2.370000E1	1.387742E1	5.406937E-2
2.373333E1	1.387362E1	6.207426E-2
2.376667E1	1.386958E1	7.747234E-2
2.380000E1	1.385982E1	8.642869E-2
2.383333E1	1.381025E1	1.444398E-1
2.386667E1	1.363943E1	2.006546E-1
2.390000E1	1.360457E1	2.026682E-1
2.393333E1	1.351194E1	1.284856E-1
2.396667E1	1.346486E1	1.057223E-1
2.400000E1	1.346350E1	6.754819E-2
2.403333E1	1.351986E1	5.720934E-2
2.406667E1	1.358778E1	6.242829E-2
2.410000E1	1.375347E1	7.019450E-2
2.413333E1	1.386697E1	7.890176E-2
2.416667E1	1.395687E1	7.307674E-2
2.420000E1	1.404657E1	5.285486E-2
2.423333E1	1.406915E1	6.080495E-2
2.426667E1	1.407246E1	7.507206E-2
2.430000E1	1.406779E1	8.347509E-2
2.433333E1	1.402300E1	1.459159E-1
2.436667E1	1.384733E1	1.964425E-1
2.440000E1	1.381687E1	1.985366E-1
2.443333E1	1.373593E1	1.328826E-1
2.446667E1	1.368067E1	1.014826E-1
2.450000E1	1.368605E1	6.319798E-2
2.453333E1	1.375368E1	6.091420E-2
2.456667E1	1.382426E1	6.633940E-2
2.460000E1	1.402400E1	6.834061E-2
2.463333E1	1.413158E1	7.723071E-2
2.466667E1	1.424844E1	8.046057E-2
2.470000E1	1.434096E1	5.674158E-2
2.473333E1	1.436529E1	6.050785E-2
2.476667E1	1.437325E1	6.985234E-2
2.480000E1	1.436779E1	7.909540E-2
2.483333E1	1.432131E1	1.469178E-1
2.486667E1	1.419643E1	2.004707E-1
2.490000E1	1.418287E1	2.014949E-1
2.493333E1	1.407738E1	1.346287E-1
2.496667E1	1.405785E1	1.105349E-1
2.500000E1	1.404089E1	9.246679E-2
2.503333E1	1.410101E1	6.466114E-2
2.506667E1	1.417803E1	7.599305E-2
2.510000E1	1.436415E1	7.346030E-2
2.513333E1	1.446531E1	8.772447E-2
2.516667E1	1.458474E1	7.603461E-2
2.520000E1	1.465997E1	5.506870E-2
2.523333E1	1.466268E1	6.122048E-2
2.526667E1	1.466301E1	7.385297E-2
2.530000E1	1.465481E1	8.096144E-2
2.533333E1	1.464912E1	7.707145E-2
2.536667E1	1.446283E1	1.999263E-1
2.540000E1	1.444075E1	1.943706E-1
2.543333E1	1.434922E1	1.234259E-1
2.546667E1	1.429373E1	9.432047E-2
2.550000E1	1.428153E1	6.128660E-2
2.553333E1	1.435247E1	5.784530E-2
2.556667E1	1.440878E1	6.295486E-2
2.560000E1	1.460677E1	7.230962E-2
2.563333E1	1.470585E1	7.757108E-2
2.566667E1	1.481091E1	7.401242E-2
2.570000E1	1.489508E1	5.739836E-2
2.573333E1	1.492456E1	6.108910E-2
2.576667E1	1.493407E1	7.313731E-2
2.580000E1	1.493657E1	8.175299E-2
2.583333E1	1.489220E1	1.544704E-1
2.586667E1	1.477060E1	1.923663E-1
2.590000E1	1.475832E1	1.978459E-1
2.593333E1	1.464898E1	1.260858E-1
2.596667E1	1.461690E1	1.062015E-1
2.600000E1	1.461261E1	6.679212E-2
2.603333E1	1.465227E1	6.195900E-2
2.606667E1	1.472544E1	6.147202E-2
2.610000E1	1.486303E1	6.892464E-2
2.613333E1	1.493537E1	7.637580E-2
2.616667E1	1.511481E1	7.977803E-2
2.620000E1	1.519045E1	6.283513E-2
2.623333E1	1.522589E1	6.424219E-2
2.626667E1	1.524608E1	6.468631E-2
2.630000E1	1.523328E1	6.742141E-2
2.633333E1	1.519186E1	1.640555E-1
2.636667E1	1.508887E1	1.953246E-1
2.640000E1	1.505136E1	2.020790E-1
2.643333E1	1.493771E1	1.749492E-1
2.646667E1	1.492084E1	1.308210E-1
2.650000E1	1.487454E1	7.031827E-2
2.653333E1	1.490982E1	6.641017E-2
2.656667E1	1.496079E1	6.237919E-2
2.660000E1	1.509873E1	6.710837E-2
2.663333E1	1.520042E1	8.172311E-2
2.666667E1	1.537979E1	7.519451E-2
2.670000E1	1.544587E1	5.742015E-2
2.673333E1	1.546940E1	6.848850E-2
2.676667E1	1.550722E1	7.233075E-2
2.680000E1	1.550473E1	7.251187E-2
2.683333E1	1.546698E1	1.608998E-1
2.686667E1	1.536943E1	1.950912E-1
2.690000E1	1.533711E1	2.004149E-1
2.693333E1	1.522173E1	1.701404E-1
2.696667E1	1.520555E1	1.349445E-1
2.700000E1	1.515338E1	7.044183E-2
2.703333E1	1.519282E1	7.295961E-2
2.706667E1	1.524559E1	6.227694E-2
2.710000E1	1.538316E1	6.487061E-2
2.713333E1	1.548669E1	7.816297E-2
2.716667E1	1.567003E1	8.048037E-2
2.720000E1	1.574189E1	5.858587E-2
2.723333E1	1.575797E1	6.660775E-2
2.726667E1	1.579608E1	7.341948E-2
2.730000E1	1.579458E1	7.248128E-2
2.733333E1	1.574800E1	1.522364E-1
2.736667E1	1.563880E1	2.004199E-1
2.740000E1	1.561341E1	2.083478E-1
2.743333E1	1.550928E1	1.848693E-1
2.746667E1	1.547635E1	1.643312E-1
2.750000E1	1.542974E1	8.540029E-2
2.753333E1	1.547501E1	7.901467E-2
2.756667E1	1.553491E1	7.030556E-2
2.760000E1	1.566233E1	7.135765E-2
2.763333E1	1.576836E1	8.410945E-2
2.766667E1	1.593924E1	8.281143E-2
2.770000E1	1.600338E1	5.888124E-2
2.773333E1	1.603063E1	6.625011E-2
2.776667E1	1.605284E1	7.432043E-2
2.780000E1	1.606489E1	7.437501E-2
2.783333E1	1.600974E1	1.493607E-1
2.786667E1	1.590078E1	2.011637E-1
2.790000E1	1.585911E1	1.995175E-1
2.793333E1	1.576828E1	1.888678E-1
2.796667E1	1.573724E1	1.548757E-1
2.800000E1	1.567733E1	7.552367E-2
2.803333E1	1.570041E1	7.696327E-2
2.806667E1	1.576973E1	7.654722E-2
2.810000E1	1.592961E1	7.314709E-2
2.813333E1	1.599685E1	7.592557E-2
2.816667E1	1.618382E1	8.690821E-2
2.820000E1	1.624851E1	5.996055E-2
2.823333E1	1.626082E1	7.170977E-2
2.826667E1	1.630838E1	7.560894E-2
2.830000E1	1.630053E1	7.391831E-2
2.833333E1	1.624962E1	1.590628E-1
2.836667E1	1.613881E1	2.006016E-1
2.840000E1	1.608700E1	1.997250E-1
2.843333E1	1.598939E1	1.884524E-1
2.846667E1	1.595142E1	1.525400E-1
2.850000E1	1.590258E1	8.816771E-2
2.853333E1	1.593910E1	7.715233E-2
2.856667E1	1.600177E1	7.415878E-2
2.860000E1	1.615766E1	7.431434E-2
2.863333E1	1.623599E1	7.814790E-2
2.866667E1	1.636751E1	7.924988E-2
2.870000E1	1.648157E1	5.822931E-2
2.873333E1	1.651420E1	6.211122E-2
2.876667E1	1.653886E1	6.894528E-2
2.880000E1	1.652717E1	6.999831E-2
2.883333E1	1.648574E1	1.530566E-1
2.886667E1	1.637848E1	2.028383E-1
2.890000E1	1.634386E1	2.043708E-1
2.893333E1	1.624502E1	1.879126E-1
2.896667E1	1.621079E1	1.601494E-1
2.900000E1	1.618260E1	8.403432E-2
2.903333E1	1.619982E1	7.542199E-2
2.906667E1	1.626156E1	7.359970E-2
2.910000E1	1.643709E1	7.555235E-2
2.913333E1	1.652006E1	7.929943E-2
2.916667E1	1.669993E1	8.688507E-2
2.920000E1	1.677559E1	6.140019E-2
2.923333E1	1.681191E1	6.723683E-2
2.926667E1	1.684692E1	7.351863E-2
2.930000E1	1.685792E1	7.350610E-2
2.933333E1	1.680205E1	1.551133E-1
2.936667E1	1.670178E1	2.029860E-1
2.940000E1	1.666648E1	1.989131E-1
2.943333E1	1.657830E1	1.870551E-1
2.946667E1	1.653940E1	1.410251E-1
2.950000E1	1.648241E1	8.157315E-2
2.953333E1	1.652506E1	6.424036E-2
2.956667E1	1.662006E1	7.740506E-2
2.960000E1	1.677974E1	7.673690E-2
2.963333E1	1.682700E1	7.511361E-2
2.966667E1	1.700859E1	7.679320E-2
2.970000E1	1.707948E1	5.743355E-2
2.973333E1	1.710691E1	6.038140E-2
2.976667E1	1.713715E1	7.376921E-2
2.980000E1	1.714854E1	7.409375E-2
2.983333E1	1.709736E1	1.561730E-1
2.986667E1	1.700159E1	1.982701E-1
2.990000E1	1.697418E1	2.060800E-1
2.993333E1	1.687153E1	1.742690E-1
2.996667E1	1.685655E1	1.356046E-1
3.000000E1	1.680844E1	6.955527E-2
3.003333E1	1.684156E1	7.010227E-2
3.006667E1	1.690052E1	6.311887E-2
3.010000E1	1.703570E1	6.780403E-2
3.013333E1	1.714094E1	7.664542E-2
3.016667E1	1.733001E1	7.633662E-2
3.020000E1	1.739548E1	5.386372E-2
3.023333E1	1.741580E1	6.544803E-2
3.026667E1	1.745546E1	6.633609E-2
3.030000E1	1.745427E1	6.792862E-2
3.033333E1	1.741482E1	1.536386E-1
3.036667E1	1.731699E1	1.951000E-1
3.040000E1	1.727971E1	2.028845E-1
3.043333E1	1.717229E1	1.670447E-1
3.046667E1	1.715059E1	1.307296E-1
3.050000E1	1.712161E1	7.245301E-2
3.053333E1	1.716705E1	6.342019E-2
3.056667E1	1.726285E1	6.939273E-2
3.060000E1	1.743099E1	7.115275E-2
3.063333E1	1.748920E1	7.631645E-2
3.066667E1	1.768923E1	7.968829E-2
3.070000E1	1.775279E1	5.996936E-2
3.073333E1	1.778359E1	6.629537E-2
3.076667E1	1.782574E1	6.675323E-2
3.080000E1	1.781607E1	6.797183E-2
3.083333E1	1.778476E1	1.341778E-1
3.086667E1	1.768255E1	1.863624E-1
3.090000E1	1.764367E1	1.948446E-1
3.093333E1	1.753713E1	1.661683E-1
3.096667E1	1.751861E1	1.365801E-1
3.100000E1	1.749052E1	6.298451E-2
3.103333E1	1.752510E1	5.377599E-2
3.106667E1	1.762236E1	6.891953E-2
3.110000E1	1.778763E1	7.131182E-2
3.113333E1	1.783114E1	6.586219E-2
3.116667E1	1.804380E1	7.687411E-2
3.120000E1	1.809598E1	5.584506E-2
3.123333E1	1.812020E1	6.250946E-2
3.126667E1	1.815868E1	7.167829E-2
3.130000E1	1.816603E1	7.087743E-2
3.133333E1	1.811459E1	1.480960E-1
3.136667E1	1.802007E1	2.018225E-1
3.140000E1	1.797948E1	2.038009E-1
3.143333E1	1.788686E1	1.675446E-1
3.146667E1	1.787283E1	1.329776E-1
3.150000E1	1.783623E1	7.257379E-2
3.153333E1	1.788540E1	5.950030E-2
3.156667E1	1.794418E1	6.376400E-2
3.160000E1	1.809666E1	6.658896E-2
3.163333E1	1.818525E1	7.321628E-2
3.166667E1	1.835691E1	8.064782E-2
3.170000E1	1.843132E1	5.861232E-2
3.173333E1	1.846798E1	6.557914E-2
3.176667E1	1.850154E1	7.711814E-2
3.180000E1	1.851317E1	7.579970E-2
3.183333E1	1.847166E1	1.488669E-1
3.186667E1	1.837552E1	1.992939E-1
3.190000E1	1.833769E1	2.037430E-1
3.193333E1	1.824334E1	1.593004E-1
3.196667E1	1.823116E1	1.317346E-1
3.200000E1	1.820237E1	7.773001E-2
3.203333E1	1.823868E1	6.921333E-2
3.206667E1	1.834466E1	7.564654E-2
3.210000E1	1.853172E1	6.967278E-2
3.213333E1	1.862957E1	8.150275E-2
3.216667E1	1.879991E1	6.887154E-2
3.220000E1	1.884207E1	6.631207E-2
3.223333E1	1.888883E1	6.837825E-2
3.226667E1	1.892162E1	7.911282E-2
3.230000E1	1.893515E1	8.373626E-2
3.233333E1	1.885479E1	1.843177E-1
3.236667E1	1.877466E1	2.197484E-1
3.240000E1	1.874540E1	1.998782E-1
3.243333E1	1.865906E1	1.430660E-1
3.246667E1	1.864899E1	1.214271E-1
3.250000E1	1.865433E1	8.391147E-2
3.253333E1	1.870623E1	7.793285E-2
3.256667E1	1.879982E1	7.655518E-2
3.260000E1	1.896895E1	7.496861E-2
3.263333E1	1.907155E1	8.717768E-2
3.266667E1	1.923100E1	7.288544E-2
3.270000E1	1.927968E1	6.485125E-2
3.273333E1	1.931729E1	6.607632E-2
3.276667E1	1.934089E1	7.512805E-2
3.280000E1	1.933246E1	8.201174E-2
3.283333E1	1.925375E1	1.851011E-1
3.286667E1	1.915719E1	2.178089E-1
3.290000E1	1.912680E1	2.091777E-1
3.293333E1	1.904545E1	1.382270E-1
3.296667E1	1.902692E1	1.125500E-1
3.300000E1	1.902380E1	7.933575E-2
3.303333E1	1.907312E1	7.682945E-2
3.306667E1	1.916899E1	7.442046E-2
3.310000E1	1.933743E1	7.387497E-2
3.313333E1	1.943251E1	8.711123E-2
3.316667E1	1.958524E1	7.437415E-2
3.320000E1	1.963561E1	6.560358E-2
3.323333E1	1.967487E1	7.096777E-2
3.326667E1	1.970147E1	8.656209E-2
3.330000E1	1.972187E1	8.717888E-2
3.333333E1	1.964148E1	1.847503E-1
3.336667E1	1.955944E1	2.196934E-1
3.340000E1	1.954168E1	2.028560E-1
3.343333E1	1.944815E1	1.423272E-1
3.346667E1	1.943002E1	1.204984E-1
3.350000E1	1.943161E1	8.783214E-2
3.353333E1	1.947912E1	7.573110E-2
3.356667E1	1.957274E1	8.473148E-2
3.360000E1	1.974589E1	7.816109E-2
3.363333E1	1.981755E1	8.682610E-2
3.366667E1	1.996546E1	7.000668E-2
3.370000E1	2.001187E1	6.230649E-2
3.373333E1	2.004055E1	6.823719E-2
3.376667E1	2.005432E1	7.727055E-2
3.380000E1	2.004235E1	7.804371E-2
3.383333E1	1.997054E1	1.800886E-1
3.386667E1	1.987103E1	2.170208E-1
3.390000E1	1.984968E1	2.090475E-1
3.393333E1	1.975603E1	1.414431E-1
3.396667E1	1.973880E1	1.197736E-1
3.400000E1	1.973778E1	8.526208E-2
3.403333E1	1.978519E1	8.156814E-2
3.406667E1	1.988411E1	7.534803E-2
3.410000E1	2.005171E1	7.615083E-2
3.413333E1	2.014684E1	9.132123E-2
3.416667E1	2.030069E1	7.633957E-2
3.420000E1	2.035165E1	6.414859E-2
3.423333E1	2.039049E1	6.694084E-2
3.426667E1	2.041624E1	7.828564E-2
3.430000E1	2.040060E1	7.834453E-2
3.433333E1	2.031954E1	1.763793E-1
3.436667E1	2.023738E1	1.960418E-1
3.440000E1	2.021187E1	1.975174E-1
3.443333E1	2.012887E1	1.184769E-1
3.446667E1	2.008556E1	1.024825E-1
3.450000E1	2.008412E1	6.371010E-2
3.453333E1	2.014924E1	6.330454E-2
3.456667E1	2.022182E1	6.535441E-2
3.460000E1	2.038711E1	7.227088E-2
3.463333E1	2.051154E1	8.471857E-2
3.466667E1	2.064187E1	8.905616E-2
3.470000E1	2.073464E1	6.386326E-2
3.473333E1	2.075331E1	6.645236E-2
3.476667E1	2.077198E1	7.624075E-2
3.480000E1	2.076558E1	8.044592E-2
3.483333E1	2.072873E1	1.392392E-1
3.486667E1	2.060012E1	2.038556E-1
3.490000E1	2.057891E1	2.039150E-1
3.493333E1	2.048053E1	1.431749E-1
3.496667E1	2.045629E1	1.091619E-1
3.500000E1	2.043581E1	8.968426E-2
3.503333E1	2.049331E1	7.501386E-2
3.506667E1	2.056374E1	7.964000E-2
3.510000E1	2.073622E1	7.812894E-2
3.513333E1	2.088346E1	9.152690E-2
3.516667E1	2.100215E1	8.500208E-2
3.520000E1	2.110302E1	5.770464E-2
3.523333E1	2.111596E1	6.533604E-2
3.526667E1	2.114270E1	8.735777E-2
3.530000E1	2.116369E1	8.457278E-2
3.533333E1	2.113022E1	1.348494E-1
3.536667E1	2.098447E1	1.991260E-1
3.540000E1	2.095137E1	1.990364E-1
3.543333E1	2.086595E1	1.670077E-1
3.546667E1	2.083117E1	1.002869E-1
3.550000E1	2.081649E1	6.244515E-2
3.553333E1	2.088409E1	6.470438E-2
3.556667E1	2.093871E1	6.533145E-2
3.560000E1	2.110919E1	7.082852E-2
3.563333E1	2.124409E1	8.227856E-2
3.566667E1	2.136577E1	8.224368E-2
3.570000E1	2.146107E1	5.564954E-2
3.573333E1	2.148011E1	6.382635E-2
3.576667E1	2.149759E1	7.774170E-2
3.580000E1	2.151887E1	7.903612E-2
3.583333E1	2.148684E1	1.311045E-1
3.586667E1	2.134717E1	2.058936E-1
3.590000E1	2.130893E1	2.013838E-1
3.593333E1	2.121878E1	1.606015E-1
3.596667E1	2.119151E1	9.710445E-2
3.600000E1	2.117575E1	5.976997E-2
3.603333E1	2.123736E1	6.179213E-2
3.606667E1	2.129757E1	6.511771E-2
3.610000E1	2.145411E1	7.181424E-2
3.613333E1	2.160693E1	8.153613E-2
3.616667E1	2.172052E1	8.069013E-2
3.620000E1	2.183071E1	5.826432E-2
3.623333E1	2.184101E1	6.298125E-2
3.626667E1	2.184833E1	7.310509E-2
3.630000E1	2.184657E1	7.800327E-2
3.633333E1	2.180569E1	1.372939E-1
3.636667E1	2.167743E1	2.014608E-1
3.640000E1	2.165977E1	2.021933E-1
3.643333E1	2.155998E1	1.420885E-1
3.646667E1	2.152642E1	1.042863E-1
3.650000E1	2.152359E1	6.153470E-2
3.653333E1	2.160490E1	5.563650E-2
3.656667E1	2.166144E1	6.283998E-2
3.660000E1	2.182391E1	7.106259E-2
3.663333E1	2.196513E1	7.717808E-2
3.666667E1	2.208414E1	8.485949E-2
3.670000E1	2.218483E1	5.950887E-2
3.673333E1	2.219968E1	6.259042E-2
3.676667E1	2.222890E1	7.696633E-2
3.680000E1	2.224736E1	8.266814E-2
3.683333E1	2.222401E1	1.480430E-1
3.686667E1	2.210954E1	2.036620E-1
3.690000E1	2.209019E1	2.004273E-1
3.693333E1	2.200407E1	1.432008E-1
3.696667E1	2.197829E1	9.337335E-2
3.700000E1	2.196712E1	4.962861E-2
3.703333E1	2.205574E1	5.512527E-2
3.706667E1	2.210443E1	6.444382E-2
3.710000E1	2.226635E1	7.013427E-2
3.713333E1	2.240576E1	8.263155E-2
3.716667E1	2.252717E1	8.284523E-2
3.720000E1	2.265248E1	6.283000E-2
3.723333E1	2.268021E1	6.395591E-2
3.726667E1	2.270642E1	7.038916E-2
3.730000E1	2.270653E1	7.684477E-2
3.733333E1	2.267387E1	1.410543E-1
3.736667E1	2.255226E1	2.008960E-1
3.740000E1	2.253220E1	1.974532E-1
3.743333E1	2.247167E1	1.322755E-1
3.746667E1	2.242436E1	8.957217E-2
3.750000E1	2.240885E1	5.428728E-2
3.753333E1	2.249322E1	5.286950E-2
3.756667E1	2.253599E1	6.212363E-2
3.760000E1	2.269412E1	7.310568E-2
3.763333E1	2.283662E1	7.986037E-2
3.766667E1	2.295614E1	7.895228E-2
3.770000E1	2.308005E1	5.832436E-2
3.773333E1	2.310482E1	6.253599E-2
3.776667E1	2.313806E1	6.696300E-2
3.780000E1	2.313850E1	7.615690E-2
3.783333E1	2.311016E1	1.389791E-1
3.786667E1	2.298932E1	2.007699E-1
3.790000E1	2.296602E1	2.011195E-1
3.793333E1	2.290739E1	1.465944E-1
3.796667E1	2.288013E1	1.079683E-1
3.800000E1	2.287554E1	7.862264E-2
3.803333E1	2.296345E1	7.150814E-2
3.806667E1	2.302439E1	7.282918E-2
3.810000E1	2.320470E1	7.877812E-2
3.813333E1	2.333022E1	8.630209E-2
3.816667E1	2.344649E1	8.863138E-2
3.820000E1	2.357925E1	6.796115E-2
3.823333E1	2.361283E1	6.845946E-2
3.826667E1	2.365301E1	8.010452E-2
3.830000E1	2.368911E1	8.336187E-2
3.833333E1	2.366086E1	1.458175E-1
3.836667E1	2.356316E1	2.033997E-1
3.840000E1	2.354119E1	1.983446E-1
3.843333E1	2.348567E1	1.408553E-1
3.846667E1	2.345108E1	9.959199E-2
3.850000E1	2.346222E1	5.595817E-2
3.853333E1	2.355212E1	5.614935E-2
3.856667E1	2.361117E1	6.307996E-2
3.860000E1	2.376834E1	7.043202E-2
3.863333E1	2.393657E1	8.986890E-2
3.866667E1	2.408308E1	8.279881E-2
3.870000E1	2.422863E1	6.202346E-2
3.873333E1	2.425853E1	6.524246E-2
3.876667E1	2.430011E1	7.721519E-2
3.880000E1	2.434742E1	8.185818E-2
3.883333E1	2.433085E1	1.485959E-1
3.886667E1	2.424535E1	2.074494E-1
3.890000E1	2.423811E1	2.055094E-1
3.893333E1	2.420416E1	1.420660E-1
3.896667E1	2.417623E1	1.011918E-1
3.900000E1	2.419305E1	5.391175E-2
3.903333E1	2.428541E1	4.760111E-2
3.906667E1	2.433148E1	6.199582E-2
3.910000E1	2.450466E1	7.196081E-2
3.913333E1	2.466471E1	9.056027E-2
3.916667E1	2.480896E1	8.231271E-2
3.920000E1	2.496038E1	6.313139E-2
3.923333E1	2.498849E1	6.467199E-2
3.926667E1	2.506418E1	7.211529E-2
3.930000E1	2.509779E1	7.859061E-2
3.933333E1	2.510519E1	1.286788E-1
3.936667E1	2.503805E1	1.965397E-1
3.940000E1	2.502800E1	2.005669E-1
3.943333E1	2.499982E1	1.403916E-1
3.946667E1	2.496911E1	9.664662E-2
3.950000E1	2.498677E1	4.936814E-2
3.953333E1	2.510026E1	5.856741E-2
3.956667E1	2.515054E1	5.928219E-2
3.960000E1	2.529813E1	7.021501E-2
3.963333E1	2.550736E1	8.757814E-2
3.966667E1	2.563307E1	8.330577E-2
3.970000E1	2.576454E1	5.853458E-2
3.973333E1	2.579421E1	6.431670E-2
3.976667E1	2.587914E1	7.642909E-2
3.980000E1	2.592096E1	7.686693E-2
3.983333E1	2.592557E1	1.295889E-1
3.986667E1	2.586318E1	2.014773E-1
3.990000E1	2.584001E1	2.021700E-1
3.993333E1	2.581932E1	1.528107E-1
3.996667E1	2.582707E1	1.114044E-1
4.000000E1	2.583787E1	7.093637E-2
4.003333E1	2.595994E1	5.935997E-2
4.006667E1	2.600906E1	6.208840E-2
4.010000E1	2.615243E1	6.901623E-2
4.013333E1	2.637890E1	9.524583E-2
4.016667E1	2.653823E1	9.059831E-2
4.020000E1	2.669407E1	5.953422E-2
4.023333E1	2.671934E1	6.425073E-2
4.026667E1	2.681412E1	7.985762E-2
4.030000E1	2.685770E1	7.998246E-2
4.033333E1	2.686678E1	1.287117E-1
4.036667E1	2.683038E1	1.963251E-1
4.040000E1	2.683527E1	1.964852E-1
4.043333E1	2.683177E1	1.525025E-1
4.046667E1	2.683254E1	1.070789E-1
4.050000E1	2.685327E1	5.914749E-2
4.053333E1	2.698180E1	5.803594E-2
4.056667E1	2.700692E1	5.863201E-2
4.060000E1	2.712472E1	7.116965E-2
4.063333E1	2.740499E1	8.999845E-2
4.066667E1	2.756156E1	8.599338E-2
4.070000E1	2.771534E1	6.245649E-2
4.073333E1	2.774250E1	7.184526E-2
4.076667E1	2.785940E1	7.570133E-2
4.080000E1	2.791447E1	8.127457E-2
4.083333E1	2.793909E1	1.319746E-1
4.086667E1	2.790456E1	2.048325E-1
4.090000E1	2.791027E1	2.028945E-1
4.093333E1	2.791137E1	1.520496E-1
4.096667E1	2.791878E1	1.080614E-1
4.100000E1	2.793122E1	7.297044E-2
4.103333E1	2.806136E1	6.969687E-2
4.106667E1	2.809835E1	6.145393E-2
4.110000E1	2.823905E1	7.035451E-2
4.113333E1	2.847401E1	9.567449E-2
4.116667E1	2.863762E1	9.084947E-2
4.120000E1	2.878575E1	6.727679E-2
4.123333E1	2.881494E1	6.785006E-2
4.126667E1	2.890477E1	7.780198E-2
4.130000E1	2.896004E1	7.948989E-2
4.133333E1	2.895798E1	1.263504E-1
4.136667E1	2.891429E1	2.040413E-1
4.140000E1	2.892035E1	2.020851E-1
4.143333E1	2.891427E1	1.633408E-1
4.146667E1	2.891734E1	1.190110E-1
4.150000E1	2.892553E1	8.510033E-2
4.153333E1	2.904520E1	7.248592E-2
4.156667E1	2.908478E1	6.953040E-2
4.160000E1	2.923794E1	7.401908E-2
4.163333E1	2.945011E1	9.618274E-2
4.166667E1	2.957748E1	9.909424E-2
4.170000E1	2.971061E1	7.466315E-2
4.173333E1	2.973558E1	7.523646E-2
4.176667E1	2.982076E1	8.013670E-2
4.180000E1	2.985779E1	8.539220E-2
4.183333E1	2.985735E1	1.409182E-1
4.186667E1	2.980823E1	1.994194E-1
4.190000E1	2.979381E1	2.046065E-1
4.193333E1	2.977344E1	1.852038E-1
4.196667E1	2.976591E1	1.532496E-1
4.200000E1	2.978304E1	1.091282E-1
4.203333E1	2.988514E1	1.121934E-1
4.206667E1	2.993840E1	1.253606E-1
4.210000E1	3.007126E1	1.429607E-1
4.213333E1	3.025172E1	1.543926E-1
4.216667E1	3.036687E1	1.581014E-1
4.220000E1	3.049912E1	1.407080E-1
4.223333E1	3.052779E1	1.448288E-1
4.226667E1	3.058774E1	1.508198E-1
4.230000E1	3.062290E1	1.566443E-1
4.233333E1	3.063494E1	2.046807E-1
4.236667E1	3.059459E1	2.658420E-1
4.240000E1	3.056419E1	2.772432E-1
4.243333E1	3.052781E1	2.563399E-1
4.246667E1	3.049981E1	2.228668E-1
4.250000E1	3.048964E1	1.748258E-1
4.253333E1	3.057701E1	1.582276E-1
4.256667E1	3.063286E1	1.570902E-1
4.260000E1	3.077586E1	1.515670E-1
4.263333E1	3.094639E1	1.671977E-1
4.266667E1	3.106802E1	1.654553E-1
4.270000E1	3.115533E1	1.396369E-1
4.273333E1	3.120541E1	1.441519E-1
4.276667E1	3.128231E1	1.449799E-1
4.280000E1	3.130342E1	1.448581E-1
4.283333E1	3.130120E1	2.155554E-1
4.286667E1	3.124897E1	2.802661E-1
4.290000E1	3.120822E1	2.849503E-1
4.293333E1	3.115943E1	2.648892E-1
4.296667E1	3.114215E1	2.549356E-1
4.300000E1	3.112632E1	1.825308E-1
4.303333E1	3.117071E1	1.884269E-1
4.306667E1	3.123208E1	2.020840E-1
4.310000E1	3.137114E1	2.125412E-1
4.313333E1	3.147287E1	2.210504E-1
4.316667E1	3.163855E1	2.340822E-1
4.320000E1	3.171800E1	2.091149E-1
4.323333E1	3.176240E1	2.199346E-1
4.326667E1	3.182738E1	2.198721E-1
4.330000E1	3.182850E1	2.188316E-1
4.333333E1	3.180536E1	2.913550E-1
4.336667E1	3.174471E1	3.426441E-1
4.340000E1	3.170423E1	3.437018E-1
4.343333E1	3.164785E1	3.302036E-1
4.346667E1	3.161406E1	2.975685E-1
4.350000E1	3.156685E1	2.369597E-1
4.353333E1	3.159881E1	2.254153E-1
4.356667E1	3.165884E1	2.234194E-1
4.360000E1	3.179706E1	2.214057E-1
4.363333E1	3.188597E1	2.245096E-1
4.366667E1	3.204781E1	2.297433E-1
4.370000E1	3.213617E1	2.061303E-1
4.373333E1	3.217223E1	2.119506E-1
4.376667E1	3.220935E1	2.243887E-1
4.380000E1	3.223259E1	2.215537E-1
4.383333E1	3.221858E1	2.912852E-1
4.386667E1	3.215480E1	3.453799E-1
4.390000E1	3.212095E1	3.474601E-1
4.393333E1	3.206771E1	3.356961E-1
4.396667E1	3.203933E1	2.958683E-1
4.400000E1	3.198903E1	2.365776E-1
4.403333E1	3.202382E1	2.230080E-1
4.406667E1	3.207919E1	2.193507E-1
4.410000E1	3.222290E1	2.204987E-1
4.413333E1	3.232068E1	2.251925E-1
4.416667E1	3.249716E1	2.288925E-1
4.420000E1	3.257320E1	2.099864E-1
4.423333E1	3.261640E1	2.106587E-1
4.426667E1	3.266217E1	2.170107E-1
4.430000E1	3.267666E1	2.158426E-1
4.433333E1	3.266538E1	2.732874E-1
4.436667E1	3.259719E1	3.330971E-1
4.440000E1	3.256084E1	3.389213E-1
4.443333E1	3.249039E1	3.192609E-1
4.446667E1	3.248928E1	2.713957E-1
4.450000E1	3.245908E1	2.117590E-1
4.453333E1	3.248947E1	2.134382E-1
4.456667E1	3.255735E1	2.108526E-1
4.460000E1	3.271656E1	2.144287E-1
4.463333E1	3.281011E1	2.205279E-1
4.466667E1	3.299410E1	2.310863E-1
4.470000E1	3.307793E1	2.063921E-1
4.473333E1	3.312475E1	2.137330E-1
4.476667E1	3.318740E1	2.107891E-1
4.480000E1	3.319170E1	2.098578E-1
4.483333E1	3.317611E1	2.768729E-1
4.486667E1	3.312217E1	3.272197E-1
4.490000E1	3.306352E1	3.390180E-1
4.493333E1	3.300524E1	3.182514E-1
4.496667E1	3.300051E1	2.772940E-1
4.500000E1	3.296914E1	2.008945E-1
4.503333E1	3.300299E1	1.961138E-1
4.506667E1	3.307521E1	2.091549E-1
4.510000E1	3.322278E1	2.143303E-1
4.513333E1	3.330944E1	2.226446E-1
4.516667E1	3.348767E1	2.360437E-1
4.520000E1	3.356594E1	2.103931E-1
4.523333E1	3.361400E1	2.091544E-1
4.526667E1	3.366142E1	2.124989E-1
4.530000E1	3.367599E1	2.127573E-1
4.533333E1	3.365320E1	2.848146E-1
4.536667E1	3.358389E1	3.375404E-1
4.540000E1	3.355484E1	3.326819E-1
4.543333E1	3.348208E1	3.154206E-1
4.546667E1	3.344631E1	2.772952E-1
4.550000E1	3.339686E1	1.913219E-1
4.553333E1	3.343199E1	1.951702E-1
4.556667E1	3.348712E1	2.082300E-1
4.560000E1	3.363845E1	2.162407E-1
4.563333E1	3.372295E1	2.220820E-1
4.566667E1	3.388938E1	2.344266E-1
4.570000E1	3.396081E1	2.064802E-1
4.573333E1	3.399518E1	2.167754E-1
4.576667E1	3.404557E1	2.150152E-1
4.580000E1	3.404094E1	2.157005E-1
4.583333E1	3.401686E1	2.902205E-1
4.586667E1	3.394547E1	3.365669E-1
4.590000E1	3.389665E1	3.357372E-1
4.593333E1	3.381760E1	3.190495E-1
4.596667E1	3.379463E1	2.763038E-1
4.600000E1	3.374437E1	1.988614E-1
4.603333E1	3.377907E1	2.033761E-1
4.606667E1	3.383469E1	2.053158E-1
4.610000E1	3.396516E1	2.148732E-1
4.613333E1	3.406306E1	2.280230E-1
4.616667E1	3.423779E1	2.384365E-1
4.620000E1	3.429815E1	2.127807E-1
4.623333E1	3.433938E1	2.146554E-1
4.626667E1	3.437498E1	2.258666E-1
4.630000E1	3.439067E1	2.228055E-1
4.633333E1	3.436311E1	2.910821E-1
4.636667E1	3.429270E1	3.361040E-1
4.640000E1	3.426162E1	3.346468E-1
4.643333E1	3.417585E1	3.140115E-1
4.646667E1	3.415880E1	2.705759E-1
4.650000E1	3.411288E1	1.983024E-1
4.653333E1	3.414277E1	2.052062E-1
4.656667E1	3.421763E1	2.179877E-1
4.660000E1	3.437416E1	2.202715E-1
4.663333E1	3.444013E1	2.253733E-1
4.666667E1	3.466465E1	2.246043E-1
4.670000E1	3.473037E1	2.101405E-1
4.673333E1	3.476546E1	2.121963E-1
4.676667E1	3.481020E1	2.236649E-1
4.680000E1	3.482239E1	2.237512E-1
4.683333E1	3.475856E1	3.187445E-1
4.686667E1	3.469134E1	3.351181E-1
4.690000E1	3.465090E1	3.171625E-1
4.693333E1	3.461603E1	2.629319E-1
4.696667E1	3.458433E1	2.338892E-1
4.700000E1	3.458501E1	1.751755E-1
4.703333E1	3.464075E1	1.631818E-1
4.706667E1	3.473175E1	1.666448E-1
4.710000E1	3.489556E1	1.583040E-1
4.713333E1	3.499416E1	1.708548E-1
4.716667E1	3.516407E1	1.638532E-1
4.720000E1	3.522642E1	1.463287E-1
4.723333E1	3.528159E1	1.496569E-1
4.726667E1	3.533965E1	1.520106E-1
4.730000E1	3.533998E1	1.533046E-1
4.733333E1	3.530299E1	2.436696E-1
4.736667E1	3.524478E1	2.663155E-1
4.740000E1	3.521183E1	2.460963E-1
4.743333E1	3.518682E1	1.911337E-1
4.746667E1	3.516330E1	1.623236E-1
4.750000E1	3.516572E1	1.068314E-1
4.753333E1	3.520997E1	9.416451E-2
4.756667E1	3.527556E1	8.473215E-2
4.760000E1	3.544753E1	8.716055E-2
4.763333E1	3.555808E1	9.985993E-2
4.766667E1	3.570169E1	8.529706E-2
4.770000E1	3.577142E1	6.664531E-2
4.773333E1	3.580374E1	7.880070E-2
4.776667E1	3.586628E1	8.775231E-2
4.780000E1	3.588881E1	8.467267E-2
4.783333E1	3.587182E1	1.894321E-1
4.786667E1	3.582231E1	2.186841E-1
4.790000E1	3.580294E1	2.002202E-1
4.793333E1	3.575731E1	1.524130E-1
4.796667E1	3.574485E1	1.115167E-1
4.800000E1	3.574910E1	7.459189E-2
4.803333E1	3.580158E1	7.493493E-2
4.806667E1	3.587163E1	7.744675E-2
4.810000E1	3.605850E1	8.015458E-2
4.813333E1	3.615154E1	9.921445E-2
4.816667E1	3.631210E1	8.582887E-2
4.820000E1	3.639032E1	6.925317E-2
4.823333E1	3.643498E1	7.980040E-2
4.826667E1	3.651033E1	8.460483E-2
4.830000E1	3.654361E1	8.127399E-2
4.833333E1	3.653072E1	1.840487E-1
4.836667E1	3.647326E1	2.099599E-1
4.840000E1	3.646248E1	1.961059E-1
4.843333E1	3.641979E1	1.399166E-1
4.846667E1	3.640241E1	1.149964E-1
4.850000E1	3.640835E1	6.980893E-2
4.853333E1	3.645794E1	7.453786E-2
4.856667E1	3.651047E1	7.718778E-2
4.860000E1	3.671583E1	8.446607E-2
4.863333E1	3.681678E1	9.627674E-2
4.866667E1	3.698807E1	7.571499E-2
4.870000E1	3.705216E1	6.387194E-2
4.873333E1	3.709189E1	7.461091E-2
4.876667E1	3.716636E1	8.422696E-2
4.880000E1	3.719132E1	8.143872E-2
4.883333E1	3.718113E1	1.796109E-1
4.886667E1	3.714679E1	2.161851E-1
4.890000E1	3.715344E1	2.009411E-1
4.893333E1	3.711990E1	1.449816E-1
4.896667E1	3.711382E1	1.163525E-1
4.900000E1	3.712167E1	8.118060E-2
4.903333E1	3.718187E1	7.789958E-2
4.906667E1	3.724836E1	8.363530E-2
4.910000E1	3.743214E1	8.563989E-2
4.913333E1	3.754158E1	9.584703E-2
4.916667E1	3.771159E1	8.702396E-2
4.920000E1	3.778370E1	6.649039E-2
4.923333E1	3.781860E1	7.475445E-2
4.926667E1	3.788799E1	8.007459E-2
4.930000E1	3.790969E1	7.643686E-2
4.933333E1	3.790034E1	1.797870E-1
4.936667E1	3.787055E1	2.170717E-1
4.940000E1	3.787263E1	2.026719E-1
4.943333E1	3.784193E1	1.596637E-1
4.946667E1	3.782947E1	1.148926E-1
4.950000E1	3.783990E1	7.365983E-2
4.953333E1	3.789310E1	7.422345E-2
4.956667E1	3.796036E1	7.765037E-2
4.960000E1	3.813576E1	7.995409E-2
4.963333E1	3.822583E1	1.054659E-1
4.966667E1	3.839803E1	9.558272E-2
4.970000E1	3.847683E1	7.206495E-2
4.973333E1	3.852062E1	7.884535E-2
4.976667E1	3.859197E1	8.475370E-2
4.980000E1	3.862141E1	7.979226E-2
4.983333E1	3.861048E1	1.876488E-1
4.986667E1	3.858511E1	2.202731E-1
4.990000E1	3.858553E1	2.042191E-1
4.993333E1	3.855708E1	1.616389E-1
4.996667E1	3.854400E1	1.207676E-1
5.000000E1	3.854727E1	8.295502E-2
5.003333E1	3.860022E1	7.651812E-2
5.006667E1	3.867231E1	8.235793E-2
5.010000E1	3.884760E1	8.320726E-2
5.013333E1	3.893193E1	9.224788E-2
5.016667E1	3.906786E1	8.558468E-2
5.020000E1	3.913941E1	6.992666E-2
5.023333E1	3.917626E1	8.013149E-2
5.026667E1	3.924800E1	8.482137E-2
5.030000E1	3.927150E1	8.294695E-2
5.033333E1	3.925766E1	1.929631E-1
5.036667E1	3.922394E1	2.150855E-1
5.040000E1	3.919548E1	1.947510E-1
5.043333E1	3.916091E1	1.586897E-1
5.046667E1	3.916509E1	1.244156E-1
5.050000E1	3.917546E1	8.676422E-2
5.053333E1	3.921382E1	8.070581E-2
5.056667E1	3.929385E1	8.538488E-2
5.060000E1	3.942460E1	8.498587E-2
5.063333E1	3.953984E1	1.085600E-1
5.066667E1	3.970747E1	1.275257E-1
5.070000E1	3.976270E1	1.166014E-1
5.073333E1	3.981400E1	1.375681E-1
5.076667E1	3.988920E1	1.485855E-1
5.080000E1	3.991272E1	1.524121E-1
5.083333E1	3.990179E1	2.532502E-1
5.086667E1	3.987256E1	2.805635E-1
5.090000E1	3.987886E1	2.674078E-1
5.093333E1	3.985336E1	2.061389E-1
5.096667E1	3.983418E1	1.824106E-1
5.100000E1	3.983534E1	1.599498E-1
5.103333E1	3.988250E1	1.588908E-1
5.106667E1	3.993446E1	1.541795E-1
5.110000E1	4.003988E1	1.545938E-1
5.113333E1	4.021151E1	1.830407E-1
5.116667E1	4.033704E1	2.192375E-1
5.120000E1	4.045736E1	1.865933E-1
5.123333E1	4.048206E1	1.992732E-1
5.126667E1	4.055113E1	2.130126E-1
5.130000E1	4.059279E1	2.180290E-1
5.133333E1	4.061072E1	2.690648E-1
5.136667E1	4.057581E1	3.335929E-1
5.140000E1	4.055661E1	3.319817E-1
5.143333E1	4.051726E1	2.766325E-1
5.146667E1	4.048215E1	2.430964E-1
5.150000E1	4.047975E1	2.036631E-1
5.153333E1	4.053750E1	2.140633E-1
5.156667E1	4.058372E1	2.163246E-1
5.160000E1	4.069995E1	2.219665E-1
5.163333E1	4.084569E1	2.422997E-1
5.166667E1	4.096519E1	2.469778E-1
5.170000E1	4.107934E1	2.110828E-1
5.173333E1	4.109685E1	2.176524E-1
5.176667E1	4.116562E1	2.185053E-1
5.180000E1	4.120915E1	2.182111E-1
5.183333E1	4.120966E1	2.719872E-1
5.186667E1	4.117120E1	3.406168E-1
5.190000E1	4.117756E1	3.383248E-1
5.193333E1	4.116134E1	2.845300E-1
5.196667E1	4.111990E1	2.416093E-1
5.200000E1	4.110787E1	2.020728E-1
5.203333E1	4.117929E1	2.111988E-1
5.206667E1	4.121718E1	2.105913E-1
5.210000E1	4.132311E1	2.219135E-1
5.213333E1	4.147090E1	2.395294E-1
5.216667E1	4.160300E1	2.431749E-1
5.220000E1	4.170205E1	2.065998E-1
5.223333E1	4.172178E1	2.110553E-1
5.226667E1	4.177104E1	2.198891E-1
5.230000E1	4.180928E1	2.206980E-1
5.233333E1	4.180044E1	2.764329E-1
5.236667E1	4.174994E1	3.431759E-1
5.240000E1	4.175902E1	3.322664E-1
5.243333E1	4.173600E1	2.699067E-1
5.246667E1	4.168693E1	2.390774E-1
5.250000E1	4.168043E1	2.064514E-1
5.253333E1	4.173756E1	2.091549E-1
5.256667E1	4.177930E1	2.157784E-1
5.260000E1	4.188508E1	2.227262E-1
5.263333E1	4.204210E1	2.397426E-1
5.266667E1	4.216029E1	2.303259E-1
5.270000E1	4.223667E1	2.085195E-1
5.273333E1	4.224937E1	2.134293E-1
5.276667E1	4.232814E1	2.235465E-1
5.280000E1	4.236855E1	2.252829E-1
5.283333E1	4.237334E1	2.777590E-1
5.286667E1	4.233906E1	3.309697E-1
5.290000E1	4.234028E1	3.273261E-1
5.293333E1	4.232533E1	2.699642E-1
5.296667E1	4.231781E1	2.368479E-1
5.300000E1	4.231878E1	2.052924E-1
5.303333E1	4.236608E1	2.078488E-1
5.306667E1	4.238482E1	2.175493E-1
5.310000E1	4.252679E1	2.191712E-1
5.313333E1	4.266681E1	2.342193E-1
5.316667E1	4.276366E1	2.339750E-1
5.320000E1	4.288321E1	2.053680E-1
5.323333E1	4.288847E1	2.152671E-1
5.326667E1	4.295938E1	2.197927E-1
5.330000E1	4.301710E1	2.154334E-1
5.333333E1	4.301920E1	2.644249E-1
5.336667E1	4.296483E1	3.399313E-1
5.340000E1	4.297868E1	3.354810E-1
5.343333E1	4.296035E1	2.785055E-1
5.346667E1	4.295391E1	2.315608E-1
5.350000E1	4.292135E1	1.989598E-1
5.353333E1	4.296296E1	2.082829E-1
5.356667E1	4.301662E1	2.061405E-1
5.360000E1	4.314092E1	2.193663E-1
5.363333E1	4.326856E1	2.358117E-1
5.366667E1	4.337775E1	2.315096E-1
5.370000E1	4.346322E1	2.138041E-1
5.373333E1	4.349634E1	2.157546E-1
5.376667E1	4.355506E1	2.178347E-1
5.380000E1	4.359066E1	2.192077E-1
5.383333E1	4.358751E1	2.692737E-1
5.386667E1	4.355135E1	3.485390E-1
5.390000E1	4.354917E1	3.427679E-1
5.393333E1	4.353005E1	2.882304E-1
5.396667E1	4.348498E1	2.356675E-1
5.400000E1	4.345539E1	1.953457E-1
5.403333E1	4.349487E1	2.055748E-1
5.406667E1	4.352347E1	2.136728E-1
5.410000E1	4.362039E1	2.218344E-1
5.413333E1	4.375973E1	2.407304E-1
5.416667E1	4.385584E1	2.371595E-1
5.420000E1	4.393273E1	2.053259E-1
5.423333E1	4.394606E1	2.144401E-1
5.426667E1	4.399201E1	2.190132E-1
5.430000E1	4.402547E1	2.212727E-1
5.433333E1	4.401399E1	2.690239E-1
5.436667E1	4.396485E1	3.462621E-1
5.440000E1	4.397573E1	3.396739E-1
5.443333E1	4.393621E1	2.673229E-1
5.446667E1	4.390260E1	2.346641E-1
5.450000E1	4.389320E1	2.036799E-1
5.453333E1	4.393229E1	2.069835E-1
5.456667E1	4.395633E1	2.084427E-1
5.460000E1	4.406064E1	2.186495E-1
5.463333E1	4.419241E1	2.329104E-1
5.466667E1	4.429399E1	2.320557E-1
5.470000E1	4.436715E1	2.107998E-1
5.473333E1	4.437643E1	2.153914E-1
5.476667E1	4.442397E1	2.245559E-1
5.480000E1	4.446359E1	2.262165E-1
5.483333E1	4.444763E1	2.814357E-1
5.486667E1	4.441710E1	3.495453E-1
5.490000E1	4.441642E1	3.413406E-1
5.493333E1	4.439128E1	2.636448E-1
5.496667E1	4.434304E1	2.287335E-1
5.500000E1	4.433000E1	2.015033E-1
5.503333E1	4.437734E1	2.107971E-1
5.506667E1	4.440329E1	2.127376E-1
5.510000E1	4.452609E1	2.176958E-1
5.513333E1	4.465816E1	2.355462E-1
5.516667E1	4.476133E1	2.366395E-1
5.520000E1	4.485009E1	2.116271E-1
5.523333E1	4.487083E1	2.127531E-1
5.526667E1	4.491934E1	2.185843E-1
5.530000E1	4.498179E1	2.244356E-1
5.533333E1	4.499380E1	2.615621E-1
5.536667E1	4.498993E1	3.358238E-1
5.540000E1	4.498613E1	3.344798E-1
5.543333E1	4.496823E1	2.702636E-1
5.546667E1	4.492924E1	2.344972E-1
5.550000E1	4.490520E1	1.981171E-1
5.553333E1	4.496047E1	2.047932E-1
5.556667E1	4.497523E1	2.153197E-1
5.560000E1	4.509475E1	2.191194E-1
5.563333E1	4.517813E1	2.223049E-1
5.566667E1	4.532335E1	2.345762E-1
5.570000E1	4.539965E1	2.163040E-1
5.573333E1	4.543534E1	2.159349E-1
5.576667E1	4.550477E1	2.221297E-1
5.580000E1	4.554565E1	2.253121E-1
5.583333E1	4.557198E1	2.553833E-1
5.586667E1	4.555906E1	3.388733E-1
5.590000E1	4.555793E1	3.376682E-1
5.593333E1	4.554350E1	2.981254E-1
5.596667E1	4.552890E1	2.271416E-1
5.600000E1	4.549400E1	1.952599E-1
5.603333E1	4.554240E1	2.028855E-1
5.606667E1	4.557033E1	2.136973E-1
5.610000E1	4.567664E1	2.178006E-1
5.613333E1	4.581359E1	2.279077E-1
5.616667E1	4.590590E1	2.356624E-1
5.620000E1	4.599017E1	2.137494E-1
5.623333E1	4.602825E1	2.118871E-1
5.626667E1	4.608039E1	2.166121E-1
5.630000E1	4.611495E1	2.142252E-1
5.633333E1	4.610291E1	2.505696E-1
5.636667E1	4.609073E1	3.232366E-1
5.640000E1	4.608235E1	3.322012E-1
5.643333E1	4.606543E1	2.808008E-1
5.646667E1	4.604957E1	2.327932E-1
5.650000E1	4.605122E1	1.926794E-1
5.653333E1	4.609091E1	1.991961E-1
5.656667E1	4.609173E1	2.075007E-1
5.660000E1	4.619819E1	2.178489E-1
5.663333E1	4.635850E1	2.190852E-1
5.666667E1	4.645698E1	2.317897E-1
5.670000E1	4.653029E1	2.093851E-1
5.673333E1	4.654089E1	2.115611E-1
5.676667E1	4.660442E1	2.188610E-1
5.680000E1	4.663579E1	2.223718E-1
5.683333E1	4.665019E1	2.654419E-1
5.686667E1	4.664916E1	3.333549E-1
5.690000E1	4.665034E1	3.364313E-1
5.693333E1	4.663409E1	2.959087E-1
5.696667E1	4.662797E1	2.379627E-1
5.700000E1	4.662399E1	2.013841E-1
5.703333E1	4.665688E1	2.051622E-1
5.706667E1	4.667608E1	2.066813E-1
5.710000E1	4.679026E1	2.274933E-1
5.713333E1	4.693104E1	2.334365E-1
5.716667E1	4.697943E1	2.363446E-1
5.720000E1	4.708146E1	2.170496E-1
5.723333E1	4.709926E1	2.174824E-1
5.726667E1	4.715069E1	2.230552E-1
5.730000E1	4.719637E1	2.231803E-1
5.733333E1	4.722878E1	2.617932E-1
5.736667E1	4.721818E1	3.259350E-1
5.740000E1	4.722203E1	3.358187E-1
5.743333E1	4.719811E1	2.997073E-1
5.746667E1	4.719049E1	2.331738E-1
5.750000E1	4.714335E1	2.024039E-1
5.753333E1	4.719146E1	2.111363E-1
5.756667E1	4.721874E1	2.125901E-1
5.760000E1	4.732458E1	2.167087E-1
5.763333E1	4.745005E1	2.231406E-1
5.766667E1	4.753245E1	2.317364E-1
5.770000E1	4.760207E1	2.156167E-1
5.773333E1	4.761631E1	2.176382E-1
5.776667E1	4.767634E1	2.196285E-1
5.780000E1	4.771754E1	2.239519E-1
5.783333E1	4.774388E1	2.599727E-1
5.786667E1	4.773508E1	3.302706E-1
5.790000E1	4.772807E1	3.344728E-1
5.793333E1	4.770926E1	3.043080E-1
5.796667E1	4.769393E1	2.358130E-1
5.800000E1	4.764547E1	2.021308E-1
5.803333E1	4.769474E1	2.115697E-1
5.806667E1	4.773274E1	2.163393E-1
5.810000E1	4.783059E1	2.146646E-1
5.813333E1	4.795467E1	2.276302E-1
5.816667E1	4.805802E1	2.413459E-1
5.820000E1	4.811263E1	2.191378E-1
5.823333E1	4.812216E1	2.190071E-1
5.826667E1	4.820361E1	2.272958E-1
5.830000E1	4.824190E1	2.234300E-1
5.833333E1	4.825934E1	2.605165E-1
5.836667E1	4.824433E1	3.338899E-1
5.840000E1	4.824105E1	3.370795E-1
5.843333E1	4.822136E1	2.947769E-1
5.846667E1	4.821044E1	2.368907E-1
5.850000E1	4.820216E1	2.016940E-1
5.853333E1	4.823823E1	2.107090E-1
5.856667E1	4.825692E1	2.141215E-1
5.860000E1	4.836560E1	2.184983E-1
5.863333E1	4.850238E1	2.259751E-1
5.866667E1	4.855429E1	2.266979E-1
5.870000E1	4.864467E1	2.203990E-1
5.873333E1	4.866327E1	2.192000E-1
5.876667E1	4.872507E1	2.206095E-1
5.880000E1	4.878201E1	2.253381E-1
5.883333E1	4.880795E1	2.594823E-1
5.886667E1	4.879654E1	3.391626E-1
5.890000E1	4.880167E1	3.410555E-1
5.893333E1	4.878656E1	3.245889E-1
5.896667E1	4.875917E1	2.585609E-1
5.900000E1	4.869915E1	2.251189E-1
5.903333E1	4.871023E1	2.271310E-1
5.906667E1	4.875710E1	2.267592E-1
5.910000E1	4.884617E1	2.280895E-1
5.913333E1	4.895902E1	2.327130E-1
5.916667E1	4.901622E1	2.401837E-1
5.920000E1	4.908175E1	2.148910E-1
5.923333E1	4.909916E1	2.164933E-1
5.926667E1	4.913021E1	2.201158E-1
5.930000E1	4.913802E1	2.261686E-1
5.933333E1	4.915809E1	2.758536E-1
5.936667E1	4.912388E1	3.454274E-1
5.940000E1	4.909540E1	3.434356E-1
5.943333E1	4.906001E1	3.319159E-1
5.946667E1	4.900911E1	3.119644E-1
5.950000E1	4.891861E1	2.219223E-1
5.953333E1	4.893499E1	2.168174E-1
5.956667E1	4.896452E1	2.238434E-1
5.960000E1	4.903374E1	2.269645E-1
5.963333E1	4.909020E1	2.302992E-1
5.966667E1	4.917767E1	2.444089E-1
5.970000E1	4.919123E1	2.267121E-1
5.973333E1	4.919097E1	2.217250E-1
5.976667E1	4.919528E1	2.257570E-1
5.980000E1	4.918701E1	2.226602E-1
5.983333E1	4.917274E1	2.879492E-1
5.986667E1	4.913883E1	3.391483E-1
5.990000E1	4.911042E1	3.478385E-1
5.993333E1	4.902826E1	3.413893E-1
5.996667E1	4.898978E1	3.183366E-1
6.000000E1	4.888628E1	2.375372E-1
6.003333E1	4.887399E1	2.291852E-1
6.006667E1	4.888740E1	2.330314E-1
6.010000E1	4.891965E1	2.409519E-1
6.013333E1	4.900193E1	2.376027E-1
6.016667E1	4.906286E1	2.460758E-1
6.020000E1	4.908150E1	2.259437E-1
6.023333E1	4.908680E1	2.282743E-1
6.026667E1	4.909059E1	2.311313E-1
6.030000E1	4.909160E1	2.263866E-1
6.033333E1	4.907145E1	3.070123E-1
6.036667E1	4.900632E1	3.434827E-1
6.040000E1	4.896902E1	3.503024E-1
6.043333E1	4.888027E1	3.372099E-1
6.046667E1	4.882485E1	2.935794E-1
6.050000E1	4.869993E1	2.304630E-1
6.053333E1	4.865929E1	2.352466E-1
6.056667E1	4.867111E1	2.364319E-1
6.060000E1	4.871263E1	2.389459E-1
6.063333E1	4.879109E1	2.394473E-1
6.066667E1	4.884144E1	2.395847E-1
6.070000E1	4.883538E1	2.215336E-1
6.073333E1	4.882304E1	2.221231E-1
6.076667E1	4.881599E1	2.291796E-1
6.080000E1	4.881500E1	2.276164E-1
6.083333E1	4.880068E1	3.009388E-1
6.086667E1	4.871419E1	3.396340E-1
6.090000E1	4.868283E1	3.324062E-1
6.093333E1	4.859137E1	3.093401E-1
6.096667E1	4.856375E1	2.696090E-1
6.100000E1	4.845880E1	2.146777E-1
6.103333E1	4.844359E1	2.215118E-1
6.106667E1	4.845331E1	2.233694E-1
6.110000E1	4.850480E1	2.358904E-1
6.113333E1	4.857102E1	2.411659E-1
6.116667E1	4.865034E1	2.391667E-1
6.120000E1	4.866104E1	2.184670E-1
6.123333E1	4.867460E1	2.198956E-1
6.126667E1	4.868093E1	2.278493E-1
6.130000E1	4.867683E1	2.263200E-1
6.133333E1	4.864637E1	3.210791E-1
6.136667E1	4.856978E1	3.252308E-1
6.140000E1	4.852649E1	2.961846E-1
6.143333E1	4.845288E1	2.518125E-1
6.146667E1	4.841074E1	2.128836E-1
6.150000E1	4.833358E1	1.903903E-1
6.153333E1	4.830808E1	2.105202E-1
6.156667E1	4.834660E1	2.254675E-1
6.160000E1	4.846204E1	2.291197E-1
6.163333E1	4.851672E1	2.329588E-1
6.166667E1	4.860759E1	2.298854E-1
6.170000E1	4.863502E1	2.206653E-1
6.173333E1	4.867122E1	2.231465E-1
6.176667E1	4.868728E1	2.249492E-1
6.180000E1	4.867848E1	2.234615E-1
6.183333E1	4.866321E1	2.784559E-1
6.186667E1	4.865213E1	3.201705E-1
6.190000E1	4.865424E1	2.917974E-1
6.193333E1	4.864872E1	2.674179E-1
6.196667E1	4.863999E1	2.393190E-1
6.200000E1	4.863322E1	1.671786E-1
