	masse A		
t	x	y	
0.000000E0	0.000000E0	3.604200E-3
3.333333E-2	-1.310380E-3	3.416480E-3
6.666667E-2	-9.167097E-3	4.076318E-3
1.000000E-1	-5.258451E-2	2.161419E-3
1.333333E-1	-1.120643E-1	-1.806969E-3
1.666667E-1	-1.727688E-1	-7.759357E-3
2.000000E-1	-2.809496E-1	-1.788410E-2
2.333333E-1	-3.087686E-1	-1.072149E-2
2.666667E-1	-4.247559E-1	-1.196388E-2
3.000000E-1	-5.467037E-1	-2.906586E-2
3.333333E-1	-6.904670E-1	-3.222190E-2
3.666667E-1	-8.804030E-1	-7.591333E-2
4.000000E-1	-9.459651E-1	-8.666644E-2
4.333333E-1	-1.061521E0	-9.213305E-2
4.666667E-1	-1.141714E0	-1.051173E-1
5.000000E-1	-1.181543E0	-1.325463E-1
5.333333E-1	-1.175292E0	-1.411129E-1
5.666667E-1	-1.156924E0	-1.454874E-1
6.000000E-1	-1.115216E0	-1.510392E-1
6.333333E-1	-1.047392E0	-1.556561E-1
6.666667E-1	-9.815214E-1	-1.551307E-1
7.000000E-1	-8.264971E-1	-1.521985E-1
7.333333E-1	-7.687840E-1	-1.495872E-1
7.666667E-1	-6.367162E-1	-1.420418E-1
8.000000E-1	-5.348657E-1	-1.350889E-1
8.333333E-1	-4.013491E-1	-1.289924E-1
8.666667E-1	-2.006007E-1	-1.111607E-1
9.000000E-1	-1.260916E-1	-1.278351E-1
9.333333E-1	5.876865E-2	-1.265574E-1
9.666667E-1	1.927605E-1	-9.073438E-2
1.000000E0	3.561184E-1	-4.953135E-2
1.033333E0	5.369843E-1	-4.543151E-2
1.066667E0	5.830421E-1	-5.487626E-2
1.100000E0	7.294919E-1	-6.831733E-2
1.133333E0	8.067063E-1	-6.328177E-2
1.166667E0	9.082371E-1	-7.097841E-2
1.200000E0	1.042078E0	-7.032140E-2
1.233333E0	1.064586E0	-6.839088E-2
1.266667E0	1.145155E0	-6.798324E-2
1.300000E0	1.176344E0	-6.702491E-2
1.333333E0	1.193359E0	-6.673578E-2
1.366667E0	1.245449E0	-5.872485E-2
1.400000E0	1.240984E0	-6.154473E-2
1.433333E0	1.250762E0	-6.620042E-2
1.466667E0	1.256760E0	-6.990265E-2
1.500000E0	1.254078E0	-7.017885E-2
1.533333E0	1.274562E0	-8.149747E-2
1.566667E0	1.289947E0	-8.119911E-2
1.600000E0	1.294071E0	-9.280464E-2
1.633333E0	1.295404E0	-1.074419E-1
1.666667E0	1.273161E0	-1.370765E-1
1.700000E0	1.201335E0	-1.566035E-1
1.733333E0	1.177818E0	-1.612145E-1
1.766667E0	1.073453E0	-1.627387E-1
1.800000E0	1.009239E0	-1.696984E-1
1.833333E0	9.099044E-1	-1.822267E-1
1.866667E0	7.705763E-1	-2.163649E-1
1.900000E0	7.225207E-1	-2.222240E-1
1.933333E0	5.710648E-1	-2.205692E-1
1.966667E0	4.701045E-1	-2.386984E-1
2.000000E0	3.501387E-1	-2.583728E-1
2.033333E0	1.610744E-1	-2.965736E-1
2.066667E0	1.105379E-1	-2.950275E-1
2.100000E0	6.703324E-3	-3.065812E-1
2.133333E0	-5.057314E-2	-3.182924E-1
2.166667E0	-1.011304E-1	-3.179601E-1
2.200000E0	-1.032341E-1	-3.189382E-1
2.233333E0	-8.802678E-2	-3.124863E-1
2.266667E0	-5.542319E-2	-3.162332E-1
2.300000E0	-3.992571E-2	-3.109115E-1
2.333333E0	-2.713037E-3	-3.047500E-1
2.366667E0	7.869748E-2	-3.004811E-1
2.400000E0	1.023521E-1	-2.974052E-1
2.433333E0	1.609570E-1	-2.915222E-1
2.466667E0	2.056355E-1	-2.767990E-1
2.500000E0	3.079603E-1	-2.722861E-1
2.533333E0	4.837307E-1	-2.639101E-1
2.566667E0	5.529246E-1	-2.683625E-1
2.600000E0	7.336205E-1	-2.765054E-1
2.633333E0	8.774893E-1	-2.511051E-1
2.666667E0	1.033464E0	-2.467971E-1
2.700000E0	1.197819E0	-1.892875E-1
2.733333E0	1.278086E0	-1.894676E-1
2.766667E0	1.421922E0	-1.926388E-1
2.800000E0	1.495403E0	-1.873363E-1
2.833333E0	1.602195E0	-1.864293E-1
2.866667E0	1.716728E0	-1.788312E-1
2.900000E0	1.744603E0	-1.803881E-1
2.933333E0	1.811603E0	-1.733852E-1
2.966667E0	1.837504E0	-1.385697E-1
3.000000E0	1.851637E0	-1.285128E-1
3.033333E0	1.878952E0	-1.186805E-1
3.066667E0	1.882101E0	-1.225276E-1
3.100000E0	1.883828E0	-1.244819E-1
3.133333E0	1.882813E0	-1.280599E-1
3.166667E0	1.881622E0	-1.363471E-1
3.200000E0	1.882776E0	-1.412425E-1
3.233333E0	1.887007E0	-1.425363E-1
3.266667E0	1.891823E0	-1.511472E-1
3.300000E0	1.889643E0	-1.573618E-1
3.333333E0	1.862457E0	-1.670526E-1
3.366667E0	1.823562E0	-1.790166E-1
3.400000E0	1.765506E0	-2.147329E-1
3.433333E0	1.678485E0	-2.257581E-1
3.466667E0	1.636939E0	-2.283501E-1
3.500000E0	1.512434E0	-2.472191E-1
3.533333E0	1.408647E0	-2.510792E-1
3.566667E0	1.312936E0	-2.793163E-1
3.600000E0	1.171172E0	-2.867363E-1
3.633333E0	1.132775E0	-2.883777E-1
3.666667E0	9.691148E-1	-3.123357E-1
3.700000E0	8.404286E-1	-3.202846E-1
3.733333E0	7.651065E-1	-3.077306E-1
3.766667E0	6.732124E-1	-3.195563E-1
3.800000E0	6.201207E-1	-3.269038E-1
3.833333E0	5.764060E-1	-3.702134E-1
3.866667E0	5.732345E-1	-3.772782E-1
3.900000E0	5.903214E-1	-3.724855E-1
3.933333E0	6.283733E-1	-3.715966E-1
3.966667E0	6.636294E-1	-3.742424E-1
4.000000E0	7.713289E-1	-3.620197E-1
4.033333E0	8.518421E-1	-3.502753E-1
4.066667E0	9.030375E-1	-3.528312E-1
4.100000E0	1.023016E0	-3.531816E-1
4.133333E0	1.058322E0	-3.447527E-1
4.166667E0	1.250825E0	-3.159593E-1
4.200000E0	1.377609E0	-2.796192E-1
4.233333E0	1.473149E0	-2.772377E-1
4.266667E0	1.672508E0	-2.712611E-1
4.300000E0	1.795330E0	-2.356599E-1
4.333333E0	2.073720E0	-1.801080E-1
4.366667E0	2.233441E0	-1.661733E-1
4.400000E0	2.380609E0	-1.438858E-1
4.433333E0	2.517959E0	-1.375387E-1
4.466667E0	2.564107E0	-1.355345E-1
4.500000E0	2.734475E0	-1.279518E-1
4.533333E0	2.829013E0	-1.220058E-1
4.566667E0	2.876861E0	-1.220654E-1
4.600000E0	2.966923E0	-1.165730E-1
4.633333E0	2.999401E0	-1.084637E-1
4.666667E0	3.090924E0	-9.196049E-2
4.700000E0	3.131808E0	-6.575267E-2
4.733333E0	3.142156E0	-5.807738E-2
4.766667E0	3.179936E0	-5.333317E-2
4.800000E0	3.181402E0	-5.524180E-2
4.833333E0	3.209535E0	-7.181319E-2
4.866667E0	3.250856E0	-7.574676E-2
4.900000E0	3.271327E0	-7.549744E-2
4.933333E0	3.299112E0	-7.971817E-2
4.966667E0	3.314929E0	-8.201131E-2
5.000000E0	3.315117E0	-1.142951E-1
5.033333E0	3.311438E0	-1.369494E-1
5.066667E0	3.297766E0	-1.447195E-1
5.100000E0	3.248334E0	-1.568758E-1
5.133333E0	3.221971E0	-1.554456E-1
5.166667E0	3.143898E0	-1.642941E-1
5.200000E0	3.079067E0	-1.697733E-1
5.233333E0	3.027593E0	-1.652136E-1
5.266667E0	2.907796E0	-1.695501E-1
5.300000E0	2.864813E0	-1.692931E-1
5.333333E0	2.717064E0	-2.025556E-1
5.366667E0	2.619444E0	-2.343730E-1
5.400000E0	2.570899E0	-2.335959E-1
5.433333E0	2.455076E0	-2.609417E-1
5.466667E0	2.435652E0	-2.816827E-1
5.500000E0	2.420754E0	-3.043861E-1
5.533333E0	2.439000E0	-3.190091E-1
5.566667E0	2.455534E0	-3.145613E-1
5.600000E0	2.497713E0	-3.091887E-1
5.633333E0	2.543305E0	-3.153965E-1
5.666667E0	2.652743E0	-3.057834E-1
5.700000E0	2.737674E0	-3.016974E-1
5.733333E0	2.785131E0	-2.997967E-1
5.766667E0	2.935257E0	-2.877177E-1
5.800000E0	2.983948E0	-2.862398E-1
5.833333E0	3.157207E0	-2.706222E-1
5.866667E0	3.317225E0	-2.680878E-1
5.900000E0	3.410846E0	-2.767384E-1
5.933333E0	3.610814E0	-2.735697E-1
5.966667E0	3.739271E0	-2.369519E-1
6.000000E0	4.012997E0	-1.801956E-1
6.033333E0	4.173968E0	-1.771029E-1
6.066667E0	4.331947E0	-1.736313E-1
6.100000E0	4.469896E0	-1.532457E-1
6.133333E0	4.500109E0	-1.526048E-1
6.166667E0	4.659493E0	-1.459829E-1
6.200000E0	4.771382E0	-1.362650E-1
6.233333E0	4.847907E0	-1.352974E-1
6.266667E0	4.930146E0	-1.342296E-1
6.300000E0	4.956823E0	-1.279578E-1
6.333333E0	5.052416E0	-1.143770E-1
6.366667E0	5.099344E0	-1.172842E-1
6.400000E0	5.124312E0	-1.190960E-1
6.433333E0	5.143260E0	-1.123981E-1
6.466667E0	5.137791E0	-1.143583E-1
6.500000E0	5.184899E0	-1.276233E-1
6.533333E0	5.219769E0	-1.342292E-1
6.566667E0	5.241594E0	-1.376840E-1
6.600000E0	5.293588E0	-1.430969E-1
6.633333E0	5.296410E0	-1.473855E-1
6.666667E0	5.312586E0	-1.613331E-1
6.700000E0	5.328831E0	-1.628832E-1
6.733333E0	5.325985E0	-1.622247E-1
6.766667E0	5.313865E0	-1.629398E-1
6.800000E0	5.307272E0	-1.622345E-1
6.833333E0	5.217544E0	-1.915336E-1
6.866667E0	5.167795E0	-2.041471E-1
6.900000E0	5.097355E0	-2.149593E-1
6.933333E0	5.023195E0	-2.193479E-1
6.966667E0	4.988232E0	-2.331031E-1
7.000000E0	4.852363E0	-2.640354E-1
7.033333E0	4.755073E0	-2.865676E-1
7.066667E0	4.701410E0	-3.008098E-1
7.100000E0	4.617063E0	-3.060497E-1
7.133333E0	4.591138E0	-3.082739E-1
7.166667E0	4.568391E0	-3.443695E-1
7.200000E0	4.568516E0	-3.637159E-1
7.233333E0	4.589051E0	-3.677868E-1
7.266667E0	4.653710E0	-3.763612E-1
7.300000E0	4.701390E0	-3.810241E-1
7.333333E0	4.825972E0	-3.804899E-1
7.366667E0	4.917246E0	-3.690330E-1
7.400000E0	4.979034E0	-3.653434E-1
7.433333E0	5.105642E0	-3.609046E-1
7.466667E0	5.162033E0	-3.539821E-1
7.500000E0	5.347447E0	-3.327959E-1
7.533333E0	5.489114E0	-3.240486E-1
7.566667E0	5.589369E0	-3.231470E-1
7.600000E0	5.795754E0	-3.394170E-1
7.633333E0	5.915048E0	-2.945938E-1
7.666667E0	6.185014E0	-2.510754E-1
7.700000E0	6.346584E0	-2.490748E-1
7.733333E0	6.488925E0	-2.383212E-1
7.766667E0	6.648335E0	-2.157731E-1
7.800000E0	6.722638E0	-2.087360E-1
7.833333E0	6.893762E0	-1.876635E-1
7.866667E0	6.996045E0	-1.733667E-1
7.900000E0	7.089400E0	-1.570837E-1
7.933333E0	7.188106E0	-1.396516E-1
7.966667E0	7.222714E0	-1.350909E-1
8.000000E0	7.339206E0	-1.227768E-1
8.033333E0	7.382239E0	-1.191287E-1
8.066667E0	7.403885E0	-1.193947E-1
8.100000E0	7.473486E0	-1.187832E-1
8.133333E0	7.495805E0	-1.207512E-1
8.166667E0	7.559141E0	-1.372423E-1
8.200000E0	7.615947E0	-1.415428E-1
8.233333E0	7.653841E0	-1.400894E-1
8.266667E0	7.708166E0	-1.461741E-1
8.300000E0	7.726435E0	-1.458487E-1
8.333333E0	7.748830E0	-1.622535E-1
8.366667E0	7.751425E0	-1.825366E-1
8.400000E0	7.769569E0	-2.090485E-1
8.433333E0	7.766325E0	-2.304568E-1
8.466667E0	7.763085E0	-2.272183E-1
8.500000E0	7.731480E0	-2.436682E-1
8.533333E0	7.668417E0	-2.515821E-1
8.566667E0	7.622655E0	-2.661939E-1
8.600000E0	7.545180E0	-2.832218E-1
8.633333E0	7.526197E0	-2.973940E-1
8.666667E0	7.412613E0	-3.136451E-1
8.700000E0	7.340528E0	-3.188410E-1
8.733333E0	7.293511E0	-3.144034E-1
8.766667E0	7.220468E0	-3.143513E-1
8.800000E0	7.202591E0	-3.186146E-1
8.833333E0	7.193845E0	-3.580089E-1
8.866667E0	7.207380E0	-3.797755E-1
8.900000E0	7.227279E0	-3.815173E-1
8.933333E0	7.306485E0	-3.822922E-1
8.966667E0	7.329848E0	-3.917558E-1
9.000000E0	7.477172E0	-3.871218E-1
9.033333E0	7.569935E0	-3.747550E-1
9.066667E0	7.636292E0	-3.668022E-1
9.100000E0	7.768600E0	-3.592879E-1
9.133333E0	7.812405E0	-3.558724E-1
9.166667E0	7.979897E0	-3.349011E-1
9.200000E0	8.136744E0	-3.287331E-1
9.233333E0	8.211100E0	-3.432743E-1
9.266667E0	8.436333E0	-3.428939E-1
9.300000E0	8.569476E0	-2.909365E-1
9.333333E0	8.839697E0	-2.498130E-1
9.366667E0	9.007161E0	-2.448459E-1
9.400000E0	9.134770E0	-2.063406E-1
9.433333E0	9.291375E0	-2.056499E-1
9.466667E0	9.337541E0	-1.944371E-1
9.500000E0	9.505418E0	-1.805284E-1
9.533333E0	9.630655E0	-1.876243E-1
9.566667E0	9.688927E0	-1.945502E-1
9.600000E0	9.779706E0	-1.951613E-1
9.633333E0	9.811630E0	-1.821437E-1
9.666667E0	9.888271E0	-1.496304E-1
9.700000E0	9.932613E0	-1.263094E-1
9.733333E0	9.961164E0	-1.150065E-1
9.766667E0	1.000484E1	-1.221650E-1
9.800000E0	1.002842E1	-1.253807E-1
9.833333E0	1.008848E1	-1.386323E-1
9.866667E0	1.012534E1	-1.344890E-1
9.900000E0	1.014845E1	-1.391249E-1
9.933333E0	1.020686E1	-1.457143E-1
9.966667E0	1.023266E1	-1.467521E-1
1.000000E1	1.025289E1	-1.566898E-1
1.003333E1	1.024872E1	-1.617234E-1
1.006667E1	1.024285E1	-1.632955E-1
1.010000E1	1.023430E1	-1.709640E-1
1.013333E1	1.023184E1	-1.703924E-1
1.016667E1	1.018507E1	-1.767671E-1
1.020000E1	1.013913E1	-2.030308E-1
1.023333E1	1.010541E1	-2.186200E-1
1.026667E1	1.002929E1	-2.242618E-1
1.030000E1	9.999064E0	-2.300442E-1
1.033333E1	9.889116E0	-2.603921E-1
1.036667E1	9.813024E0	-2.881296E-1
1.040000E1	9.761801E0	-2.941654E-1
1.043333E1	9.685568E0	-3.050292E-1
1.046667E1	9.660095E0	-3.049779E-1
1.050000E1	9.650707E0	-3.195119E-1
1.053333E1	9.659619E0	-3.192063E-1
1.056667E1	9.676104E0	-3.179041E-1
1.060000E1	9.731501E0	-3.173934E-1
1.063333E1	9.774572E0	-3.138071E-1
1.066667E1	9.929532E0	-3.116772E-1
1.070000E1	1.000933E1	-3.018830E-1
1.073333E1	1.007867E1	-3.021241E-1
1.076667E1	1.021463E1	-2.921942E-1
1.080000E1	1.024915E1	-2.876341E-1
1.083333E1	1.040924E1	-2.711846E-1
1.086667E1	1.053827E1	-2.650357E-1
1.090000E1	1.065117E1	-2.668669E-1
1.093333E1	1.082783E1	-2.713409E-1
1.096667E1	1.094456E1	-2.410584E-1
1.100000E1	1.116564E1	-1.863021E-1
1.103333E1	1.130511E1	-1.769133E-1
1.106667E1	1.143561E1	-1.650131E-1
1.110000E1	1.156639E1	-1.529825E-1
1.113333E1	1.159120E1	-1.433753E-1
1.116667E1	1.174689E1	-1.380437E-1
1.120000E1	1.182522E1	-1.349742E-1
1.123333E1	1.185460E1	-1.361869E-1
1.126667E1	1.192964E1	-1.237788E-1
1.130000E1	1.194561E1	-1.165077E-1
1.133333E1	1.203265E1	-8.675534E-2
1.136667E1	1.207953E1	-6.233033E-2
1.140000E1	1.210815E1	-5.505262E-2
1.143333E1	1.213003E1	-5.059340E-2
1.146667E1	1.212903E1	-5.136498E-2
1.150000E1	1.214889E1	-6.760706E-2
1.153333E1	1.221597E1	-7.084538E-2
1.156667E1	1.220859E1	-6.930772E-2
1.160000E1	1.223705E1	-8.088110E-2
1.163333E1	1.227324E1	-8.336965E-2
1.166667E1	1.228407E1	-9.450043E-2
1.170000E1	1.227627E1	-1.129486E-1
1.173333E1	1.226809E1	-1.295939E-1
1.176667E1	1.225351E1	-1.484441E-1
1.180000E1	1.224262E1	-1.534251E-1
1.183333E1	1.222612E1	-1.606304E-1
1.186667E1	1.214613E1	-1.700955E-1
1.190000E1	1.211117E1	-1.613880E-1
1.193333E1	1.203406E1	-1.610422E-1
1.196667E1	1.198355E1	-1.667658E-1
1.200000E1	1.191117E1	-1.765324E-1
1.203333E1	1.178559E1	-1.971254E-1
1.206667E1	1.173787E1	-2.192204E-1
1.210000E1	1.166476E1	-2.410073E-1
1.213333E1	1.163401E1	-2.537836E-1
1.216667E1	1.159880E1	-2.878869E-1
1.220000E1	1.160789E1	-3.038184E-1
1.223333E1	1.162105E1	-3.023553E-1
1.226667E1	1.166177E1	-3.095416E-1
1.230000E1	1.170294E1	-3.086151E-1
1.233333E1	1.178366E1	-3.051922E-1
1.236667E1	1.188630E1	-2.957261E-1
1.240000E1	1.192899E1	-2.941659E-1
1.243333E1	1.201848E1	-2.884691E-1
1.246667E1	1.208596E1	-2.819269E-1
1.250000E1	1.220506E1	-2.719164E-1
1.253333E1	1.236619E1	-2.586797E-1
1.256667E1	1.242069E1	-2.679223E-1
1.260000E1	1.255649E1	-2.740438E-1
1.263333E1	1.270667E1	-2.418580E-1
1.266667E1	1.279518E1	-2.020046E-1
1.270000E1	1.308723E1	-1.676688E-1
1.273333E1	1.313520E1	-1.509509E-1
1.276667E1	1.325832E1	-1.362774E-1
1.280000E1	1.330872E1	-1.316622E-1
1.283333E1	1.341049E1	-1.391120E-1
1.286667E1	1.348714E1	-1.295763E-1
1.290000E1	1.351033E1	-1.306487E-1
1.293333E1	1.356542E1	-1.233070E-1
1.296667E1	1.359745E1	-1.121970E-1
1.300000E1	1.364828E1	-1.087187E-1
1.303333E1	1.368606E1	-9.184796E-2
1.306667E1	1.370390E1	-6.915073E-2
1.310000E1	1.371557E1	-5.941702E-2
1.313333E1	1.371720E1	-5.898642E-2
1.316667E1	1.372781E1	-6.444984E-2
1.320000E1	1.376175E1	-7.598298E-2
1.323333E1	1.377809E1	-7.585688E-2
1.326667E1	1.380605E1	-9.092766E-2
1.330000E1	1.383365E1	-9.088710E-2
1.333333E1	1.384527E1	-1.040495E-1
1.336667E1	1.384757E1	-1.170496E-1
1.340000E1	1.384130E1	-1.334927E-1
1.343333E1	1.381189E1	-1.497283E-1
1.346667E1	1.379936E1	-1.593954E-1
1.350000E1	1.375587E1	-1.691700E-1
1.353333E1	1.368309E1	-1.723432E-1
1.356667E1	1.366066E1	-1.612307E-1
1.360000E1	1.357345E1	-1.657306E-1
1.363333E1	1.352816E1	-1.650773E-1
1.366667E1	1.344697E1	-1.782908E-1
1.370000E1	1.333572E1	-2.343130E-1
1.373333E1	1.329763E1	-2.450423E-1
1.376667E1	1.320433E1	-2.568031E-1
1.380000E1	1.316140E1	-2.831461E-1
1.383333E1	1.314486E1	-3.103064E-1
1.386667E1	1.312583E1	-3.201444E-1
1.390000E1	1.312890E1	-3.128108E-1
1.393333E1	1.317657E1	-3.144184E-1
1.396667E1	1.323831E1	-3.160368E-1
1.400000E1	1.331364E1	-3.024950E-1
1.403333E1	1.342407E1	-2.979262E-1
1.406667E1	1.344311E1	-2.967616E-1
1.410000E1	1.352608E1	-2.855777E-1
1.413333E1	1.357468E1	-2.817924E-1
1.416667E1	1.368446E1	-2.684816E-1
1.420000E1	1.385076E1	-2.540534E-1
1.423333E1	1.390237E1	-2.637728E-1
1.426667E1	1.405747E1	-2.660513E-1
1.430000E1	1.419193E1	-2.204868E-1
1.433333E1	1.433462E1	-1.926343E-1
1.436667E1	1.450090E1	-1.676910E-1
1.440000E1	1.454686E1	-1.454873E-1
1.443333E1	1.465901E1	-1.456936E-1
1.446667E1	1.471209E1	-1.449878E-1
1.450000E1	1.476522E1	-1.444577E-1
1.453333E1	1.485363E1	-1.310574E-1
1.456667E1	1.486979E1	-1.317551E-1
1.460000E1	1.491874E1	-1.247652E-1
1.463333E1	1.495296E1	-1.203783E-1
1.466667E1	1.497249E1	-1.119935E-1
1.470000E1	1.501876E1	-1.047854E-1
1.473333E1	1.501114E1	-1.122390E-1
1.476667E1	1.501473E1	-1.199208E-1
1.480000E1	1.501455E1	-1.277919E-1
1.483333E1	1.502471E1	-1.318985E-1
1.486667E1	1.505329E1	-1.432272E-1
1.490000E1	1.507360E1	-1.422485E-1
1.493333E1	1.509180E1	-1.479850E-1
1.496667E1	1.509175E1	-1.542448E-1
1.500000E1	1.508767E1	-1.627510E-1
1.503333E1	1.508303E1	-1.795911E-1
1.506667E1	1.506973E1	-1.936683E-1
1.510000E1	1.504032E1	-2.033668E-1
1.513333E1	1.503076E1	-2.056507E-1
1.516667E1	1.501018E1	-2.284613E-1
1.520000E1	1.492353E1	-2.303895E-1
1.523333E1	1.489363E1	-2.224371E-1
1.526667E1	1.481831E1	-2.290799E-1
1.530000E1	1.476199E1	-2.512819E-1
1.533333E1	1.469462E1	-2.794297E-1
1.536667E1	1.456624E1	-3.021216E-1
1.540000E1	1.453976E1	-3.012153E-1
1.543333E1	1.446850E1	-3.126467E-1
1.546667E1	1.442651E1	-3.213230E-1
1.550000E1	1.440844E1	-3.581301E-1
1.553333E1	1.441348E1	-3.729116E-1
1.556667E1	1.442568E1	-3.724487E-1
1.560000E1	1.446642E1	-3.738939E-1
1.563333E1	1.452297E1	-3.743637E-1
1.566667E1	1.457240E1	-3.615677E-1
1.570000E1	1.467468E1	-3.542738E-1
1.573333E1	1.470807E1	-3.574869E-1
1.576667E1	1.477313E1	-3.480503E-1
1.580000E1	1.483431E1	-3.324224E-1
1.583333E1	1.493184E1	-3.179308E-1
1.586667E1	1.509325E1	-2.791954E-1
1.590000E1	1.513516E1	-2.704607E-1
1.593333E1	1.527101E1	-2.674405E-1
1.596667E1	1.540481E1	-2.261888E-1
1.600000E1	1.552187E1	-1.973841E-1
1.603333E1	1.565629E1	-1.739769E-1
1.606667E1	1.569588E1	-1.538271E-1
1.610000E1	1.579003E1	-1.493597E-1
1.613333E1	1.582957E1	-1.481739E-1
1.616667E1	1.588091E1	-1.393503E-1
1.620000E1	1.594285E1	-1.262306E-1
1.623333E1	1.595624E1	-1.306803E-1
1.626667E1	1.598835E1	-1.202992E-1
1.630000E1	1.601121E1	-1.173803E-1
1.633333E1	1.602184E1	-1.094911E-1
1.636667E1	1.602803E1	-9.435926E-2
1.640000E1	1.601732E1	-7.503378E-2
1.643333E1	1.601274E1	-6.793158E-2
1.646667E1	1.601105E1	-6.860290E-2
1.650000E1	1.601396E1	-7.183226E-2
1.653333E1	1.603021E1	-7.965598E-2
1.656667E1	1.602664E1	-8.165568E-2
1.660000E1	1.602577E1	-9.150069E-2
1.663333E1	1.602226E1	-9.920729E-2
1.666667E1	1.601284E1	-1.136033E-1
1.670000E1	1.600138E1	-1.556970E-1
1.673333E1	1.599704E1	-1.526649E-1
1.676667E1	1.595461E1	-1.521356E-1
1.680000E1	1.591097E1	-1.486932E-1
1.683333E1	1.586853E1	-1.634809E-1
1.686667E1	1.576681E1	-1.666378E-1
1.690000E1	1.573326E1	-1.607229E-1
1.693333E1	1.562739E1	-1.560129E-1
1.696667E1	1.557054E1	-1.713708E-1
1.700000E1	1.548093E1	-1.765804E-1
1.703333E1	1.532496E1	-1.955258E-1
1.706667E1	1.530016E1	-2.237709E-1
1.710000E1	1.521354E1	-2.385518E-1
1.713333E1	1.516625E1	-2.531220E-1
1.716667E1	1.512452E1	-2.800737E-1
1.720000E1	1.512388E1	-2.936213E-1
1.723333E1	1.513548E1	-2.970986E-1
1.726667E1	1.515725E1	-2.993463E-1
1.730000E1	1.517956E1	-2.927353E-1
1.733333E1	1.525427E1	-2.895854E-1
1.736667E1	1.532248E1	-2.822058E-1
1.740000E1	1.536216E1	-2.845597E-1
1.743333E1	1.541934E1	-2.746410E-1
1.746667E1	1.545587E1	-2.706217E-1
1.750000E1	1.552972E1	-2.618026E-1
1.753333E1	1.564566E1	-2.286935E-1
1.756667E1	1.569210E1	-2.014716E-1
1.760000E1	1.581892E1	-1.983855E-1
1.763333E1	1.591345E1	-1.621748E-1
1.766667E1	1.600974E1	-1.328195E-1
1.770000E1	1.613367E1	-1.158293E-1
1.773333E1	1.616235E1	-1.247499E-1
1.776667E1	1.621642E1	-1.266256E-1
1.780000E1	1.625752E1	-1.227057E-1
1.783333E1	1.630233E1	-1.180212E-1
1.786667E1	1.633648E1	-1.100861E-1
1.790000E1	1.636476E1	-1.155486E-1
1.793333E1	1.638586E1	-1.081674E-1
1.796667E1	1.637645E1	-1.015171E-1
1.800000E1	1.637560E1	-6.475720E-2
1.803333E1	1.637647E1	-3.994336E-2
1.806667E1	1.636905E1	-4.649452E-2
1.810000E1	1.636856E1	-5.434307E-2
1.813333E1	1.636715E1	-5.693826E-2
1.816667E1	1.637415E1	-6.405838E-2
1.820000E1	1.639112E1	-6.885881E-2
1.823333E1	1.638839E1	-7.199852E-2
1.826667E1	1.638956E1	-8.807903E-2
1.830000E1	1.638768E1	-9.298406E-2
1.833333E1	1.637714E1	-1.129905E-1
1.836667E1	1.636648E1	-1.524087E-1
1.840000E1	1.636177E1	-1.518506E-1
1.843333E1	1.633628E1	-1.441239E-1
1.846667E1	1.633106E1	-1.412277E-1
1.850000E1	1.629957E1	-1.469949E-1
1.853333E1	1.621793E1	-1.613790E-1
1.856667E1	1.619224E1	-1.548119E-1
1.860000E1	1.612787E1	-1.578035E-1
1.863333E1	1.608229E1	-1.724843E-1
1.866667E1	1.598696E1	-1.825780E-1
1.870000E1	1.587475E1	-2.458086E-1
1.873333E1	1.584574E1	-2.439596E-1
1.876667E1	1.576751E1	-2.664521E-1
1.880000E1	1.573916E1	-2.906086E-1
1.883333E1	1.571825E1	-3.016751E-1
1.886667E1	1.571857E1	-3.189681E-1
1.890000E1	1.572718E1	-3.120423E-1
1.893333E1	1.576308E1	-3.127819E-1
1.896667E1	1.582538E1	-3.077016E-1
1.900000E1	1.588430E1	-3.028443E-1
1.903333E1	1.597949E1	-3.003195E-1
1.906667E1	1.600958E1	-2.946133E-1
1.910000E1	1.609060E1	-2.856909E-1
1.913333E1	1.614375E1	-2.783989E-1
1.916667E1	1.624595E1	-2.687282E-1
1.920000E1	1.638265E1	-2.542577E-1
1.923333E1	1.642022E1	-2.635018E-1
1.926667E1	1.656866E1	-2.667220E-1
1.930000E1	1.670888E1	-2.147022E-1
1.933333E1	1.683245E1	-1.815048E-1
1.936667E1	1.700784E1	-1.757623E-1
1.940000E1	1.703023E1	-1.581375E-1
1.943333E1	1.713185E1	-1.482576E-1
1.946667E1	1.717381E1	-1.467258E-1
1.950000E1	1.722562E1	-1.414063E-1
1.953333E1	1.730377E1	-1.331666E-1
1.956667E1	1.731746E1	-1.364975E-1
1.960000E1	1.736000E1	-1.311205E-1
1.963333E1	1.739537E1	-1.247022E-1
1.966667E1	1.742511E1	-1.200831E-1
1.970000E1	1.746675E1	-1.075939E-1
1.973333E1	1.746709E1	-1.154981E-1
1.976667E1	1.748465E1	-1.264533E-1
1.980000E1	1.751457E1	-1.293939E-1
1.983333E1	1.754731E1	-1.370376E-1
1.986667E1	1.757516E1	-1.458727E-1
1.990000E1	1.760575E1	-1.449660E-1
1.993333E1	1.765164E1	-1.533399E-1
1.996667E1	1.767398E1	-1.568709E-1
2.000000E1	1.770780E1	-1.776711E-1
2.003333E1	1.773068E1	-2.161696E-1
2.006667E1	1.774173E1	-2.279092E-1
2.010000E1	1.774717E1	-2.349987E-1
2.013333E1	1.774459E1	-2.332708E-1
2.016667E1	1.772962E1	-2.386680E-1
2.020000E1	1.771193E1	-2.318320E-1
2.023333E1	1.770714E1	-2.300890E-1
2.026667E1	1.766242E1	-2.433341E-1
2.030000E1	1.764018E1	-2.447589E-1
2.033333E1	1.756463E1	-2.707946E-1
2.036667E1	1.751794E1	-3.068058E-1
2.040000E1	1.748704E1	-3.068888E-1
2.043333E1	1.743104E1	-3.279283E-1
2.046667E1	1.742445E1	-3.600276E-1
2.050000E1	1.741155E1	-3.941804E-1
2.053333E1	1.743181E1	-4.189782E-1
2.056667E1	1.744955E1	-4.381610E-1
2.060000E1	1.749337E1	-4.420116E-1
2.063333E1	1.752965E1	-4.430006E-1
2.066667E1	1.764213E1	-4.319559E-1
2.070000E1	1.771773E1	-4.250947E-1
2.073333E1	1.776144E1	-4.272376E-1
2.076667E1	1.785639E1	-4.161395E-1
2.080000E1	1.789315E1	-4.149464E-1
2.083333E1	1.803339E1	-3.871290E-1
2.086667E1	1.815047E1	-3.400529E-1
2.090000E1	1.819171E1	-3.437945E-1
2.093333E1	1.832888E1	-3.358546E-1
2.096667E1	1.844822E1	-2.871017E-1
2.100000E1	1.863444E1	-2.359466E-1
2.103333E1	1.875031E1	-2.160679E-1
2.106667E1	1.878581E1	-2.045809E-1
2.110000E1	1.890634E1	-2.047986E-1
2.113333E1	1.894084E1	-1.918368E-1
2.116667E1	1.904867E1	-1.940900E-1
2.120000E1	1.909302E1	-1.900406E-1
2.123333E1	1.913848E1	-1.917563E-1
2.126667E1	1.921609E1	-1.910727E-1
2.130000E1	1.925182E1	-1.797946E-1
2.133333E1	1.931300E1	-1.672008E-1
2.136667E1	1.935057E1	-1.381813E-1
2.140000E1	1.935553E1	-1.345389E-1
2.143333E1	1.940492E1	-1.270761E-1
2.146667E1	1.940922E1	-1.280386E-1
2.150000E1	1.945867E1	-1.453974E-1
2.153333E1	1.950803E1	-1.453992E-1
2.156667E1	1.954966E1	-1.425969E-1
2.160000E1	1.959953E1	-1.503970E-1
2.163333E1	1.961847E1	-1.507335E-1
2.166667E1	1.965478E1	-1.690525E-1
2.170000E1	1.968912E1	-1.763823E-1
2.173333E1	1.969666E1	-1.795041E-1
2.176667E1	1.970916E1	-2.133536E-1
2.180000E1	1.970116E1	-2.218839E-1
2.183333E1	1.969970E1	-2.257352E-1
2.186667E1	1.967839E1	-2.164955E-1
2.190000E1	1.966003E1	-2.157735E-1
2.193333E1	1.962519E1	-2.306265E-1
2.196667E1	1.960208E1	-2.387287E-1
2.200000E1	1.953252E1	-2.699615E-1
2.203333E1	1.947960E1	-2.962950E-1
2.206667E1	1.944288E1	-3.000218E-1
2.210000E1	1.939867E1	-3.087277E-1
2.213333E1	1.938066E1	-3.082981E-1
2.216667E1	1.935740E1	-3.237408E-1
2.220000E1	1.937845E1	-3.628306E-1
2.223333E1	1.939489E1	-3.699898E-1
2.226667E1	1.944489E1	-3.715546E-1
2.230000E1	1.947220E1	-3.716463E-1
2.233333E1	1.957673E1	-3.570719E-1
2.236667E1	1.963370E1	-3.544591E-1
2.240000E1	1.966426E1	-3.493809E-1
2.243333E1	1.975245E1	-3.391824E-1
2.246667E1	1.977427E1	-3.385329E-1
2.250000E1	1.990026E1	-2.990796E-1
2.253333E1	2.000275E1	-2.670429E-1
2.256667E1	2.002482E1	-2.640469E-1
2.260000E1	2.019842E1	-2.345683E-1
2.263333E1	2.024220E1	-1.837193E-1
2.266667E1	2.043640E1	-1.423552E-1
2.270000E1	2.050246E1	-1.368495E-1
2.273333E1	2.054292E1	-1.284769E-1
2.276667E1	2.062278E1	-1.219740E-1
2.280000E1	2.063991E1	-1.225908E-1
2.283333E1	2.070425E1	-1.181184E-1
2.286667E1	2.072836E1	-1.135883E-1
2.290000E1	2.077103E1	-1.173235E-1
2.293333E1	2.080659E1	-1.100790E-1
2.296667E1	2.083377E1	-1.031895E-1
2.300000E1	2.087515E1	-6.090984E-2
2.303333E1	2.091973E1	-4.531103E-2
2.306667E1	2.092397E1	-4.380010E-2
2.310000E1	2.093886E1	-4.519999E-2
2.313333E1	2.093163E1	-5.288520E-2
2.316667E1	2.096398E1	-6.933632E-2
2.320000E1	2.100350E1	-6.913476E-2
2.323333E1	2.101926E1	-7.661728E-2
2.326667E1	2.107364E1	-8.097809E-2
2.330000E1	2.108199E1	-7.987866E-2
2.333333E1	2.110580E1	-1.072768E-1
2.336667E1	2.113608E1	-1.380466E-1
2.340000E1	2.114185E1	-1.427432E-1
2.343333E1	2.115046E1	-1.514665E-1
2.346667E1	2.114276E1	-1.549633E-1
2.350000E1	2.113918E1	-1.540678E-1
2.353333E1	2.112519E1	-1.442591E-1
2.356667E1	2.110898E1	-1.392778E-1
2.360000E1	2.108502E1	-1.434578E-1
2.363333E1	2.109344E1	-1.465956E-1
2.366667E1	2.102699E1	-1.931868E-1
2.370000E1	2.099211E1	-2.303516E-1
2.373333E1	2.095872E1	-2.319897E-1
2.376667E1	2.091441E1	-2.477911E-1
2.380000E1	2.088807E1	-2.515585E-1
2.383333E1	2.088496E1	-2.930815E-1
2.386667E1	2.090117E1	-3.002060E-1
2.390000E1	2.091812E1	-3.053120E-1
2.393333E1	2.095988E1	-3.011766E-1
2.396667E1	2.099209E1	-3.030073E-1
2.400000E1	2.108725E1	-2.933580E-1
2.403333E1	2.115597E1	-2.902872E-1
2.406667E1	2.119024E1	-2.834402E-1
2.410000E1	2.126762E1	-2.806090E-1
2.413333E1	2.129818E1	-2.779809E-1
2.416667E1	2.141403E1	-2.464116E-1
2.420000E1	2.150827E1	-2.011356E-1
2.423333E1	2.154009E1	-1.901774E-1
2.426667E1	2.172247E1	-1.608625E-1
2.430000E1	2.178293E1	-1.280816E-1
2.433333E1	2.191368E1	-1.048635E-1
2.436667E1	2.199602E1	-1.011537E-1
2.440000E1	2.204568E1	-7.192183E-2
2.443333E1	2.212089E1	-6.166541E-2
2.446667E1	2.215239E1	-6.480457E-2
2.450000E1	2.220283E1	-6.698901E-2
2.453333E1	2.223415E1	-6.087028E-2
2.456667E1	2.225229E1	-5.665151E-2
2.460000E1	2.230389E1	-5.261556E-2
2.463333E1	2.230467E1	-4.854241E-2
2.466667E1	2.233956E1	-3.685930E-2
2.470000E1	2.236784E1	-3.746501E-2
2.473333E1	2.237075E1	-4.219048E-2
2.476667E1	2.238607E1	-4.550276E-2
2.480000E1	2.241149E1	-4.949457E-2
2.483333E1	2.245162E1	-6.739220E-2
2.486667E1	2.247356E1	-7.371589E-2
2.490000E1	2.250118E1	-7.406231E-2
2.493333E1	2.253773E1	-8.445718E-2
2.496667E1	2.256529E1	-8.615259E-2
2.500000E1	2.259542E1	-1.147869E-1
2.503333E1	2.260245E1	-1.385502E-1
2.506667E1	2.262721E1	-1.420173E-1
2.510000E1	2.263995E1	-1.500083E-1
2.513333E1	2.264187E1	-1.522366E-1
2.516667E1	2.264411E1	-1.591058E-1
2.520000E1	2.263628E1	-1.521402E-1
2.523333E1	2.261875E1	-1.466589E-1
2.526667E1	2.260537E1	-1.438304E-1
2.530000E1	2.261220E1	-1.427135E-1
2.533333E1	2.250450E1	-2.029784E-1
2.536667E1	2.246546E1	-2.298389E-1
2.540000E1	2.244344E1	-2.464392E-1
2.543333E1	2.235463E1	-2.613277E-1
2.546667E1	2.233851E1	-2.781476E-1
2.550000E1	2.233134E1	-3.001865E-1
2.553333E1	2.234065E1	-3.063329E-1
2.556667E1	2.235535E1	-3.109376E-1
2.560000E1	2.239000E1	-3.019622E-1
2.563333E1	2.242268E1	-3.033078E-1
2.566667E1	2.250441E1	-2.965509E-1
2.570000E1	2.255437E1	-2.846922E-1
2.573333E1	2.259760E1	-2.861658E-1
2.576667E1	2.264657E1	-2.794476E-1
2.580000E1	2.267307E1	-2.685722E-1
2.583333E1	2.278457E1	-2.506985E-1
2.586667E1	2.280672E1	-2.574288E-1
2.590000E1	2.283112E1	-2.516564E-1
2.593333E1	2.307071E1	-1.714418E-1
2.596667E1	2.310843E1	-1.477030E-1
2.600000E1	2.322862E1	-1.201525E-1
2.603333E1	2.327642E1	-1.060156E-1
2.606667E1	2.331749E1	-1.164831E-1
2.610000E1	2.335836E1	-1.151664E-1
2.613333E1	2.337231E1	-1.221920E-1
2.616667E1	2.340685E1	-1.215415E-1
2.620000E1	2.343748E1	-1.146431E-1
2.623333E1	2.345090E1	-1.165343E-1
2.626667E1	2.346201E1	-1.156577E-1
2.630000E1	2.345321E1	-1.184977E-1
2.633333E1	2.347202E1	-9.401838E-2
2.636667E1	2.350511E1	-6.372264E-2
2.640000E1	2.350960E1	-5.791839E-2
2.643333E1	2.351624E1	-5.462680E-2
2.646667E1	2.351462E1	-5.704749E-2
2.650000E1	2.353685E1	-7.768705E-2
2.653333E1	2.357949E1	-7.715876E-2
2.656667E1	2.359711E1	-7.715850E-2
2.660000E1	2.362272E1	-8.290787E-2
2.663333E1	2.364844E1	-8.556153E-2
2.666667E1	2.365874E1	-1.066162E-1
2.670000E1	2.366281E1	-1.407838E-1
2.673333E1	2.366347E1	-1.442189E-1
2.676667E1	2.366682E1	-1.536923E-1
2.680000E1	2.366078E1	-1.523752E-1
2.683333E1	2.365177E1	-1.539937E-1
2.686667E1	2.363720E1	-1.560127E-1
2.690000E1	2.363541E1	-1.471696E-1
2.693333E1	2.361534E1	-1.437342E-1
2.696667E1	2.361673E1	-1.460056E-1
2.700000E1	2.352243E1	-1.832020E-1
2.703333E1	2.348010E1	-2.105132E-1
2.706667E1	2.347008E1	-2.155780E-1
2.710000E1	2.337023E1	-2.613575E-1
2.713333E1	2.335434E1	-2.790669E-1
2.716667E1	2.333890E1	-2.929246E-1
2.720000E1	2.334521E1	-2.926102E-1
2.723333E1	2.335581E1	-2.968269E-1
2.726667E1	2.337511E1	-3.015248E-1
2.730000E1	2.338022E1	-2.990077E-1
2.733333E1	2.347168E1	-2.797831E-1
2.736667E1	2.351158E1	-2.815142E-1
2.740000E1	2.352781E1	-2.809947E-1
2.743333E1	2.359201E1	-2.697305E-1
2.746667E1	2.360960E1	-2.599795E-1
2.750000E1	2.370776E1	-2.144460E-1
2.753333E1	2.379223E1	-1.775235E-1
2.756667E1	2.386693E1	-1.676634E-1
2.760000E1	2.394964E1	-1.388718E-1
2.763333E1	2.397533E1	-1.242190E-1
2.766667E1	2.409730E1	-8.426898E-2
2.770000E1	2.413912E1	-5.183079E-2
2.773333E1	2.416685E1	-5.360113E-2
2.776667E1	2.419507E1	-4.980336E-2
2.780000E1	2.421669E1	-5.585555E-2
2.783333E1	2.423402E1	-5.624426E-2
2.786667E1	2.423521E1	-5.534062E-2
2.790000E1	2.423734E1	-5.390769E-2
2.793333E1	2.424291E1	-4.660666E-2
2.796667E1	2.423713E1	-4.460343E-2
2.800000E1	2.425280E1	-3.227465E-2
2.803333E1	2.425236E1	-3.178797E-3
2.806667E1	2.424743E1	6.100381E-3
2.810000E1	2.425103E1	6.733597E-3
2.813333E1	2.424370E1	3.733184E-4
2.816667E1	2.427363E1	-1.003060E-2
2.820000E1	2.431496E1	-1.021989E-2
2.823333E1	2.432438E1	-8.308245E-3
2.826667E1	2.435445E1	-1.961685E-2
2.830000E1	2.438478E1	-2.486215E-2
2.833333E1	2.439618E1	-3.956165E-2
2.836667E1	2.442390E1	-8.630444E-2
2.840000E1	2.444522E1	-8.475500E-2
2.843333E1	2.446451E1	-9.283614E-2
2.846667E1	2.446771E1	-9.900899E-2
2.850000E1	2.446423E1	-9.821361E-2
2.853333E1	2.445390E1	-9.956538E-2
2.856667E1	2.444114E1	-9.417392E-2
2.860000E1	2.442770E1	-1.001548E-1
2.863333E1	2.443241E1	-1.008981E-1
2.866667E1	2.442187E1	-9.866987E-2
2.870000E1	2.434724E1	-1.388451E-1
2.873333E1	2.435003E1	-1.550872E-1
2.876667E1	2.431617E1	-1.870418E-1
2.880000E1	2.429607E1	-2.272477E-1
2.883333E1	2.429555E1	-2.471457E-1
2.886667E1	2.431193E1	-2.465288E-1
2.890000E1	2.432003E1	-2.478648E-1
2.893333E1	2.436644E1	-2.457089E-1
2.896667E1	2.440582E1	-2.424232E-1
2.900000E1	2.447804E1	-2.361304E-1
2.903333E1	2.456631E1	-2.220811E-1
2.906667E1	2.459793E1	-2.217328E-1
2.910000E1	2.464309E1	-2.077637E-1
2.913333E1	2.468831E1	-2.016782E-1
2.916667E1	2.477058E1	-1.820251E-1
2.920000E1	2.491838E1	-1.654112E-1
2.923333E1	2.495181E1	-1.493736E-1
2.926667E1	2.505435E1	-1.149489E-1
2.930000E1	2.510393E1	-1.150529E-1
2.933333E1	2.517729E1	-9.246716E-2
2.936667E1	2.522206E1	-5.630617E-2
2.940000E1	2.523680E1	-5.408150E-2
2.943333E1	2.525926E1	-5.502415E-2
2.946667E1	2.525830E1	-6.388992E-2
2.950000E1	2.525939E1	-6.472657E-2
2.953333E1	2.525468E1	-4.992001E-2
2.956667E1	2.525012E1	-5.299339E-2
2.960000E1	2.525355E1	-4.430555E-2
2.963333E1	2.524991E1	-3.867536E-2
2.966667E1	2.525031E1	-3.711799E-2
2.970000E1	2.526362E1	-2.935283E-2
2.973333E1	2.525254E1	-1.149557E-2
2.976667E1	2.526237E1	-7.589563E-3
2.980000E1	2.526472E1	-6.246566E-3
2.983333E1	2.527783E1	-1.175073E-2
2.986667E1	2.533268E1	-1.346995E-2
2.990000E1	2.533405E1	-1.158231E-2
2.993333E1	2.535646E1	-2.227378E-2
2.996667E1	2.538345E1	-2.773098E-2
3.000000E1	2.539853E1	-4.144816E-2
3.003333E1	2.542103E1	-8.762629E-2
3.006667E1	2.544729E1	-8.510218E-2
3.010000E1	2.546275E1	-9.080936E-2
3.013333E1	2.546591E1	-9.273795E-2
3.016667E1	2.546986E1	-9.796914E-2
3.020000E1	2.545560E1	-9.896882E-2
3.023333E1	2.545301E1	-9.679685E-2
3.026667E1	2.543485E1	-1.167481E-1
3.030000E1	2.543275E1	-1.385904E-1
3.033333E1	2.542853E1	-1.539653E-1
3.036667E1	2.537516E1	-1.710607E-1
3.040000E1	2.536535E1	-1.680443E-1
3.043333E1	2.534980E1	-1.759386E-1
3.046667E1	2.533923E1	-2.091211E-1
3.050000E1	2.535028E1	-2.470272E-1
3.053333E1	2.536125E1	-2.529847E-1
3.056667E1	2.537337E1	-2.761745E-1
3.060000E1	2.540597E1	-2.866068E-1
3.063333E1	2.542768E1	-2.834471E-1
3.066667E1	2.549506E1	-2.765377E-1
3.070000E1	2.555630E1	-2.698256E-1
3.073333E1	2.559258E1	-2.739610E-1
3.076667E1	2.564261E1	-2.654218E-1
3.080000E1	2.569775E1	-2.605154E-1
3.083333E1	2.578219E1	-2.146696E-1
3.086667E1	2.592109E1	-1.609948E-1
3.090000E1	2.595325E1	-1.450880E-1
3.093333E1	2.602277E1	-1.291533E-1
3.096667E1	2.607426E1	-1.060447E-1
3.100000E1	2.614433E1	-7.848569E-2
3.103333E1	2.619782E1	-5.556244E-2
3.106667E1	2.619708E1	-5.277984E-2
3.110000E1	2.620898E1	-4.397483E-2
3.113333E1	2.623515E1	-4.640180E-2
3.116667E1	2.624208E1	-5.261840E-2
3.120000E1	2.624872E1	-4.535526E-2
3.123333E1	2.624957E1	-4.807231E-2
3.126667E1	2.625550E1	-4.161909E-2
3.130000E1	2.626009E1	-3.172422E-2
3.133333E1	2.627575E1	5.760970E-3
3.136667E1	2.632698E1	1.655557E-2
3.140000E1	2.632239E1	1.605020E-2
3.143333E1	2.633654E1	1.056148E-2
3.146667E1	2.633957E1	7.538742E-3
3.150000E1	2.636298E1	-1.676165E-3
3.153333E1	2.643531E1	-5.578951E-3
3.156667E1	2.646645E1	-2.895233E-3
3.160000E1	2.651235E1	-9.231373E-3
3.163333E1	2.654624E1	-1.720716E-2
3.166667E1	2.656225E1	-2.964494E-2
3.170000E1	2.661328E1	-4.835761E-2
3.173333E1	2.662507E1	-6.489147E-2
3.176667E1	2.665062E1	-7.963777E-2
3.180000E1	2.667797E1	-8.443788E-2
3.183333E1	2.670518E1	-9.231853E-2
3.186667E1	2.670272E1	-9.379279E-2
3.190000E1	2.669293E1	-8.981546E-2
3.193333E1	2.668682E1	-1.039761E-1
3.196667E1	2.667767E1	-1.098435E-1
3.200000E1	2.667234E1	-1.443510E-1
3.203333E1	2.665225E1	-1.618420E-1
3.206667E1	2.665266E1	-1.600211E-1
3.210000E1	2.664277E1	-1.693112E-1
3.213333E1	2.665134E1	-1.735776E-1
3.216667E1	2.665145E1	-1.945710E-1
3.220000E1	2.667106E1	-2.328336E-1
3.223333E1	2.668038E1	-2.373766E-1
3.226667E1	2.672187E1	-2.340799E-1
3.230000E1	2.676607E1	-2.390894E-1
3.233333E1	2.680443E1	-2.258111E-1
3.236667E1	2.688687E1	-2.135204E-1
3.240000E1	2.691455E1	-2.141632E-1
3.243333E1	2.697786E1	-2.096453E-1
3.246667E1	2.702704E1	-1.920726E-1
3.250000E1	2.709874E1	-1.868962E-1
3.253333E1	2.723190E1	-1.506653E-1
3.256667E1	2.726333E1	-1.329644E-1
3.260000E1	2.734955E1	-1.195414E-1
3.263333E1	2.741299E1	-9.362469E-2
3.266667E1	2.746006E1	-5.578556E-2
3.270000E1	2.751981E1	-3.027111E-2
3.273333E1	2.753998E1	-1.375316E-2
3.276667E1	2.756342E1	-1.971037E-3
3.280000E1	2.756208E1	1.937932E-3
3.283333E1	2.756179E1	3.885867E-3
3.286667E1	2.756386E1	1.428032E-2
3.290000E1	2.756259E1	9.565685E-3
3.293333E1	2.757339E1	1.477503E-2
3.296667E1	2.761063E1	2.135941E-2
3.300000E1	2.763120E1	2.774298E-2
3.303333E1	2.766263E1	3.370532E-2
3.306667E1	2.767853E1	2.587100E-2
3.310000E1	2.769830E1	1.888587E-2
3.313333E1	2.770719E1	1.341096E-2
3.316667E1	2.772768E1	3.993244E-3
3.320000E1	2.780448E1	-2.845215E-3
3.323333E1	2.782998E1	-6.734136E-4
3.326667E1	2.787250E1	-5.943220E-3
3.330000E1	2.791274E1	-1.501041E-2
3.333333E1	2.794213E1	-3.014422E-2
3.336667E1	2.799644E1	-4.380384E-2
3.340000E1	2.800000E1	-6.643433E-2
3.343333E1	2.803037E1	-6.997024E-2
3.346667E1	2.805942E1	-7.460392E-2
3.350000E1	2.809216E1	-7.736628E-2
3.353333E1	2.812209E1	-8.257820E-2
3.356667E1	2.812176E1	-8.449262E-2
3.360000E1	2.812130E1	-9.973419E-2
3.363333E1	2.811102E1	-1.108888E-1
3.366667E1	2.810837E1	-1.436276E-1
3.370000E1	2.807862E1	-1.525652E-1
3.373333E1	2.808260E1	-1.500402E-1
3.376667E1	2.804601E1	-1.636728E-1
3.380000E1	2.801096E1	-1.677601E-1
3.383333E1	2.802097E1	-1.870727E-1
3.386667E1	2.804644E1	-2.286683E-1
3.390000E1	2.805592E1	-2.264189E-1
3.393333E1	2.810057E1	-2.237793E-1
3.396667E1	2.813246E1	-2.239339E-1
3.400000E1	2.818775E1	-2.116828E-1
3.403333E1	2.826407E1	-2.097524E-1
3.406667E1	2.828211E1	-2.128763E-1
3.410000E1	2.835438E1	-2.026692E-1
3.413333E1	2.839353E1	-1.872222E-1
3.416667E1	2.847224E1	-1.782321E-1
3.420000E1	2.858182E1	-1.416795E-1
3.423333E1	2.862249E1	-1.334491E-1
3.426667E1	2.868984E1	-1.148319E-1
3.430000E1	2.877293E1	-8.070168E-2
3.433333E1	2.882084E1	-3.087053E-2
3.436667E1	2.885390E1	7.348420E-4
3.440000E1	2.885155E1	3.173843E-3
3.443333E1	2.885557E1	1.031524E-2
3.446667E1	2.885261E1	1.110585E-2
3.450000E1	2.884681E1	1.386018E-2
3.453333E1	2.884572E1	1.583014E-2
3.456667E1	2.884903E1	1.703335E-2
3.460000E1	2.885662E1	2.075046E-2
3.463333E1	2.885347E1	1.909460E-2
3.466667E1	2.887134E1	2.702071E-2
3.470000E1	2.891791E1	4.031166E-2
3.473333E1	2.892272E1	5.960373E-2
3.476667E1	2.893949E1	6.282892E-2
3.480000E1	2.894126E1	6.549179E-2
3.483333E1	2.896413E1	5.482584E-2
3.486667E1	2.903563E1	5.639779E-2
3.490000E1	2.906468E1	5.885995E-2
3.493333E1	2.910878E1	5.483973E-2
3.496667E1	2.913535E1	4.576215E-2
3.500000E1	2.916324E1	2.783459E-2
3.503333E1	2.923757E1	-3.719933E-3
3.506667E1	2.926522E1	-1.071418E-2
3.510000E1	2.930531E1	-1.362884E-2
3.513333E1	2.935169E1	-1.587775E-2
3.516667E1	2.938949E1	-1.890502E-2
3.520000E1	2.942159E1	-2.429664E-2
3.523333E1	2.942485E1	-2.069049E-2
3.526667E1	2.942570E1	-2.713388E-2
3.530000E1	2.942197E1	-2.890086E-2
3.533333E1	2.940930E1	-5.410530E-2
3.536667E1	2.939853E1	-1.075053E-1
3.540000E1	2.939311E1	-1.301704E-1
3.543333E1	2.938154E1	-1.474041E-1
3.546667E1	2.938134E1	-1.525350E-1
3.550000E1	2.938745E1	-1.562808E-1
3.553333E1	2.940601E1	-1.667590E-1
3.556667E1	2.941959E1	-1.628944E-1
3.560000E1	2.945846E1	-1.584266E-1
3.563333E1	2.950470E1	-1.645354E-1
3.566667E1	2.955425E1	-1.543912E-1
3.570000E1	2.962708E1	-1.515152E-1
3.573333E1	2.965305E1	-1.507341E-1
3.576667E1	2.971478E1	-1.424333E-1
3.580000E1	2.974837E1	-1.342484E-1
3.583333E1	2.982719E1	-1.257009E-1
3.586667E1	2.993092E1	-1.105362E-1
3.590000E1	2.995936E1	-1.135469E-1
3.593333E1	3.005895E1	-8.035314E-2
3.596667E1	3.009987E1	-4.010135E-2
3.600000E1	3.015117E1	-2.183859E-2
3.603333E1	3.016065E1	7.945309E-3
3.606667E1	3.015225E1	1.172710E-2
3.610000E1	3.014728E1	1.544635E-2
3.613333E1	3.014231E1	1.708437E-2
3.616667E1	3.013910E1	1.341188E-2
3.620000E1	3.013950E1	2.206027E-2
3.623333E1	3.014066E1	1.874841E-2
3.626667E1	3.014946E1	2.430741E-2
3.630000E1	3.015067E1	2.052777E-2
3.633333E1	3.016096E1	1.964311E-2
3.636667E1	3.018759E1	2.499873E-2
3.640000E1	3.020637E1	2.494333E-2
3.643333E1	3.023648E1	1.818419E-2
3.646667E1	3.024749E1	6.937088E-3
3.650000E1	3.029207E1	8.834083E-3
3.653333E1	3.032726E1	-1.198334E-3
3.656667E1	3.036831E1	1.992706E-3
3.660000E1	3.041876E1	-1.218959E-3
3.663333E1	3.043892E1	2.476362E-4
3.666667E1	3.049249E1	-2.361906E-2
3.670000E1	3.054066E1	-2.485726E-2
3.673333E1	3.058301E1	-1.893176E-2
3.676667E1	3.064910E1	-2.221112E-2
3.680000E1	3.067227E1	-1.814579E-2
3.683333E1	3.076384E1	-2.610698E-2
3.686667E1	3.081873E1	-2.003898E-2
3.690000E1	3.084503E1	-2.087517E-2
3.693333E1	3.086990E1	-2.768743E-2
3.696667E1	3.086942E1	-2.998685E-2
3.700000E1	3.086774E1	-6.606228E-2
3.703333E1	3.085285E1	-1.063835E-1
3.706667E1	3.084786E1	-1.366973E-1
3.710000E1	3.084198E1	-1.532172E-1
3.713333E1	3.084579E1	-1.569703E-1
3.716667E1	3.085136E1	-1.715037E-1
3.720000E1	3.085961E1	-1.675444E-1
3.723333E1	3.087606E1	-1.669658E-1
3.726667E1	3.093340E1	-1.652034E-1
3.730000E1	3.095251E1	-1.628786E-1
3.733333E1	3.102441E1	-1.535244E-1
3.736667E1	3.107708E1	-1.469487E-1
3.740000E1	3.111699E1	-1.445653E-1
3.743333E1	3.118984E1	-1.371989E-1
3.746667E1	3.122698E1	-1.392431E-1
3.750000E1	3.131641E1	-1.178887E-1
3.753333E1	3.137960E1	-1.102379E-1
3.756667E1	3.141808E1	-1.108313E-1
3.760000E1	3.151759E1	-1.029329E-1
3.763333E1	3.154980E1	-5.246634E-2
3.766667E1	3.162697E1	-1.197629E-2
3.770000E1	3.164973E1	1.498631E-2
3.773333E1	3.165470E1	1.748595E-2
3.776667E1	3.165969E1	2.438314E-2
3.780000E1	3.165749E1	1.952253E-2
3.783333E1	3.165473E1	2.138560E-2
3.786667E1	3.165038E1	2.077006E-2
3.790000E1	3.165478E1	2.031427E-2
3.793333E1	3.166275E1	2.167764E-2
3.796667E1	3.166219E1	2.132980E-2
3.800000E1	3.168858E1	3.195126E-2
3.803333E1	3.172838E1	2.852999E-2
3.806667E1	3.174071E1	2.839980E-2
3.810000E1	3.176779E1	2.337754E-2
3.813333E1	3.179331E1	2.012861E-2
3.816667E1	3.185208E1	9.603005E-3
3.820000E1	3.190675E1	7.253965E-3
3.823333E1	3.195397E1	6.253021E-3
3.826667E1	3.201495E1	2.130587E-3
3.830000E1	3.203301E1	4.538507E-3
3.833333E1	3.209995E1	-1.402146E-2
3.836667E1	3.215004E1	-2.046841E-2
3.840000E1	3.219330E1	-1.168761E-2
3.843333E1	3.229549E1	-1.783325E-2
3.846667E1	3.232325E1	-2.127796E-2
3.850000E1	3.243131E1	-3.194964E-2
3.853333E1	3.249226E1	-2.892182E-2
3.856667E1	3.254357E1	-2.430973E-2
3.860000E1	3.258432E1	-2.278158E-2
3.863333E1	3.260496E1	-2.424357E-2
3.866667E1	3.262561E1	-6.488755E-2
3.870000E1	3.264775E1	-9.655178E-2
3.873333E1	3.265001E1	-1.081269E-1
3.876667E1	3.265429E1	-1.449909E-1
3.880000E1	3.265831E1	-1.520345E-1
3.883333E1	3.268653E1	-1.710175E-1
3.886667E1	3.271087E1	-1.747866E-1
3.890000E1	3.274680E1	-1.661399E-1
3.893333E1	3.280586E1	-1.641947E-1
3.896667E1	3.283378E1	-1.654727E-1
3.900000E1	3.292615E1	-1.530598E-1
3.903333E1	3.298269E1	-1.502822E-1
3.906667E1	3.304077E1	-1.474404E-1
3.910000E1	3.312415E1	-1.370164E-1
3.913333E1	3.316028E1	-1.391139E-1
3.916667E1	3.328510E1	-1.199302E-1
3.920000E1	3.336983E1	-1.157226E-1
3.923333E1	3.342180E1	-1.107757E-1
3.926667E1	3.355206E1	-9.339318E-2
3.930000E1	3.357747E1	-5.154933E-2
3.933333E1	3.366500E1	-1.158701E-2
3.936667E1	3.368289E1	1.314674E-2
3.940000E1	3.369288E1	1.782553E-2
3.943333E1	3.370196E1	3.133703E-2
3.946667E1	3.372192E1	3.071281E-2
3.950000E1	3.374344E1	2.936028E-2
3.953333E1	3.374505E1	1.927662E-2
3.956667E1	3.375590E1	2.057270E-2
3.960000E1	3.377425E1	2.449502E-2
3.963333E1	3.379918E1	2.289110E-2
3.966667E1	3.386026E1	3.174965E-2
3.970000E1	3.391056E1	3.710549E-2
3.973333E1	3.393015E1	2.735364E-2
3.976667E1	3.400163E1	1.545842E-2
3.980000E1	3.402841E1	2.041234E-2
3.983333E1	3.412236E1	1.074853E-2
3.986667E1	3.417582E1	9.016682E-3
3.990000E1	3.422160E1	6.756180E-3
3.993333E1	3.431914E1	6.782724E-3
3.996667E1	3.434752E1	9.761911E-3
4.000000E1	3.444355E1	-1.172661E-2
4.003333E1	3.452123E1	-1.567900E-2
4.006667E1	3.459183E1	-6.535484E-3
4.010000E1	3.470614E1	-1.175038E-2
4.013333E1	3.473181E1	-1.811024E-2
4.016667E1	3.489070E1	-2.551981E-2
4.020000E1	3.497921E1	-2.783198E-2
4.023333E1	3.501769E1	-2.034447E-2
4.026667E1	3.512309E1	-1.893550E-2
4.030000E1	3.514872E1	-2.247811E-2
4.033333E1	3.521784E1	-5.966906E-2
4.036667E1	3.526928E1	-9.212617E-2
4.040000E1	3.527278E1	-1.067723E-1
4.043333E1	3.530319E1	-1.423984E-1
4.046667E1	3.532411E1	-1.526731E-1
4.050000E1	3.538075E1	-1.700125E-1
4.053333E1	3.544511E1	-1.685825E-1
4.056667E1	3.549035E1	-1.669446E-1
4.060000E1	3.558659E1	-1.625991E-1
4.063333E1	3.562068E1	-1.712305E-1
4.066667E1	3.575256E1	-1.591601E-1
4.070000E1	3.582974E1	-1.528991E-1
4.073333E1	3.589315E1	-1.499012E-1
4.076667E1	3.601255E1	-1.402215E-1
4.080000E1	3.605034E1	-1.414789E-1
4.083333E1	3.620155E1	-1.256621E-1
4.086667E1	3.631336E1	-1.173644E-1
4.090000E1	3.635242E1	-1.226075E-1
4.093333E1	3.647996E1	-1.120889E-1
4.096667E1	3.654471E1	-8.281777E-2
4.100000E1	3.666050E1	-1.632257E-2
4.103333E1	3.672692E1	9.294183E-3
4.106667E1	3.675941E1	1.218068E-2
4.110000E1	3.680375E1	2.509555E-2
4.113333E1	3.683298E1	2.660189E-2
4.116667E1	3.688325E1	2.560856E-2
4.120000E1	3.691953E1	2.296046E-2
4.123333E1	3.693685E1	1.794556E-2
4.126667E1	3.697540E1	1.826891E-2
4.130000E1	3.699700E1	2.032561E-2
4.133333E1	3.707005E1	2.827770E-2
4.136667E1	3.712792E1	3.186590E-2
4.140000E1	3.717554E1	2.471228E-2
4.143333E1	3.726407E1	1.606460E-2
4.146667E1	3.729878E1	2.347673E-2
4.150000E1	3.740658E1	4.295112E-3
4.153333E1	3.749961E1	1.143339E-2
4.156667E1	3.756189E1	1.053085E-2
4.160000E1	3.767421E1	7.443062E-3
4.163333E1	3.772972E1	1.319444E-2
4.166667E1	3.784775E1	-5.485272E-3
4.170000E1	3.794699E1	-1.122901E-2
4.173333E1	3.802692E1	7.320572E-4
4.176667E1	3.818288E1	-2.722577E-5
4.180000E1	3.822945E1	-9.193990E-3
4.183333E1	3.840502E1	-1.930941E-2
4.186667E1	3.852193E1	-2.290293E-2
4.190000E1	3.859257E1	-1.391043E-2
4.193333E1	3.870243E1	-1.276817E-2
4.196667E1	3.875882E1	-1.964208E-2
4.200000E1	3.887595E1	-3.339618E-2
4.203333E1	3.892275E1	-7.433617E-2
4.206667E1	3.895406E1	-8.804363E-2
4.210000E1	3.901595E1	-9.894494E-2
4.213333E1	3.904330E1	-1.050892E-1
4.216667E1	3.914096E1	-1.553953E-1
4.220000E1	3.921160E1	-1.570993E-1
4.223333E1	3.926925E1	-1.563527E-1
4.226667E1	3.937780E1	-1.568858E-1
4.230000E1	3.942358E1	-1.565167E-1
4.233333E1	3.957481E1	-1.490461E-1
4.236667E1	3.967334E1	-1.489823E-1
4.240000E1	3.972683E1	-1.494192E-1
4.243333E1	3.985153E1	-1.392549E-1
4.246667E1	3.991010E1	-1.377097E-1
4.250000E1	4.008793E1	-1.145960E-1
4.253333E1	4.020525E1	-9.727246E-2
4.256667E1	4.025186E1	-8.360295E-2
4.260000E1	4.038538E1	-5.278263E-2
4.263333E1	4.044575E1	-3.348094E-2
4.266667E1	4.055886E1	9.344857E-3
4.270000E1	4.060421E1	2.444770E-2
4.273333E1	4.062267E1	2.953279E-2
4.276667E1	4.066752E1	3.604611E-2
4.280000E1	4.067396E1	2.885202E-2
4.283333E1	4.069114E1	2.724184E-2
4.286667E1	4.070043E1	4.910325E-2
4.290000E1	4.073929E1	6.615103E-2
4.293333E1	4.077563E1	8.320411E-2
4.296667E1	4.080225E1	8.799637E-2
4.300000E1	4.086918E1	1.018872E-1
4.303333E1	4.093016E1	1.021406E-1
4.306667E1	4.097592E1	1.056776E-1
4.310000E1	4.106472E1	9.066993E-2
4.313333E1	4.110766E1	1.039360E-1
4.316667E1	4.122258E1	9.097924E-2
4.320000E1	4.129906E1	9.413420E-2
4.323333E1	4.136270E1	8.809319E-2
4.326667E1	4.148088E1	8.606849E-2
4.330000E1	4.150807E1	8.544166E-2
4.333333E1	4.164174E1	6.417642E-2
4.336667E1	4.174996E1	5.873698E-2
4.340000E1	4.180594E1	6.752935E-2
4.343333E1	4.194397E1	6.983811E-2
4.346667E1	4.199191E1	6.328404E-2
4.350000E1	4.218662E1	4.027688E-2
4.353333E1	4.226476E1	3.888501E-2
4.356667E1	4.231757E1	2.616249E-2
4.360000E1	4.241564E1	-5.386041E-4
4.363333E1	4.245397E1	-3.600619E-3
4.366667E1	4.253886E1	-2.315350E-2
4.370000E1	4.256059E1	-2.591822E-2
4.373333E1	4.256542E1	-3.061026E-2
4.376667E1	4.261080E1	-6.252447E-2
4.380000E1	4.262358E1	-8.889164E-2
4.383333E1	4.268038E1	-1.091052E-1
4.386667E1	4.274099E1	-1.261587E-1
4.390000E1	4.279440E1	-1.373298E-1
4.393333E1	4.288158E1	-1.440647E-1
4.396667E1	4.292652E1	-1.447133E-1
4.400000E1	4.304881E1	-1.370909E-1
4.403333E1	4.310288E1	-1.359272E-1
4.406667E1	4.313520E1	-1.342906E-1
4.410000E1	4.322655E1	-1.180411E-1
4.413333E1	4.325883E1	-1.163630E-1
4.416667E1	4.338655E1	-7.991770E-2
4.420000E1	4.344086E1	-3.903565E-2
4.423333E1	4.351221E1	-1.429219E-2
4.426667E1	4.356493E1	1.110845E-2
4.430000E1	4.356836E1	2.455921E-2
4.433333E1	4.356851E1	6.327526E-2
4.436667E1	4.355297E1	1.014516E-1
4.440000E1	4.354122E1	1.078764E-1
4.443333E1	4.352328E1	1.090026E-1
4.446667E1	4.352216E1	1.045809E-1
4.450000E1	4.349727E1	1.192434E-1
4.453333E1	4.345913E1	1.392298E-1
4.456667E1	4.346118E1	1.436551E-1
4.460000E1	4.345621E1	1.518834E-1
4.463333E1	4.345841E1	1.582943E-1
4.466667E1	4.348076E1	1.720419E-1
4.470000E1	4.348530E1	1.841247E-1
4.473333E1	4.349976E1	2.135928E-1
4.476667E1	4.352258E1	2.142962E-1
4.480000E1	4.354448E1	2.230041E-1
4.483333E1	4.360330E1	2.182152E-1
4.486667E1	4.365361E1	2.167400E-1
4.490000E1	4.368587E1	2.279203E-1
4.493333E1	4.373568E1	2.204651E-1
4.496667E1	4.377509E1	2.258774E-1
4.500000E1	4.380547E1	2.062667E-1
4.503333E1	4.389134E1	1.927585E-1
4.506667E1	4.392503E1	2.048071E-1
4.510000E1	4.397915E1	2.033078E-1
4.513333E1	4.400636E1	2.014187E-1
4.516667E1	4.409747E1	1.794682E-1
4.520000E1	4.418178E1	1.482523E-1
4.523333E1	4.420583E1	1.395986E-1
4.526667E1	4.423643E1	1.307885E-1
4.530000E1	4.426067E1	1.281432E-1
4.533333E1	4.426660E1	1.160605E-1
4.536667E1	4.424851E1	9.333537E-2
4.540000E1	4.424813E1	7.259388E-2
4.543333E1	4.424042E1	4.457409E-2
4.546667E1	4.423504E1	3.029799E-2
4.550000E1	4.424296E1	6.216951E-3
4.553333E1	4.425394E1	-8.427683E-3
4.556667E1	4.426248E1	-8.401462E-3
4.560000E1	4.428007E1	-9.984162E-3
4.563333E1	4.428966E1	-1.164321E-2
4.566667E1	4.431251E1	-4.483185E-3
4.570000E1	4.436982E1	6.446685E-3
4.573333E1	4.439356E1	1.041311E-2
4.576667E1	4.441734E1	1.991137E-2
4.580000E1	4.442399E1	2.439709E-2
4.583333E1	4.444889E1	3.845797E-2
4.586667E1	4.452810E1	6.800007E-2
4.590000E1	4.454348E1	8.627001E-2
4.593333E1	4.456558E1	1.311212E-1
4.596667E1	4.456298E1	1.590082E-1
4.600000E1	4.454223E1	1.777334E-1
4.603333E1	4.450152E1	2.005380E-1
4.606667E1	4.446025E1	2.135464E-1
4.610000E1	4.440345E1	2.184409E-1
4.613333E1	4.437505E1	2.218539E-1
4.616667E1	4.432740E1	2.165701E-1
4.620000E1	4.426064E1	2.163049E-1
4.623333E1	4.424690E1	2.106117E-1
4.626667E1	4.422455E1	2.073133E-1
4.630000E1	4.422413E1	2.110436E-1
4.633333E1	4.423793E1	2.198203E-1
4.636667E1	4.425870E1	2.330421E-1
4.640000E1	4.425980E1	2.336842E-1
4.643333E1	4.427600E1	2.369828E-1
4.646667E1	4.428111E1	2.359456E-1
4.650000E1	4.430676E1	2.176135E-1
4.653333E1	4.437111E1	2.141085E-1
4.656667E1	4.439742E1	2.224842E-1
4.660000E1	4.443747E1	2.259532E-1
4.663333E1	4.445536E1	2.136837E-1
4.666667E1	4.449736E1	2.066466E-1
4.670000E1	4.457107E1	1.813958E-1
4.673333E1	4.458793E1	1.683507E-1
4.676667E1	4.468965E1	1.487295E-1
4.680000E1	4.473108E1	1.411554E-1
4.683333E1	4.482528E1	1.330487E-1
4.686667E1	4.492128E1	1.213185E-1
4.690000E1	4.494006E1	1.260041E-1
4.693333E1	4.498000E1	1.221593E-1
4.696667E1	4.500158E1	1.107214E-1
4.700000E1	4.501265E1	6.349144E-2
4.703333E1	4.500164E1	3.848373E-2
4.706667E1	4.499284E1	1.184549E-2
4.710000E1	4.499080E1	-7.502472E-3
4.713333E1	4.498960E1	-1.535935E-2
4.716667E1	4.499191E1	-2.632211E-2
4.720000E1	4.500741E1	-3.121789E-2
4.723333E1	4.500789E1	-2.409486E-2
4.726667E1	4.505127E1	-2.755082E-2
4.730000E1	4.509410E1	-2.877433E-2
4.733333E1	4.513620E1	-1.632981E-2
4.736667E1	4.518939E1	-4.447156E-3
4.740000E1	4.521965E1	-5.405337E-3
4.743333E1	4.525532E1	3.991704E-3
4.746667E1	4.528553E1	1.225678E-2
4.750000E1	4.533572E1	2.045069E-2
4.753333E1	4.541033E1	3.390919E-2
4.756667E1	4.542100E1	3.049390E-2
4.760000E1	4.544002E1	3.488497E-2
4.763333E1	4.544099E1	5.924437E-2
4.766667E1	4.542375E1	9.923920E-2
4.770000E1	4.539823E1	1.277547E-1
4.773333E1	4.539308E1	1.372559E-1
4.776667E1	4.535631E1	1.453035E-1
4.780000E1	4.531959E1	1.471163E-1
4.783333E1	4.528685E1	1.481082E-1
4.786667E1	4.522800E1	1.511270E-1
4.790000E1	4.520414E1	1.467305E-1
4.793333E1	4.518921E1	1.459315E-1
4.796667E1	4.518665E1	1.503233E-1
4.800000E1	4.519893E1	1.578466E-1
4.803333E1	4.523860E1	1.610344E-1
4.806667E1	4.526594E1	1.628853E-1
4.810000E1	4.530299E1	1.684054E-1
4.813333E1	4.531701E1	1.504866E-1
4.816667E1	4.537242E1	1.581404E-1
4.820000E1	4.543129E1	1.544433E-1
4.823333E1	4.544808E1	1.597712E-1
4.826667E1	4.550184E1	1.514545E-1
4.830000E1	4.553753E1	1.357917E-1
4.833333E1	4.559332E1	1.191517E-1
4.836667E1	4.570418E1	9.828403E-2
4.840000E1	4.573375E1	7.674149E-2
4.843333E1	4.582493E1	6.997973E-2
4.846667E1	4.591731E1	5.469194E-2
4.850000E1	4.600532E1	3.559576E-2
4.853333E1	4.613037E1	8.539434E-3
4.856667E1	4.615989E1	-2.746426E-3
4.860000E1	4.625103E1	-8.061040E-3
4.863333E1	4.629359E1	-1.683980E-2
4.866667E1	4.635746E1	-2.840730E-2
4.870000E1	4.638433E1	-4.473072E-2
4.873333E1	4.637887E1	-7.107597E-2
4.876667E1	4.639102E1	-9.846793E-2
4.880000E1	4.642376E1	-1.026638E-1
4.883333E1	4.643892E1	-1.163261E-1
4.886667E1	4.649623E1	-1.416158E-1
4.890000E1	4.652443E1	-1.467166E-1
4.893333E1	4.657975E1	-1.541699E-1
4.896667E1	4.662774E1	-1.560849E-1
4.900000E1	4.669666E1	-1.425339E-1
4.903333E1	4.677463E1	-1.400491E-1
4.906667E1	4.679958E1	-1.396359E-1
4.910000E1	4.685492E1	-1.310581E-1
4.913333E1	4.690262E1	-1.234426E-1
4.916667E1	4.698383E1	-1.097782E-1
4.920000E1	4.708299E1	-7.980334E-2
4.923333E1	4.710728E1	-5.242664E-2
4.926667E1	4.717473E1	-3.078018E-2
4.930000E1	4.719466E1	3.814229E-3
4.933333E1	4.721283E1	3.153576E-2
4.936667E1	4.719666E1	5.724856E-2
4.940000E1	4.719404E1	7.314150E-2
4.943333E1	4.717400E1	7.813502E-2
4.946667E1	4.713774E1	8.325291E-2
4.950000E1	4.712047E1	8.876439E-2
4.953333E1	4.709540E1	9.521368E-2
4.956667E1	4.708216E1	9.038618E-2
4.960000E1	4.707624E1	1.008800E-1
4.963333E1	4.707665E1	1.032379E-1
4.966667E1	4.708937E1	1.094136E-1
4.970000E1	4.712727E1	1.308995E-1
4.973333E1	4.714986E1	1.489477E-1
4.976667E1	4.718944E1	1.431959E-1
4.980000E1	4.723169E1	1.528924E-1
4.983333E1	4.727671E1	1.420832E-1
4.986667E1	4.737018E1	1.531302E-1
4.990000E1	4.739705E1	1.461761E-1
4.993333E1	4.748113E1	1.462676E-1
4.996667E1	4.753062E1	1.482477E-1
5.000000E1	4.757627E1	1.328770E-1
5.003333E1	4.768298E1	1.234992E-1
5.006667E1	4.770529E1	1.200840E-1
5.010000E1	4.782577E1	1.318274E-1
5.013333E1	4.788372E1	1.184711E-1
5.016667E1	4.798386E1	1.156795E-1
5.020000E1	4.812938E1	1.097517E-1
5.023333E1	4.816268E1	7.367974E-2
5.026667E1	4.824736E1	5.517286E-2
5.030000E1	4.828273E1	4.638799E-2
5.033333E1	4.831868E1	2.282900E-2
5.036667E1	4.834851E1	-7.596106E-3
5.040000E1	4.836739E1	-1.174368E-2
5.043333E1	4.838957E1	-2.388892E-2
5.046667E1	4.839380E1	-2.870591E-2
5.050000E1	4.840522E1	-3.054498E-2
5.053333E1	4.846622E1	-4.315506E-2
5.056667E1	4.847490E1	-7.162551E-2
5.060000E1	4.853549E1	-8.409907E-2
5.063333E1	4.856264E1	-8.770176E-2
5.066667E1	4.860944E1	-7.968226E-2
5.070000E1	4.868371E1	-5.831125E-2
5.073333E1	4.869349E1	-6.224045E-2
5.076667E1	4.875257E1	-5.572020E-2
5.080000E1	4.878443E1	-4.683586E-2
5.083333E1	4.885114E1	-3.275312E-2
5.086667E1	4.893180E1	-5.132743E-3
5.090000E1	4.896271E1	7.931024E-3
5.093333E1	4.898834E1	3.194172E-2
5.096667E1	4.901406E1	5.603668E-2
5.100000E1	4.901512E1	1.048099E-1
5.103333E1	4.897027E1	1.283945E-1
5.106667E1	4.893250E1	1.408382E-1
5.110000E1	4.888526E1	1.463697E-1
5.113333E1	4.885659E1	1.510949E-1
5.116667E1	4.882701E1	1.557999E-1
5.120000E1	4.874408E1	1.559582E-1
5.123333E1	4.872746E1	1.552853E-1
5.126667E1	4.871464E1	1.614117E-1
5.130000E1	4.871490E1	1.655592E-1
5.133333E1	4.872435E1	1.716394E-1
5.136667E1	4.875093E1	1.833989E-1
5.140000E1	4.873619E1	1.879064E-1
5.143333E1	4.876134E1	2.199883E-1
5.146667E1	4.877167E1	2.074101E-1
5.150000E1	4.882542E1	2.228790E-1
5.153333E1	4.887421E1	2.151708E-1
5.156667E1	4.889601E1	2.232579E-1
5.160000E1	4.894234E1	2.134475E-1
5.163333E1	4.896991E1	2.140093E-1
5.166667E1	4.900500E1	1.960516E-1
5.170000E1	4.908928E1	1.849802E-1
5.173333E1	4.912491E1	1.975104E-1
5.176667E1	4.919045E1	1.994671E-1
5.180000E1	4.923947E1	1.888455E-1
5.183333E1	4.931710E1	1.896841E-1
5.186667E1	4.940769E1	1.817476E-1
5.190000E1	4.942051E1	1.566926E-1
5.193333E1	4.947483E1	1.389486E-1
5.196667E1	4.948616E1	1.316475E-1
5.200000E1	4.953011E1	1.083964E-1
5.203333E1	4.952430E1	6.659413E-2
5.206667E1	4.951461E1	5.412982E-2
5.210000E1	4.950152E1	3.636747E-2
5.213333E1	4.950431E1	8.499592E-3
5.216667E1	4.950966E1	-1.736945E-3
5.220000E1	4.951017E1	-1.228717E-2
5.223333E1	4.951582E1	-1.089255E-2
5.226667E1	4.953072E1	-7.223178E-3
5.230000E1	4.953898E1	-2.403322E-3
5.233333E1	4.954113E1	2.346528E-3
5.236667E1	4.954238E1	6.840161E-3
5.240000E1	4.953898E1	6.811700E-3
5.243333E1	4.953711E1	2.137971E-2
5.246667E1	4.953967E1	2.805022E-2
5.250000E1	4.953948E1	3.393257E-2
5.253333E1	4.954308E1	6.508603E-2
5.256667E1	4.953672E1	8.765592E-2
5.260000E1	4.951548E1	1.316879E-1
5.263333E1	4.950305E1	1.580362E-1
5.266667E1	4.945778E1	1.882537E-1
5.270000E1	4.932956E1	2.214304E-1
5.273333E1	4.930438E1	2.269696E-1
5.276667E1	4.919464E1	2.358600E-1
5.280000E1	4.912380E1	2.335679E-1
5.283333E1	4.901813E1	2.328843E-1
5.286667E1	4.889190E1	2.376374E-1
5.290000E1	4.886387E1	2.295549E-1
5.293333E1	4.880505E1	2.359041E-1
5.296667E1	4.876945E1	2.364843E-1
5.300000E1	4.874446E1	2.644841E-1
5.303333E1	4.872610E1	2.835380E-1
5.306667E1	4.872611E1	2.909083E-1
5.310000E1	4.872402E1	2.982647E-1
5.313333E1	4.872644E1	2.992268E-1
5.316667E1	4.873849E1	3.016490E-1
5.320000E1	4.874683E1	3.046519E-1
5.323333E1	4.875096E1	3.039296E-1
5.326667E1	4.876370E1	3.048794E-1
5.330000E1	4.875753E1	3.023262E-1
5.333333E1	4.876422E1	2.861972E-1
5.336667E1	4.876642E1	2.769255E-1
5.340000E1	4.883047E1	2.766319E-1
5.343333E1	4.888668E1	2.719773E-1
5.346667E1	4.890558E1	2.701683E-1
5.350000E1	4.899720E1	2.686589E-1
5.353333E1	4.903906E1	2.637163E-1
5.356667E1	4.904809E1	2.663772E-1
5.360000E1	4.908021E1	2.456225E-1
5.363333E1	4.909865E1	2.092088E-1
5.366667E1	4.910252E1	1.757308E-1
5.370000E1	4.908482E1	1.414281E-1
5.373333E1	4.907421E1	1.329182E-1
5.376667E1	4.905047E1	1.180375E-1
5.380000E1	4.902336E1	1.088237E-1
5.383333E1	4.900322E1	4.611048E-2
5.386667E1	4.900013E1	4.827996E-2
5.390000E1	4.900601E1	4.559764E-2
5.393333E1	4.901347E1	4.385239E-2
5.396667E1	4.901624E1	4.610090E-2
5.400000E1	4.901993E1	5.580164E-2
5.403333E1	4.901801E1	6.036841E-2
5.406667E1	4.901623E1	6.608959E-2
5.410000E1	4.901505E1	7.189020E-2
5.413333E1	4.901583E1	7.576448E-2
5.416667E1	4.902609E1	9.930147E-2
5.420000E1	4.902764E1	1.055314E-1
5.423333E1	4.902056E1	1.078004E-1
5.426667E1	4.901345E1	1.354437E-1
5.430000E1	4.900839E1	1.512395E-1
5.433333E1	4.896201E1	1.885786E-1
5.436667E1	4.887699E1	2.118719E-1
5.440000E1	4.882549E1	2.133583E-1
5.443333E1	4.871489E1	2.189209E-1
5.446667E1	4.868103E1	2.189346E-1
5.450000E1	4.854394E1	2.060829E-1
5.453333E1	4.845073E1	2.177367E-1
5.456667E1	4.841643E1	2.116738E-1
5.460000E1	4.836045E1	2.165395E-1
5.463333E1	4.833900E1	2.189101E-1
5.466667E1	4.831145E1	2.301121E-1
5.470000E1	4.830403E1	2.322281E-1
5.473333E1	4.829919E1	2.330849E-1
5.476667E1	4.829928E1	2.345092E-1
5.480000E1	4.829904E1	2.309684E-1
5.483333E1	4.832068E1	2.372082E-1
5.486667E1	4.833057E1	2.327417E-1
5.490000E1	4.833356E1	2.116021E-1
5.493333E1	4.837922E1	2.162692E-1
5.496667E1	4.838726E1	2.136808E-1
5.500000E1	4.841917E1	1.842935E-1
5.503333E1	4.847231E1	1.760324E-1
5.506667E1	4.851065E1	1.513219E-1
5.510000E1	4.860116E1	1.405002E-1
5.513333E1	4.863789E1	1.390229E-1
5.516667E1	4.877429E1	1.320231E-1
5.520000E1	4.884232E1	1.391041E-1
5.523333E1	4.887563E1	1.418659E-1
5.526667E1	4.890185E1	1.425487E-1
5.530000E1	4.889340E1	1.445536E-1
