	masse A		
t	x	y	
0.000000E0	-5.996019E-3	7.195223E-3
3.333333E-2	-2.062280E-2	5.878128E-3
6.666667E-2	-2.115756E-2	5.496417E-3
1.000000E-1	-4.206714E-2	4.330219E-4
1.333333E-1	-1.028166E-1	6.170273E-3
1.666667E-1	-1.524538E-1	-6.191217E-3
2.000000E-1	-2.675548E-1	-2.620573E-2
2.333333E-1	-3.019692E-1	-1.461950E-2
2.666667E-1	-4.215873E-1	-2.684292E-2
3.000000E-1	-4.799915E-1	-2.539523E-2
3.333333E-1	-5.998754E-1	-2.418177E-2
3.666667E-1	-7.948309E-1	-5.750256E-2
4.000000E-1	-8.631404E-1	-9.055578E-2
4.333333E-1	-1.021063E0	-1.023387E-1
4.666667E-1	-1.090133E0	-1.429200E-1
5.000000E-1	-1.165138E0	-1.545062E-1
5.333333E-1	-1.210671E0	-1.660434E-1
5.666667E-1	-1.221542E0	-1.618658E-1
6.000000E-1	-1.207194E0	-1.599308E-1
6.333333E-1	-1.192812E0	-1.625180E-1
6.666667E-1	-1.125339E0	-1.629032E-1
7.000000E-1	-1.006802E0	-1.639762E-1
7.333333E-1	-9.776071E-1	-1.617445E-1
7.666667E-1	-8.663579E-1	-1.498730E-1
8.000000E-1	-7.518454E-1	-1.519553E-1
8.333333E-1	-6.779316E-1	-1.439656E-1
8.666667E-1	-4.691875E-1	-1.373318E-1
9.000000E-1	-4.157694E-1	-1.373489E-1
9.333333E-1	-2.702039E-1	-1.360785E-1
9.666667E-1	-1.424069E-1	-1.248883E-1
1.000000E0	-1.224859E-3	-1.184973E-1
1.033333E0	1.905424E-1	-1.054119E-1
1.066667E0	2.541156E-1	-1.226028E-1
1.100000E0	3.873382E-1	-1.284287E-1
1.133333E0	4.300331E-1	-1.298707E-1
1.166667E0	5.347572E-1	-1.322729E-1
1.200000E0	6.829822E-1	-1.433740E-1
1.233333E0	7.166448E-1	-1.429859E-1
1.266667E0	7.782923E-1	-1.429690E-1
1.300000E0	8.121619E-1	-1.448087E-1
1.333333E0	8.346486E-1	-1.434782E-1
1.366667E0	8.833187E-1	-1.416576E-1
1.400000E0	8.849993E-1	-1.397485E-1
1.433333E0	9.084267E-1	-1.422408E-1
1.466667E0	9.324600E-1	-1.372388E-1
1.500000E0	9.577215E-1	-1.384894E-1
1.533333E0	9.953022E-1	-1.449519E-1
1.566667E0	1.009220E0	-1.468044E-1
1.600000E0	1.034408E0	-1.528951E-1
1.633333E0	1.045057E0	-1.590550E-1
1.666667E0	1.071036E0	-1.668513E-1
1.700000E0	1.072500E0	-1.692924E-1
1.733333E0	1.065294E0	-1.694810E-1
1.766667E0	1.016580E0	-1.921940E-1
1.800000E0	9.916860E-1	-2.230306E-1
1.833333E0	9.406640E-1	-2.464427E-1
1.866667E0	8.567907E-1	-2.844451E-1
1.900000E0	8.329241E-1	-2.839815E-1
1.933333E0	7.354613E-1	-2.948158E-1
1.966667E0	6.901697E-1	-2.940778E-1
2.000000E0	5.968302E-1	-3.086280E-1
2.033333E0	4.371888E-1	-3.258880E-1
2.066667E0	4.011835E-1	-3.465730E-1
2.100000E0	2.913427E-1	-3.707656E-1
2.133333E0	2.545221E-1	-3.720143E-1
2.166667E0	1.806907E-1	-3.928671E-1
2.200000E0	1.847552E-1	-4.191403E-1
2.233333E0	1.995429E-1	-4.243889E-1
2.266667E0	2.165721E-1	-4.323738E-1
2.300000E0	2.341416E-1	-4.389784E-1
2.333333E0	2.609926E-1	-4.364682E-1
2.366667E0	3.456378E-1	-4.321862E-1
2.400000E0	3.746266E-1	-4.333872E-1
2.433333E0	4.392022E-1	-4.225017E-1
2.466667E0	4.767736E-1	-4.147790E-1
2.500000E0	5.714257E-1	-4.108479E-1
2.533333E0	7.100126E-1	-3.908383E-1
2.566667E0	7.516733E-1	-3.984463E-1
2.600000E0	9.268567E-1	-4.014395E-1
2.633333E0	1.054878E0	-3.669439E-1
2.666667E0	1.211701E0	-3.261194E-1
2.700000E0	1.398729E0	-2.904504E-1
2.733333E0	1.449329E0	-2.834657E-1
2.766667E0	1.560375E0	-2.674265E-1
2.800000E0	1.626609E0	-2.604296E-1
2.833333E0	1.725605E0	-2.528741E-1
2.866667E0	1.855268E0	-2.307613E-1
2.900000E0	1.879709E0	-2.164491E-1
2.933333E0	1.951821E0	-1.995668E-1
2.966667E0	1.986588E0	-1.874507E-1
3.000000E0	2.019995E0	-1.727375E-1
3.033333E0	2.039650E0	-1.678937E-1
3.066667E0	2.041795E0	-1.469809E-1
3.100000E0	2.053800E0	-1.331988E-1
3.133333E0	2.076117E0	-1.303196E-1
3.166667E0	2.095430E0	-1.302804E-1
3.200000E0	2.112802E0	-1.358893E-1
3.233333E0	2.113110E0	-1.364393E-1
3.266667E0	2.136044E0	-1.408518E-1
3.300000E0	2.159102E0	-1.457825E-1
3.333333E0	2.163162E0	-1.500511E-1
3.366667E0	2.139014E0	-1.660869E-1
3.400000E0	2.139510E0	-1.628353E-1
3.433333E0	2.078559E0	-1.759248E-1
3.466667E0	2.043671E0	-2.092771E-1
3.500000E0	1.985395E0	-2.264823E-1
3.533333E0	1.878847E0	-2.453593E-1
3.566667E0	1.847365E0	-2.586200E-1
3.600000E0	1.732327E0	-2.768640E-1
3.633333E0	1.691691E0	-2.798912E-1
3.666667E0	1.590483E0	-2.909075E-1
3.700000E0	1.441726E0	-3.103961E-1
3.733333E0	1.406016E0	-3.006250E-1
3.766667E0	1.292625E0	-3.062155E-1
3.800000E0	1.258140E0	-3.092349E-1
3.833333E0	1.173604E0	-3.266060E-1
3.866667E0	1.144702E0	-3.614603E-1
3.900000E0	1.152020E0	-3.588539E-1
3.933333E0	1.172579E0	-3.578549E-1
3.966667E0	1.191281E0	-3.598598E-1
4.000000E0	1.270019E0	-3.649911E-1
4.033333E0	1.375776E0	-3.520810E-1
4.066667E0	1.405398E0	-3.552373E-1
4.100000E0	1.482243E0	-3.430825E-1
4.133333E0	1.557357E0	-3.375144E-1
4.166667E0	1.656132E0	-3.285193E-1
4.200000E0	1.818882E0	-3.049485E-1
4.233333E0	1.876189E0	-2.854037E-1
4.266667E0	2.013315E0	-2.689363E-1
4.300000E0	2.154344E0	-2.269259E-1
4.333333E0	2.296262E0	-1.914647E-1
4.366667E0	2.519069E0	-1.568519E-1
4.400000E0	2.544375E0	-1.476443E-1
4.433333E0	2.670910E0	-1.333871E-1
4.466667E0	2.752409E0	-1.242332E-1
4.500000E0	2.842083E0	-1.110974E-1
4.533333E0	2.978551E0	-1.118305E-1
4.566667E0	2.986154E0	-1.138193E-1
4.600000E0	3.037677E0	-1.155752E-1
4.633333E0	3.043537E0	-1.150029E-1
4.666667E0	3.086057E0	-7.929638E-2
4.700000E0	3.139174E0	-3.616864E-2
4.733333E0	3.151024E0	-3.747672E-2
4.766667E0	3.159687E0	-3.714234E-2
4.800000E0	3.161191E0	-4.140718E-2
4.833333E0	3.164572E0	-5.650032E-2
4.866667E0	3.177064E0	-5.961808E-2
4.900000E0	3.173607E0	-5.988199E-2
4.933333E0	3.175367E0	-6.585018E-2
4.966667E0	3.177196E0	-6.916764E-2
5.000000E0	3.163702E0	-7.901764E-2
5.033333E0	3.137842E0	-7.525702E-2
5.066667E0	3.136207E0	-7.518856E-2
5.100000E0	3.091886E0	-8.257719E-2
5.133333E0	3.051471E0	-9.837871E-2
5.166667E0	2.991626E0	-9.085507E-2
5.200000E0	2.881505E0	-9.989215E-2
5.233333E0	2.846129E0	-8.429462E-2
5.266667E0	2.730584E0	-8.356358E-2
5.300000E0	2.646835E0	-9.544853E-2
5.333333E0	2.551192E0	-1.084627E-1
5.366667E0	2.390602E0	-1.490379E-1
5.400000E0	2.324495E0	-1.459888E-1
5.433333E0	2.193973E0	-1.505813E-1
5.466667E0	2.151110E0	-1.629930E-1
5.500000E0	2.105187E0	-1.774478E-1
5.533333E0	2.089480E0	-2.148366E-1
5.566667E0	2.089591E0	-2.183343E-1
5.600000E0	2.120966E0	-2.225328E-1
5.633333E0	2.159777E0	-2.280257E-1
5.666667E0	2.203142E0	-2.259518E-1
5.700000E0	2.311815E0	-2.197993E-1
5.733333E0	2.326937E0	-2.182566E-1
5.766667E0	2.397684E0	-2.138264E-1
5.800000E0	2.420485E0	-2.096878E-1
5.833333E0	2.552597E0	-1.866547E-1
5.866667E0	2.735014E0	-1.719668E-1
5.900000E0	2.806710E0	-1.479342E-1
5.933333E0	2.970554E0	-1.349674E-1
5.966667E0	3.051867E0	-1.275788E-1
6.000000E0	3.171496E0	-1.130847E-1
6.033333E0	3.348814E0	-9.027502E-2
6.066667E0	3.419770E0	-7.426584E-2
6.100000E0	3.529608E0	-6.490710E-2
6.133333E0	3.573299E0	-5.772252E-2
6.166667E0	3.649851E0	-7.134451E-2
6.200000E0	3.725958E0	-6.569401E-2
6.233333E0	3.747030E0	-6.390195E-2
6.266667E0	3.793855E0	-5.499395E-2
6.300000E0	3.825294E0	-5.189475E-2
6.333333E0	3.846706E0	-5.172897E-2
6.366667E0	3.887234E0	-3.816064E-2
6.400000E0	3.887089E0	-4.225667E-2
6.433333E0	3.890784E0	-4.128207E-2
6.466667E0	3.887414E0	-4.359826E-2
6.500000E0	3.889164E0	-5.518791E-2
6.533333E0	3.897827E0	-7.113103E-2
6.566667E0	3.896305E0	-6.827578E-2
6.600000E0	3.903374E0	-7.168805E-2
6.633333E0	3.901870E0	-7.282132E-2
6.666667E0	3.902162E0	-1.019256E-1
6.700000E0	3.885109E0	-1.316908E-1
6.733333E0	3.878508E0	-1.343254E-1
6.766667E0	3.856623E0	-1.450970E-1
6.800000E0	3.853715E0	-1.445461E-1
6.833333E0	3.793631E0	-1.642454E-1
6.866667E0	3.749365E0	-1.650221E-1
6.900000E0	3.712146E0	-1.529892E-1
6.933333E0	3.595795E0	-1.587989E-1
6.966667E0	3.561467E0	-1.553393E-1
7.000000E0	3.426902E0	-1.792427E-1
7.033333E0	3.319412E0	-2.244302E-1
7.066667E0	3.268655E0	-2.118215E-1
7.100000E0	3.154344E0	-2.303163E-1
7.133333E0	3.098257E0	-2.479715E-1
7.166667E0	3.022199E0	-2.915747E-1
7.200000E0	3.009213E0	-3.002835E-1
7.233333E0	3.017407E0	-3.011169E-1
7.266667E0	3.027640E0	-3.036298E-1
7.300000E0	3.032243E0	-3.004259E-1
7.333333E0	3.108882E0	-3.164608E-1
7.366667E0	3.157687E0	-3.031717E-1
7.400000E0	3.187943E0	-2.995164E-1
7.433333E0	3.276313E0	-2.893092E-1
7.466667E0	3.305399E0	-2.885204E-1
7.500000E0	3.438635E0	-2.684412E-1
7.533333E0	3.548843E0	-2.644859E-1
7.566667E0	3.604069E0	-2.715106E-1
7.600000E0	3.758000E0	-2.705554E-1
7.633333E0	3.822459E0	-2.615409E-1
7.666667E0	4.030384E0	-2.251893E-1
7.700000E0	4.146251E0	-1.946030E-1
7.733333E0	4.221229E0	-1.832783E-1
7.766667E0	4.334214E0	-1.887614E-1
7.800000E0	4.360652E0	-1.812960E-1
7.833333E0	4.481679E0	-1.938488E-1
7.866667E0	4.521372E0	-1.876538E-1
7.900000E0	4.553947E0	-1.858785E-1
7.933333E0	4.600569E0	-1.815159E-1
7.966667E0	4.621847E0	-1.800421E-1
8.000000E0	4.667779E0	-1.638997E-1
8.033333E0	4.697569E0	-1.363747E-1
8.066667E0	4.703373E0	-1.262414E-1
8.100000E0	4.707972E0	-1.241840E-1
8.133333E0	4.728278E0	-1.255119E-1
8.166667E0	4.751992E0	-1.401613E-1
8.200000E0	4.763665E0	-1.399299E-1
8.233333E0	4.771561E0	-1.404868E-1
8.266667E0	4.796831E0	-1.484722E-1
8.300000E0	4.815026E0	-1.491852E-1
8.333333E0	4.830412E0	-1.656228E-1
8.366667E0	4.826222E0	-1.718711E-1
8.400000E0	4.817143E0	-1.682553E-1
8.433333E0	4.796788E0	-1.657427E-1
8.466667E0	4.789166E0	-1.632273E-1
8.500000E0	4.735681E0	-1.991917E-1
8.533333E0	4.689228E0	-2.196362E-1
8.566667E0	4.635369E0	-2.184412E-1
8.600000E0	4.566569E0	-2.204168E-1
8.633333E0	4.541343E0	-2.359477E-1
8.666667E0	4.421416E0	-2.625567E-1
8.700000E0	4.339815E0	-2.879027E-1
8.733333E0	4.280915E0	-2.933340E-1
8.766667E0	4.186229E0	-3.086715E-1
8.800000E0	4.155926E0	-3.088400E-1
8.833333E0	4.091894E0	-3.473726E-1
8.866667E0	4.101767E0	-3.781992E-1
8.900000E0	4.115242E0	-3.769398E-1
8.933333E0	4.142739E0	-3.758541E-1
8.966667E0	4.166844E0	-3.742687E-1
9.000000E0	4.272324E0	-3.809463E-1
9.033333E0	4.325835E0	-3.730298E-1
9.066667E0	4.369817E0	-3.606080E-1
9.100000E0	4.483499E0	-3.581479E-1
9.133333E0	4.509079E0	-3.558282E-1
9.166667E0	4.670142E0	-3.302484E-1
9.200000E0	4.785669E0	-3.240373E-1
9.233333E0	4.862588E0	-3.295891E-1
9.266667E0	5.042674E0	-3.310149E-1
9.300000E0	5.147748E0	-2.999145E-1
9.333333E0	5.371740E0	-2.575702E-1
9.366667E0	5.518662E0	-2.378442E-1
9.400000E0	5.606809E0	-2.140002E-1
9.433333E0	5.749179E0	-2.055087E-1
9.466667E0	5.800207E0	-2.021222E-1
9.500000E0	5.954441E0	-2.112759E-1
9.533333E0	6.026285E0	-2.028886E-1
9.566667E0	6.080486E0	-1.937041E-1
9.600000E0	6.185127E0	-1.909695E-1
9.633333E0	6.209087E0	-1.798493E-1
9.666667E0	6.286659E0	-1.652961E-1
9.700000E0	6.325204E0	-1.405425E-1
9.733333E0	6.351177E0	-1.329031E-1
9.766667E0	6.388529E0	-1.265056E-1
9.800000E0	6.406157E0	-1.258446E-1
9.833333E0	6.454204E0	-1.410234E-1
9.866667E0	6.496402E0	-1.412860E-1
9.900000E0	6.523085E0	-1.448548E-1
9.933333E0	6.589903E0	-1.496105E-1
9.966667E0	6.615234E0	-1.514977E-1
1.000000E1	6.653797E0	-1.738427E-1
1.003333E1	6.682170E0	-2.122022E-1
1.006667E1	6.691780E0	-2.203956E-1
1.010000E1	6.696218E0	-2.268428E-1
1.013333E1	6.690858E0	-2.303703E-1
1.016667E1	6.667458E0	-2.358296E-1
1.020000E1	6.652833E0	-2.448466E-1
1.023333E1	6.638682E0	-2.697881E-1
1.026667E1	6.582456E0	-2.766869E-1
1.030000E1	6.573692E0	-2.868554E-1
1.033333E1	6.492303E0	-3.067600E-1
1.036667E1	6.436129E0	-3.063086E-1
1.040000E1	6.405736E0	-3.105897E-1
1.043333E1	6.322295E0	-3.245546E-1
1.046667E1	6.308490E0	-3.527646E-1
1.050000E1	6.304825E0	-3.703567E-1
1.053333E1	6.315425E0	-4.021593E-1
1.056667E1	6.335635E0	-4.185475E-1
1.060000E1	6.397200E0	-4.262062E-1
1.063333E1	6.440166E0	-4.300179E-1
1.066667E1	6.585859E0	-4.286535E-1
1.070000E1	6.657188E0	-4.269801E-1
1.073333E1	6.738713E0	-4.230503E-1
1.076667E1	6.873891E0	-4.192067E-1
1.080000E1	6.908349E0	-4.193704E-1
1.083333E1	7.066603E0	-4.033394E-1
1.086667E1	7.191588E0	-3.910251E-1
1.090000E1	7.297175E0	-3.920529E-1
1.093333E1	7.480189E0	-3.970287E-1
1.096667E1	7.592197E0	-3.431280E-1
1.100000E1	7.828257E0	-2.973840E-1
1.103333E1	7.964991E0	-2.744237E-1
1.106667E1	8.052347E0	-2.722311E-1
1.110000E1	8.211272E0	-2.711846E-1
1.113333E1	8.255020E0	-2.642873E-1
1.116667E1	8.409131E0	-2.585260E-1
1.120000E1	8.493095E0	-2.564156E-1
1.123333E1	8.556337E0	-2.582587E-1
1.126667E1	8.646087E0	-2.558545E-1
1.130000E1	8.676408E0	-2.509740E-1
1.133333E1	8.770187E0	-2.307727E-1
1.136667E1	8.821420E0	-2.001393E-1
1.140000E1	8.862711E0	-1.902161E-1
1.143333E1	8.907470E0	-1.889494E-1
1.146667E1	8.924776E0	-1.882293E-1
1.150000E1	8.992420E0	-1.994427E-1
1.153333E1	9.038321E0	-2.044935E-1
1.156667E1	9.081142E0	-2.029434E-1
1.160000E1	9.139664E0	-2.054676E-1
1.163333E1	9.160517E0	-2.083038E-1
1.166667E1	9.195383E0	-2.267999E-1
1.170000E1	9.222468E0	-2.374713E-1
1.173333E1	9.224064E0	-2.334241E-1
1.176667E1	9.238113E0	-2.339196E-1
1.180000E1	9.228519E0	-2.281002E-1
1.183333E1	9.220842E0	-2.301790E-1
1.186667E1	9.197588E0	-2.245305E-1
1.190000E1	9.189321E0	-2.250687E-1
1.193333E1	9.156341E0	-2.294957E-1
1.196667E1	9.120816E0	-2.260867E-1
1.200000E1	9.043422E0	-2.473092E-1
1.203333E1	8.987417E0	-2.734250E-1
1.206667E1	8.939231E0	-2.863763E-1
1.210000E1	8.863431E0	-2.952600E-1
1.213333E1	8.830278E0	-2.961461E-1
1.216667E1	8.802447E0	-3.090096E-1
1.220000E1	8.795408E0	-3.094934E-1
1.223333E1	8.803140E0	-3.049739E-1
1.226667E1	8.829481E0	-3.072049E-1
1.230000E1	8.866311E0	-3.027545E-1
1.233333E1	8.985027E0	-3.048882E-1
1.236667E1	9.065342E0	-2.940002E-1
1.240000E1	9.114076E0	-2.912005E-1
1.243333E1	9.247972E0	-2.857439E-1
1.246667E1	9.302341E0	-2.859780E-1
1.250000E1	9.439200E0	-2.677712E-1
1.253333E1	9.550612E0	-2.614089E-1
1.256667E1	9.644704E0	-2.631769E-1
1.260000E1	9.801056E0	-2.631338E-1
1.263333E1	9.882831E0	-2.527572E-1
1.266667E1	1.008467E1	-1.954619E-1
1.270000E1	1.021377E1	-1.671056E-1
1.273333E1	1.030527E1	-1.537040E-1
1.276667E1	1.041250E1	-1.380909E-1
1.280000E1	1.045881E1	-1.398816E-1
1.283333E1	1.057832E1	-1.327232E-1
1.286667E1	1.064064E1	-1.260699E-1
1.290000E1	1.068898E1	-1.304149E-1
1.293333E1	1.076728E1	-1.319302E-1
1.296667E1	1.079424E1	-1.283729E-1
1.300000E1	1.085578E1	-1.131732E-1
1.303333E1	1.090500E1	-1.119275E-1
1.306667E1	1.093683E1	-1.091417E-1
1.310000E1	1.096966E1	-1.145450E-1
1.313333E1	1.099285E1	-1.160778E-1
1.316667E1	1.106347E1	-1.347919E-1
1.320000E1	1.111042E1	-1.294674E-1
1.323333E1	1.112676E1	-1.394530E-1
1.326667E1	1.119866E1	-1.440086E-1
1.330000E1	1.122233E1	-1.400067E-1
1.333333E1	1.126631E1	-1.573951E-1
1.336667E1	1.129575E1	-1.622764E-1
1.340000E1	1.130900E1	-1.572295E-1
1.343333E1	1.132523E1	-1.647678E-1
1.346667E1	1.131595E1	-1.631781E-1
1.350000E1	1.131132E1	-1.606980E-1
1.353333E1	1.129995E1	-1.507942E-1
1.356667E1	1.127866E1	-1.536715E-1
1.360000E1	1.123696E1	-1.551424E-1
1.363333E1	1.121481E1	-1.540662E-1
1.366667E1	1.114518E1	-1.802476E-1
1.370000E1	1.109354E1	-2.140167E-1
1.373333E1	1.106377E1	-2.245832E-1
1.376667E1	1.098407E1	-2.475969E-1
1.380000E1	1.097965E1	-2.681940E-1
1.383333E1	1.096227E1	-2.987141E-1
1.386667E1	1.095109E1	-3.105314E-1
1.390000E1	1.095923E1	-3.043295E-1
1.393333E1	1.100409E1	-3.072646E-1
1.396667E1	1.103555E1	-3.084250E-1
1.400000E1	1.113033E1	-3.028905E-1
1.403333E1	1.120228E1	-2.974857E-1
1.406667E1	1.124909E1	-2.951234E-1
1.410000E1	1.136514E1	-2.841591E-1
1.413333E1	1.138897E1	-2.848986E-1
1.416667E1	1.151424E1	-2.633704E-1
1.420000E1	1.163557E1	-2.514347E-1
1.423333E1	1.168508E1	-2.616989E-1
1.426667E1	1.183078E1	-2.489907E-1
1.430000E1	1.194320E1	-2.294079E-1
1.433333E1	1.215432E1	-1.658814E-1
1.436667E1	1.225252E1	-1.474878E-1
1.440000E1	1.232016E1	-1.441390E-1
1.443333E1	1.240850E1	-1.360842E-1
1.446667E1	1.246857E1	-1.353797E-1
1.450000E1	1.256721E1	-1.337047E-1
1.453333E1	1.263616E1	-1.319158E-1
1.456667E1	1.267785E1	-1.317688E-1
1.460000E1	1.273221E1	-1.270663E-1
1.463333E1	1.275380E1	-1.234505E-1
1.466667E1	1.281094E1	-1.060942E-1
1.470000E1	1.285329E1	-1.029332E-1
1.473333E1	1.288629E1	-1.020568E-1
1.476667E1	1.291335E1	-1.104315E-1
1.480000E1	1.293462E1	-1.153703E-1
1.483333E1	1.298128E1	-1.220596E-1
1.486667E1	1.300379E1	-1.401928E-1
1.490000E1	1.304295E1	-1.344378E-1
1.493333E1	1.308801E1	-1.428766E-1
1.496667E1	1.310630E1	-1.437304E-1
1.500000E1	1.312933E1	-1.581820E-1
1.503333E1	1.318506E1	-1.757426E-1
1.506667E1	1.318589E1	-1.996762E-1
1.510000E1	1.319651E1	-2.189113E-1
1.513333E1	1.319444E1	-2.242017E-1
1.516667E1	1.318974E1	-2.299483E-1
1.520000E1	1.317696E1	-2.225987E-1
1.523333E1	1.316963E1	-2.187216E-1
1.526667E1	1.314342E1	-2.186218E-1
1.530000E1	1.312741E1	-2.174201E-1
1.533333E1	1.310525E1	-2.437533E-1
1.536667E1	1.302140E1	-2.599918E-1
1.540000E1	1.299733E1	-2.721414E-1
1.543333E1	1.295025E1	-2.929279E-1
1.546667E1	1.292536E1	-3.013541E-1
1.550000E1	1.292199E1	-3.054688E-1
1.553333E1	1.292485E1	-3.226037E-1
1.556667E1	1.293948E1	-3.505194E-1
1.560000E1	1.296971E1	-3.654134E-1
1.563333E1	1.300144E1	-3.641468E-1
1.566667E1	1.307896E1	-3.656451E-1
1.570000E1	1.319172E1	-3.654180E-1
1.573333E1	1.321140E1	-3.596975E-1
1.576667E1	1.329239E1	-3.496289E-1
1.580000E1	1.335656E1	-3.412641E-1
1.583333E1	1.342530E1	-3.277237E-1
1.586667E1	1.360196E1	-2.931265E-1
1.590000E1	1.363610E1	-2.760042E-1
1.593333E1	1.376645E1	-2.693107E-1
1.596667E1	1.387508E1	-2.370928E-1
1.600000E1	1.399855E1	-2.021631E-1
1.603333E1	1.414654E1	-1.900500E-1
1.606667E1	1.418779E1	-1.961159E-1
1.610000E1	1.427481E1	-1.961788E-1
1.613333E1	1.431873E1	-1.862997E-1
1.616667E1	1.438464E1	-1.884499E-1
1.620000E1	1.445571E1	-1.888202E-1
1.623333E1	1.447685E1	-1.883279E-1
1.626667E1	1.452995E1	-1.850611E-1
1.630000E1	1.456734E1	-1.808745E-1
1.633333E1	1.461039E1	-1.664592E-1
1.636667E1	1.466355E1	-1.316030E-1
1.640000E1	1.468323E1	-1.209972E-1
1.643333E1	1.471655E1	-1.218392E-1
1.646667E1	1.474594E1	-1.165187E-1
1.650000E1	1.477169E1	-1.249357E-1
1.653333E1	1.481932E1	-1.377021E-1
1.656667E1	1.483936E1	-1.357628E-1
1.660000E1	1.488707E1	-1.455317E-1
1.663333E1	1.492339E1	-1.451447E-1
1.666667E1	1.493329E1	-1.529680E-1
1.670000E1	1.500129E1	-1.978564E-1
1.673333E1	1.502801E1	-2.149765E-1
1.676667E1	1.505536E1	-2.270931E-1
1.680000E1	1.506183E1	-2.235887E-1
1.683333E1	1.506566E1	-2.339286E-1
1.686667E1	1.506040E1	-2.405340E-1
1.690000E1	1.504858E1	-2.276090E-1
1.693333E1	1.502797E1	-2.152005E-1
1.696667E1	1.501603E1	-2.128263E-1
1.700000E1	1.499760E1	-2.300786E-1
1.703333E1	1.494493E1	-2.566461E-1
1.706667E1	1.493118E1	-2.781846E-1
1.710000E1	1.489455E1	-3.005371E-1
1.713333E1	1.486790E1	-3.062440E-1
1.716667E1	1.484291E1	-3.254228E-1
1.720000E1	1.483540E1	-3.684234E-1
1.723333E1	1.482758E1	-3.651155E-1
1.726667E1	1.485068E1	-3.727185E-1
1.730000E1	1.490419E1	-3.783272E-1
1.733333E1	1.495907E1	-3.746766E-1
1.736667E1	1.507714E1	-3.614854E-1
1.740000E1	1.510729E1	-3.588357E-1
1.743333E1	1.519429E1	-3.498018E-1
1.746667E1	1.523540E1	-3.403116E-1
1.750000E1	1.531565E1	-3.338878E-1
1.753333E1	1.547094E1	-3.025162E-1
1.756667E1	1.551918E1	-2.811731E-1
1.760000E1	1.564901E1	-2.621296E-1
1.763333E1	1.573434E1	-2.512644E-1
1.766667E1	1.587346E1	-2.250384E-1
1.770000E1	1.600046E1	-1.918066E-1
1.773333E1	1.601806E1	-1.865451E-1
1.776667E1	1.611239E1	-1.871027E-1
1.780000E1	1.615493E1	-1.820307E-1
1.783333E1	1.621480E1	-1.947488E-1
1.786667E1	1.626046E1	-1.841961E-1
1.790000E1	1.627200E1	-1.855712E-1
1.793333E1	1.630664E1	-1.832546E-1
1.796667E1	1.634256E1	-1.769283E-1
1.800000E1	1.637056E1	-1.681839E-1
1.803333E1	1.642381E1	-1.272349E-1
1.806667E1	1.642902E1	-1.187525E-1
1.810000E1	1.645269E1	-1.186146E-1
1.813333E1	1.648000E1	-1.186814E-1
1.816667E1	1.650760E1	-1.331433E-1
1.820000E1	1.657267E1	-1.346171E-1
1.823333E1	1.658347E1	-1.405378E-1
1.826667E1	1.665534E1	-1.468467E-1
1.830000E1	1.669221E1	-1.476463E-1
1.833333E1	1.671695E1	-1.513402E-1
1.836667E1	1.674691E1	-1.758026E-1
1.840000E1	1.676669E1	-1.999345E-1
1.843333E1	1.679266E1	-2.123602E-1
1.846667E1	1.680338E1	-2.149417E-1
1.850000E1	1.682474E1	-2.200497E-1
1.853333E1	1.683673E1	-2.307034E-1
1.856667E1	1.683073E1	-2.278423E-1
1.860000E1	1.681650E1	-2.152717E-1
1.863333E1	1.681375E1	-2.114612E-1
1.866667E1	1.680286E1	-2.156369E-1
1.870000E1	1.671934E1	-2.581522E-1
1.873333E1	1.669474E1	-2.803021E-1
1.876667E1	1.666305E1	-2.975380E-1
1.880000E1	1.665276E1	-3.002295E-1
1.883333E1	1.662086E1	-3.250052E-1
1.886667E1	1.661926E1	-3.675219E-1
1.890000E1	1.662591E1	-3.672850E-1
1.893333E1	1.666692E1	-3.717445E-1
1.896667E1	1.669937E1	-3.774817E-1
1.900000E1	1.674769E1	-3.724117E-1
1.903333E1	1.683555E1	-3.553439E-1
1.906667E1	1.685446E1	-3.566432E-1
1.910000E1	1.693574E1	-3.465405E-1
1.913333E1	1.696953E1	-3.381269E-1
1.916667E1	1.702295E1	-3.224842E-1
1.920000E1	1.716569E1	-2.888103E-1
1.923333E1	1.721299E1	-2.861163E-1
1.926667E1	1.730860E1	-2.513196E-1
1.930000E1	1.745785E1	-2.063402E-1
1.933333E1	1.754324E1	-1.876802E-1
1.936667E1	1.764850E1	-1.583751E-1
1.940000E1	1.766791E1	-1.448247E-1
1.943333E1	1.772151E1	-1.438895E-1
1.946667E1	1.773445E1	-1.364730E-1
1.950000E1	1.778427E1	-1.341615E-1
1.953333E1	1.780495E1	-1.189731E-1
1.956667E1	1.782909E1	-1.225147E-1
1.960000E1	1.785393E1	-1.138258E-1
1.963333E1	1.785816E1	-1.086382E-1
1.966667E1	1.786946E1	-1.030172E-1
1.970000E1	1.787151E1	-9.255657E-2
1.973333E1	1.787227E1	-6.735037E-2
1.976667E1	1.789342E1	-5.820741E-2
1.980000E1	1.791744E1	-5.862547E-2
1.983333E1	1.794194E1	-6.697679E-2
1.986667E1	1.798451E1	-7.447774E-2
1.990000E1	1.800067E1	-7.522456E-2
1.993333E1	1.803790E1	-8.632142E-2
1.996667E1	1.807523E1	-9.048062E-2
2.000000E1	1.809951E1	-1.093021E-1
2.003333E1	1.814181E1	-1.468816E-1
2.006667E1	1.814973E1	-1.464178E-1
2.010000E1	1.815855E1	-1.524758E-1
2.013333E1	1.815360E1	-1.539675E-1
2.016667E1	1.815718E1	-1.542073E-1
2.020000E1	1.815073E1	-1.606907E-1
2.023333E1	1.813757E1	-1.561750E-1
2.026667E1	1.812481E1	-1.543906E-1
2.030000E1	1.812290E1	-1.531834E-1
2.033333E1	1.811230E1	-1.634516E-1
2.036667E1	1.805343E1	-1.993874E-1
2.040000E1	1.803989E1	-2.200277E-1
2.043333E1	1.800944E1	-2.536373E-1
2.046667E1	1.799006E1	-2.876478E-1
2.050000E1	1.798614E1	-3.013614E-1
2.053333E1	1.800083E1	-3.129909E-1
2.056667E1	1.800416E1	-3.115108E-1
2.060000E1	1.806295E1	-3.108818E-1
2.063333E1	1.809809E1	-3.088449E-1
2.066667E1	1.815381E1	-3.021765E-1
2.070000E1	1.824259E1	-2.877200E-1
2.073333E1	1.826267E1	-2.913586E-1
2.076667E1	1.830477E1	-2.906205E-1
2.080000E1	1.838946E1	-2.702943E-1
2.083333E1	1.844651E1	-2.681571E-1
2.086667E1	1.856936E1	-2.484801E-1
2.090000E1	1.859005E1	-2.601066E-1
2.093333E1	1.872355E1	-2.238783E-1
2.096667E1	1.878672E1	-1.836670E-1
2.100000E1	1.887487E1	-1.627834E-1
2.103333E1	1.896192E1	-1.273550E-1
2.106667E1	1.899566E1	-1.336648E-1
2.110000E1	1.904211E1	-1.280350E-1
2.113333E1	1.907825E1	-1.249251E-1
2.116667E1	1.910853E1	-1.277934E-1
2.120000E1	1.914031E1	-1.237429E-1
2.123333E1	1.914886E1	-1.249434E-1
2.126667E1	1.916857E1	-1.166664E-1
2.130000E1	1.916880E1	-1.169447E-1
2.133333E1	1.917822E1	-1.089697E-1
2.136667E1	1.923592E1	-1.011126E-1
2.140000E1	1.923610E1	-1.072715E-1
2.143333E1	1.925738E1	-1.112805E-1
2.146667E1	1.928119E1	-1.163620E-1
2.150000E1	1.931227E1	-1.236666E-1
2.153333E1	1.936344E1	-1.428972E-1
2.156667E1	1.937864E1	-1.397522E-1
2.160000E1	1.942043E1	-1.473036E-1
2.163333E1	1.945094E1	-1.510507E-1
2.166667E1	1.947929E1	-1.637028E-1
2.170000E1	1.954942E1	-1.696371E-1
2.173333E1	1.957630E1	-1.625876E-1
2.176667E1	1.961151E1	-1.645024E-1
2.180000E1	1.964910E1	-1.664546E-1
2.183333E1	1.967718E1	-1.676386E-1
2.186667E1	1.970633E1	-1.604857E-1
2.190000E1	1.970940E1	-1.585340E-1
2.193333E1	1.971034E1	-1.648649E-1
2.196667E1	1.970947E1	-1.660275E-1
2.200000E1	1.970434E1	-1.891575E-1
2.203333E1	1.965774E1	-2.407177E-1
2.206667E1	1.963444E1	-2.428374E-1
2.210000E1	1.959977E1	-2.747487E-1
2.213333E1	1.957934E1	-2.981267E-1
2.216667E1	1.957764E1	-3.102640E-1
2.220000E1	1.958825E1	-3.261266E-1
2.223333E1	1.959491E1	-3.515060E-1
2.226667E1	1.965571E1	-3.614749E-1
2.230000E1	1.969069E1	-3.633245E-1
2.233333E1	1.975618E1	-3.610506E-1
2.236667E1	1.985485E1	-3.473378E-1
2.240000E1	1.987479E1	-3.497674E-1
2.243333E1	1.994385E1	-3.490601E-1
2.246667E1	1.999663E1	-3.327044E-1
2.250000E1	2.010777E1	-3.060211E-1
2.253333E1	2.025524E1	-2.630554E-1
2.256667E1	2.029486E1	-2.702577E-1
2.260000E1	2.040604E1	-2.515641E-1
2.263333E1	2.047732E1	-2.175679E-1
2.266667E1	2.057131E1	-1.791817E-1
2.270000E1	2.066961E1	-1.572542E-1
2.273333E1	2.067960E1	-1.483295E-1
2.276667E1	2.071318E1	-1.392124E-1
2.280000E1	2.073526E1	-1.340162E-1
2.283333E1	2.075945E1	-1.343037E-1
2.286667E1	2.080636E1	-1.276410E-1
2.290000E1	2.081061E1	-1.299868E-1
2.293333E1	2.083683E1	-1.220385E-1
2.296667E1	2.086332E1	-1.175023E-1
2.300000E1	2.088570E1	-1.097207E-1
2.303333E1	2.093104E1	-1.030788E-1
2.306667E1	2.094871E1	-1.118139E-1
2.310000E1	2.097408E1	-1.197834E-1
2.313333E1	2.100088E1	-1.214087E-1
2.316667E1	2.103876E1	-1.238337E-1
2.320000E1	2.109943E1	-1.349689E-1
2.323333E1	2.111995E1	-1.383496E-1
2.326667E1	2.117033E1	-1.406010E-1
2.330000E1	2.118546E1	-1.447134E-1
2.333333E1	2.126568E1	-1.576089E-1
2.336667E1	2.131021E1	-1.708527E-1
2.340000E1	2.132769E1	-1.629657E-1
2.343333E1	2.138439E1	-1.674530E-1
2.346667E1	2.140170E1	-1.701972E-1
2.350000E1	2.146081E1	-1.824525E-1
2.353333E1	2.149434E1	-2.046715E-1
2.356667E1	2.150749E1	-2.089624E-1
2.360000E1	2.151741E1	-2.196956E-1
2.363333E1	2.152416E1	-2.247112E-1
2.366667E1	2.151037E1	-2.565998E-1
2.370000E1	2.150239E1	-2.844634E-1
2.373333E1	2.149683E1	-2.893492E-1
2.376667E1	2.147927E1	-2.961328E-1
2.380000E1	2.147912E1	-2.953363E-1
2.383333E1	2.149406E1	-3.139030E-1
2.386667E1	2.149789E1	-3.233440E-1
2.390000E1	2.151396E1	-3.554696E-1
2.393333E1	2.155259E1	-3.568321E-1
2.396667E1	2.158260E1	-3.605159E-1
2.400000E1	2.166341E1	-3.578992E-1
2.403333E1	2.172034E1	-3.424985E-1
2.406667E1	2.175865E1	-3.495874E-1
2.410000E1	2.184007E1	-3.352437E-1
2.413333E1	2.186849E1	-3.354960E-1
2.416667E1	2.199711E1	-3.009419E-1
2.420000E1	2.205830E1	-2.725339E-1
2.423333E1	2.212673E1	-2.605819E-1
2.426667E1	2.222484E1	-2.466667E-1
2.430000E1	2.229243E1	-2.165630E-1
2.433333E1	2.241788E1	-1.553837E-1
2.436667E1	2.245397E1	-1.330382E-1
2.440000E1	2.247199E1	-1.292229E-1
2.443333E1	2.250600E1	-1.172431E-1
2.446667E1	2.251861E1	-1.185766E-1
2.450000E1	2.255877E1	-1.198699E-1
2.453333E1	2.258305E1	-1.181587E-1
2.456667E1	2.259962E1	-1.156407E-1
2.460000E1	2.262333E1	-1.087840E-1
2.463333E1	2.265355E1	-1.081232E-1
2.466667E1	2.270891E1	-1.082901E-1
2.470000E1	2.274703E1	-1.049834E-1
2.473333E1	2.276349E1	-1.097186E-1
2.476667E1	2.279764E1	-1.150855E-1
2.480000E1	2.281347E1	-1.160449E-1
2.483333E1	2.286868E1	-1.272972E-1
2.486667E1	2.292166E1	-1.330720E-1
2.490000E1	2.296657E1	-1.289038E-1
2.493333E1	2.302674E1	-1.364323E-1
2.496667E1	2.304955E1	-1.346960E-1
2.500000E1	2.311748E1	-1.539850E-1
2.503333E1	2.315664E1	-1.614810E-1
2.506667E1	2.319738E1	-1.550935E-1
2.510000E1	2.326689E1	-1.546544E-1
2.513333E1	2.328540E1	-1.553183E-1
2.516667E1	2.337231E1	-1.643426E-1
2.520000E1	2.343311E1	-1.596824E-1
2.523333E1	2.345828E1	-1.604393E-1
2.526667E1	2.349145E1	-1.624193E-1
2.530000E1	2.351679E1	-1.636943E-1
2.533333E1	2.353078E1	-2.102495E-1
2.536667E1	2.352840E1	-2.384407E-1
2.540000E1	2.352334E1	-2.435443E-1
2.543333E1	2.350754E1	-2.514562E-1
2.546667E1	2.351451E1	-2.782038E-1
2.550000E1	2.352580E1	-3.016238E-1
2.553333E1	2.354044E1	-3.059248E-1
2.556667E1	2.355258E1	-3.027185E-1
2.560000E1	2.360044E1	-2.996907E-1
2.563333E1	2.362034E1	-3.003971E-1
2.566667E1	2.373229E1	-2.977123E-1
2.570000E1	2.379310E1	-2.950045E-1
2.573333E1	2.385494E1	-2.869438E-1
2.576667E1	2.395121E1	-2.818829E-1
2.580000E1	2.398421E1	-2.841569E-1
2.583333E1	2.406901E1	-2.619774E-1
2.586667E1	2.415900E1	-2.533465E-1
2.590000E1	2.421373E1	-2.519384E-1
2.593333E1	2.432316E1	-2.448660E-1
2.596667E1	2.437088E1	-2.174747E-1
2.600000E1	2.447821E1	-1.568828E-1
2.603333E1	2.450199E1	-1.246403E-1
2.606667E1	2.453174E1	-1.214719E-1
2.610000E1	2.457267E1	-1.111547E-1
2.613333E1	2.459158E1	-1.137475E-1
2.616667E1	2.461126E1	-1.108573E-1
2.620000E1	2.461300E1	-1.161133E-1
2.623333E1	2.462018E1	-1.169771E-1
2.626667E1	2.463411E1	-1.138225E-1
2.630000E1	2.463090E1	-1.186752E-1
2.633333E1	2.466587E1	-1.142618E-1
2.636667E1	2.470869E1	-1.152614E-1
2.640000E1	2.471843E1	-1.130900E-1
2.643333E1	2.476421E1	-1.173642E-1
2.646667E1	2.477405E1	-1.178572E-1
2.650000E1	2.483136E1	-1.323096E-1
2.653333E1	2.488006E1	-1.393166E-1
2.656667E1	2.491914E1	-1.342330E-1
2.660000E1	2.498061E1	-1.360025E-1
2.663333E1	2.500883E1	-1.376437E-1
2.666667E1	2.509950E1	-1.542385E-1
2.670000E1	2.515562E1	-1.545029E-1
2.673333E1	2.520018E1	-1.502574E-1
2.676667E1	2.527954E1	-1.509362E-1
2.680000E1	2.530073E1	-1.528983E-1
2.683333E1	2.539535E1	-1.592628E-1
2.686667E1	2.545603E1	-1.582194E-1
2.690000E1	2.548071E1	-1.564097E-1
2.693333E1	2.551708E1	-1.602229E-1
2.696667E1	2.554502E1	-1.621023E-1
2.700000E1	2.557086E1	-1.910835E-1
2.703333E1	2.556653E1	-2.303409E-1
2.706667E1	2.555438E1	-2.378603E-1
2.710000E1	2.554380E1	-2.576283E-1
2.713333E1	2.554683E1	-2.800230E-1
2.716667E1	2.555009E1	-3.037902E-1
2.720000E1	2.556390E1	-2.999733E-1
2.723333E1	2.558362E1	-3.003264E-1
2.726667E1	2.565015E1	-3.035777E-1
2.730000E1	2.568999E1	-3.036346E-1
2.733333E1	2.577913E1	-3.027470E-1
2.736667E1	2.583762E1	-2.891575E-1
2.740000E1	2.588404E1	-2.829230E-1
2.743333E1	2.594893E1	-2.773963E-1
2.746667E1	2.598019E1	-2.767770E-1
2.750000E1	2.606673E1	-2.596403E-1
2.753333E1	2.613898E1	-2.484261E-1
2.756667E1	2.619413E1	-2.256494E-1
2.760000E1	2.626927E1	-1.914031E-1
2.763333E1	2.628750E1	-1.879488E-1
2.766667E1	2.637305E1	-1.360921E-1
2.770000E1	2.640570E1	-1.124428E-1
2.773333E1	2.641072E1	-1.067047E-1
2.776667E1	2.642219E1	-9.643449E-2
2.780000E1	2.641679E1	-7.418111E-2
2.783333E1	2.642193E1	-6.130131E-2
2.786667E1	2.642033E1	-5.508356E-2
2.790000E1	2.642040E1	-5.822154E-2
2.793333E1	2.642475E1	-5.526749E-2
2.796667E1	2.642637E1	-5.571661E-2
2.800000E1	2.644720E1	-4.203113E-2
2.803333E1	2.648218E1	-4.351777E-2
2.806667E1	2.650098E1	-4.029367E-2
2.810000E1	2.652810E1	-4.170855E-2
2.813333E1	2.654949E1	-4.830825E-2
2.816667E1	2.661268E1	-6.343228E-2
2.820000E1	2.666571E1	-6.162541E-2
2.823333E1	2.671269E1	-6.528729E-2
2.826667E1	2.676983E1	-6.800171E-2
2.830000E1	2.678893E1	-6.456091E-2
2.833333E1	2.687569E1	-8.374567E-2
2.836667E1	2.693573E1	-9.664535E-2
2.840000E1	2.696521E1	-8.518710E-2
2.843333E1	2.705313E1	-8.643069E-2
2.846667E1	2.707522E1	-8.759309E-2
2.850000E1	2.717752E1	-9.303047E-2
2.853333E1	2.724699E1	-9.244569E-2
2.856667E1	2.728857E1	-8.869669E-2
2.860000E1	2.733227E1	-9.500440E-2
2.863333E1	2.735282E1	-1.044653E-1
2.866667E1	2.739845E1	-1.539734E-1
2.870000E1	2.741768E1	-1.680536E-1
2.873333E1	2.741514E1	-1.811762E-1
2.876667E1	2.741784E1	-2.243673E-1
2.880000E1	2.741931E1	-2.352179E-1
2.883333E1	2.743009E1	-2.603190E-1
2.886667E1	2.744325E1	-2.849241E-1
2.890000E1	2.746705E1	-2.873420E-1
2.893333E1	2.752465E1	-2.916058E-1
2.896667E1	2.756013E1	-2.951881E-1
2.900000E1	2.765894E1	-2.927807E-1
2.903333E1	2.771198E1	-2.819972E-1
2.906667E1	2.776057E1	-2.792966E-1
2.910000E1	2.783529E1	-2.759012E-1
2.913333E1	2.786840E1	-2.717927E-1
2.916667E1	2.796153E1	-2.473899E-1
2.920000E1	2.805767E1	-2.361342E-1
2.923333E1	2.810471E1	-1.866434E-1
2.926667E1	2.820334E1	-1.788257E-1
2.930000E1	2.824572E1	-1.596561E-1
2.933333E1	2.833506E1	-1.104897E-1
2.936667E1	2.836126E1	-9.730588E-2
2.940000E1	2.836535E1	-6.825539E-2
2.943333E1	2.836640E1	-5.124307E-2
2.946667E1	2.836076E1	-5.143790E-2
2.950000E1	2.836473E1	-5.097970E-2
2.953333E1	2.835859E1	-4.760154E-2
2.956667E1	2.836175E1	-5.278643E-2
2.960000E1	2.836749E1	-5.418426E-2
2.963333E1	2.836205E1	-5.327580E-2
2.966667E1	2.838705E1	-4.187253E-2
2.970000E1	2.842875E1	-3.797849E-2
2.973333E1	2.845617E1	-4.392318E-2
2.976667E1	2.850628E1	-4.399569E-2
2.980000E1	2.851139E1	-4.547557E-2
2.983333E1	2.856373E1	-6.374437E-2
2.986667E1	2.861904E1	-8.022740E-2
2.990000E1	2.866416E1	-6.773710E-2
2.993333E1	2.872890E1	-6.745103E-2
2.996667E1	2.875214E1	-7.332201E-2
3.000000E1	2.884453E1	-8.787580E-2
3.003333E1	2.889986E1	-9.745042E-2
3.006667E1	2.894928E1	-8.896155E-2
3.010000E1	2.903145E1	-8.197316E-2
3.013333E1	2.907381E1	-8.585020E-2
3.016667E1	2.918995E1	-9.059194E-2
3.020000E1	2.925840E1	-9.904031E-2
3.023333E1	2.930905E1	-8.910162E-2
3.026667E1	2.936116E1	-9.469695E-2
3.030000E1	2.937541E1	-1.005442E-1
3.033333E1	2.941718E1	-1.301640E-1
3.036667E1	2.943891E1	-1.497109E-1
3.040000E1	2.943683E1	-1.606301E-1
3.043333E1	2.944192E1	-1.690939E-1
3.046667E1	2.944666E1	-1.666934E-1
3.050000E1	2.944517E1	-2.063958E-1
3.053333E1	2.945840E1	-2.361489E-1
3.056667E1	2.948087E1	-2.326727E-1
3.060000E1	2.954106E1	-2.281655E-1
3.063333E1	2.957913E1	-2.346997E-1
3.066667E1	2.966062E1	-2.239234E-1
3.070000E1	2.971559E1	-2.169708E-1
3.073333E1	2.975639E1	-2.113618E-1
3.076667E1	2.983665E1	-2.055049E-1
3.080000E1	2.986616E1	-2.082400E-1
3.083333E1	2.995354E1	-1.900619E-1
3.086667E1	3.003687E1	-1.626289E-1
3.090000E1	3.008513E1	-1.469884E-1
3.093333E1	3.017500E1	-1.219356E-1
3.096667E1	3.018847E1	-1.058829E-1
3.100000E1	3.027653E1	-6.195489E-2
3.103333E1	3.029395E1	-3.660315E-2
3.106667E1	3.029200E1	-3.745892E-2
3.110000E1	3.029161E1	-3.141644E-2
3.113333E1	3.028958E1	-3.306298E-2
3.116667E1	3.029979E1	-2.867087E-2
3.120000E1	3.028895E1	-8.561657E-3
3.123333E1	3.029118E1	-2.204682E-3
3.126667E1	3.029423E1	1.495064E-3
3.130000E1	3.029388E1	5.084177E-3
3.133333E1	3.031849E1	1.508625E-2
3.136667E1	3.033530E1	1.466745E-2
3.140000E1	3.037288E1	2.091690E-2
3.143333E1	3.040583E1	1.621614E-2
3.146667E1	3.042625E1	1.529728E-2
3.150000E1	3.049446E1	4.386449E-3
3.153333E1	3.054751E1	-6.092959E-4
3.156667E1	3.059648E1	2.930354E-3
3.160000E1	3.065986E1	1.035421E-3
3.163333E1	3.068264E1	-5.480002E-3
3.166667E1	3.075031E1	-5.530112E-3
3.170000E1	3.081159E1	-1.334756E-2
3.173333E1	3.083333E1	-1.249375E-2
3.176667E1	3.094188E1	-1.231808E-2
3.180000E1	3.098374E1	-2.408055E-2
3.183333E1	3.106741E1	-3.147154E-2
3.186667E1	3.118984E1	-6.452098E-2
3.190000E1	3.122466E1	-7.337532E-2
3.193333E1	3.129225E1	-7.824727E-2
3.196667E1	3.133732E1	-7.735580E-2
3.200000E1	3.136611E1	-1.052635E-1
3.203333E1	3.138833E1	-1.485300E-1
3.206667E1	3.138230E1	-1.507110E-1
3.210000E1	3.137593E1	-1.609841E-1
3.213333E1	3.137454E1	-1.616082E-1
3.216667E1	3.138226E1	-1.689722E-1
3.220000E1	3.138801E1	-1.861184E-1
3.223333E1	3.139326E1	-2.115381E-1
3.226667E1	3.145271E1	-2.152626E-1
3.230000E1	3.148539E1	-2.149105E-1
3.233333E1	3.153519E1	-2.226236E-1
3.236667E1	3.162875E1	-2.019974E-1
3.240000E1	3.165640E1	-2.069608E-1
3.243333E1	3.172307E1	-2.003153E-1
3.246667E1	3.176685E1	-1.941070E-1
3.250000E1	3.181893E1	-1.862817E-1
3.253333E1	3.192069E1	-1.456616E-1
3.256667E1	3.194868E1	-1.320504E-1
3.260000E1	3.202180E1	-1.108924E-1
3.263333E1	3.207334E1	-8.434062E-2
3.266667E1	3.210770E1	-5.007054E-2
3.270000E1	3.211121E1	-1.325965E-2
3.273333E1	3.210139E1	-9.994125E-4
3.276667E1	3.209006E1	2.000769E-2
3.280000E1	3.208563E1	2.702653E-2
3.283333E1	3.207848E1	2.010831E-2
3.286667E1	3.206726E1	1.895383E-2
3.290000E1	3.207028E1	1.547950E-2
3.293333E1	3.207461E1	1.567824E-2
3.296667E1	3.207896E1	1.385530E-2
3.300000E1	3.208914E1	1.937247E-2
3.303333E1	3.210859E1	2.354142E-2
3.306667E1	3.211244E1	2.770388E-2
3.310000E1	3.213593E1	1.902036E-2
3.313333E1	3.216574E1	2.168306E-2
3.316667E1	3.220237E1	1.319705E-2
3.320000E1	3.227995E1	7.447477E-3
3.323333E1	3.230971E1	1.190156E-2
3.326667E1	3.237144E1	5.772153E-3
3.330000E1	3.240977E1	7.312158E-3
3.333333E1	3.247341E1	2.629174E-3
3.336667E1	3.253730E1	-1.364540E-2
3.340000E1	3.255358E1	-4.989509E-3
3.343333E1	3.265060E1	-1.263304E-3
3.346667E1	3.269610E1	-1.091617E-2
3.350000E1	3.276652E1	-2.147350E-2
3.353333E1	3.286903E1	-3.424120E-2
3.356667E1	3.290470E1	-5.811046E-2
3.360000E1	3.296099E1	-6.795084E-2
3.363333E1	3.300390E1	-6.700953E-2
3.366667E1	3.304776E1	-8.804435E-2
3.370000E1	3.305739E1	-1.077304E-1
3.373333E1	3.308126E1	-1.279312E-1
3.376667E1	3.308977E1	-1.424818E-1
3.380000E1	3.309185E1	-1.437468E-1
3.383333E1	3.310147E1	-1.620390E-1
3.386667E1	3.311997E1	-1.802996E-1
3.390000E1	3.312193E1	-2.050729E-1
3.393333E1	3.317256E1	-2.120579E-1
3.396667E1	3.320532E1	-2.100373E-1
3.400000E1	3.323917E1	-2.096638E-1
3.403333E1	3.334758E1	-1.947971E-1
3.406667E1	3.337343E1	-1.951880E-1
3.410000E1	3.341434E1	-1.934736E-1
3.413333E1	3.343867E1	-1.784270E-1
3.416667E1	3.350968E1	-1.616178E-1
3.420000E1	3.359108E1	-1.184389E-1
3.423333E1	3.361730E1	-1.142519E-1
3.426667E1	3.367754E1	-8.525499E-2
3.430000E1	3.369661E1	-5.400367E-2
3.433333E1	3.371094E1	-1.609089E-2
3.436667E1	3.370304E1	2.072172E-2
3.440000E1	3.368147E1	2.766404E-2
3.443333E1	3.366086E1	3.698526E-2
3.446667E1	3.365394E1	3.239198E-2
3.450000E1	3.364178E1	2.761934E-2
3.453333E1	3.361475E1	2.636515E-2
3.456667E1	3.360703E1	2.251222E-2
3.460000E1	3.360106E1	1.929905E-2
3.463333E1	3.360011E1	1.998962E-2
3.466667E1	3.361197E1	2.474494E-2
3.470000E1	3.363978E1	1.937858E-2
3.473333E1	3.366697E1	2.624955E-2
3.476667E1	3.370798E1	1.225273E-2
3.480000E1	3.374603E1	2.225198E-2
3.483333E1	3.379771E1	1.513572E-2
3.486667E1	3.388780E1	1.575583E-2
3.490000E1	3.391475E1	2.048657E-2
3.493333E1	3.397456E1	1.177778E-2
3.496667E1	3.401668E1	9.475587E-3
3.500000E1	3.407627E1	5.421233E-3
3.503333E1	3.418293E1	-7.968263E-3
3.506667E1	3.421787E1	-8.641758E-4
3.510000E1	3.433318E1	9.175196E-4
3.513333E1	3.439369E1	-5.459698E-3
3.516667E1	3.447977E1	-1.929262E-2
3.520000E1	3.460729E1	-2.811106E-2
3.523333E1	3.465015E1	-1.424868E-2
3.526667E1	3.474576E1	-1.351398E-2
3.530000E1	3.479497E1	-2.045496E-2
3.533333E1	3.484538E1	-5.310558E-2
3.536667E1	3.491007E1	-9.137944E-2
3.540000E1	3.491057E1	-9.270064E-2
3.543333E1	3.493524E1	-1.070824E-1
3.546667E1	3.496421E1	-1.342877E-1
3.550000E1	3.499068E1	-1.557513E-1
3.553333E1	3.505492E1	-1.688421E-1
3.556667E1	3.507594E1	-1.599536E-1
3.560000E1	3.516193E1	-1.601453E-1
3.563333E1	3.522200E1	-1.594513E-1
3.566667E1	3.529687E1	-1.525824E-1
3.570000E1	3.541435E1	-1.515078E-1
3.573333E1	3.543401E1	-1.463237E-1
3.576667E1	3.553499E1	-1.396117E-1
3.580000E1	3.557152E1	-1.430268E-1
3.583333E1	3.564642E1	-1.261577E-1
3.586667E1	3.577808E1	-1.169432E-1
3.590000E1	3.580247E1	-1.156609E-1
3.593333E1	3.588422E1	-1.087415E-1
3.596667E1	3.595514E1	-7.948138E-2
3.600000E1	3.599375E1	-3.850732E-2
3.603333E1	3.600461E1	-1.120719E-2
3.606667E1	3.599534E1	3.330777E-3
3.610000E1	3.598841E1	1.328033E-2
3.613333E1	3.598083E1	1.598702E-2
3.616667E1	3.598414E1	1.450700E-2
3.620000E1	3.597503E1	1.297991E-2
3.623333E1	3.597730E1	1.531773E-2
3.626667E1	3.598986E1	1.799952E-2
3.630000E1	3.599760E1	1.909796E-2
3.633333E1	3.601819E1	2.411926E-2
3.636667E1	3.610422E1	2.347088E-2
3.640000E1	3.612894E1	2.646109E-2
3.643333E1	3.618630E1	2.069354E-2
3.646667E1	3.622946E1	1.618163E-2
3.650000E1	3.630578E1	6.088113E-3
3.653333E1	3.641708E1	1.700059E-2
3.656667E1	3.645026E1	7.712648E-3
3.660000E1	3.655632E1	8.651125E-3
3.663333E1	3.661192E1	7.689494E-3
3.666667E1	3.668977E1	-3.997321E-3
3.670000E1	3.681385E1	-2.367164E-2
3.673333E1	3.686250E1	-1.020541E-2
3.676667E1	3.697724E1	-6.309373E-3
3.680000E1	3.706973E1	-2.928391E-2
3.683333E1	3.716880E1	-5.481875E-2
3.686667E1	3.734869E1	-8.542614E-2
3.690000E1	3.739273E1	-8.827697E-2
3.693333E1	3.751976E1	-8.033780E-2
3.696667E1	3.758387E1	-9.483836E-2
3.700000E1	3.766242E1	-1.086338E-1
3.703333E1	3.772558E1	-1.494044E-1
3.706667E1	3.773112E1	-1.525969E-1
3.710000E1	3.779407E1	-1.628159E-1
3.713333E1	3.781923E1	-1.639385E-1
3.716667E1	3.786422E1	-1.721649E-1
3.720000E1	3.795164E1	-1.655414E-1
3.723333E1	3.798431E1	-1.616995E-1
3.726667E1	3.806863E1	-1.581189E-1
3.730000E1	3.812604E1	-1.605771E-1
3.733333E1	3.819653E1	-1.563872E-1
3.736667E1	3.829631E1	-1.456006E-1
3.740000E1	3.831467E1	-1.415882E-1
3.743333E1	3.841097E1	-1.368872E-1
3.746667E1	3.845342E1	-1.321610E-1
3.750000E1	3.854855E1	-1.237731E-1
3.753333E1	3.868394E1	-9.079856E-2
3.756667E1	3.871500E1	-7.660510E-2
3.760000E1	3.878802E1	-4.640293E-2
3.763333E1	3.884004E1	-2.850656E-2
3.766667E1	3.886674E1	3.885186E-3
3.770000E1	3.886691E1	3.612260E-2
3.773333E1	3.885948E1	2.735110E-2
3.776667E1	3.884924E1	3.888761E-2
3.780000E1	3.884775E1	3.507048E-2
3.783333E1	3.884407E1	2.835376E-2
3.786667E1	3.883847E1	2.538605E-2
3.790000E1	3.884209E1	2.665373E-2
3.793333E1	3.885456E1	2.387283E-2
3.796667E1	3.886133E1	2.625327E-2
3.800000E1	3.887769E1	3.565089E-2
3.803333E1	3.893851E1	4.304395E-2
3.806667E1	3.895888E1	3.395307E-2
3.810000E1	3.902704E1	3.686775E-2
3.813333E1	3.904982E1	2.472241E-2
3.816667E1	3.912224E1	1.877485E-2
3.820000E1	3.923218E1	2.608458E-2
3.823333E1	3.926350E1	1.665996E-2
3.826667E1	3.936376E1	1.671397E-2
3.830000E1	3.941556E1	1.902433E-2
3.833333E1	3.949273E1	1.366078E-2
3.836667E1	3.961958E1	1.134436E-3
3.840000E1	3.967093E1	6.616364E-3
3.843333E1	3.978772E1	7.378370E-3
3.846667E1	3.988152E1	-2.207657E-3
3.850000E1	3.998776E1	-2.674819E-3
3.853333E1	4.015491E1	-1.002863E-2
3.856667E1	4.019579E1	-3.954222E-3
3.860000E1	4.031231E1	-6.269108E-3
3.863333E1	4.037961E1	-1.764174E-2
3.866667E1	4.044109E1	-2.512776E-2
3.870000E1	4.050953E1	-5.549862E-2
3.873333E1	4.052698E1	-7.220772E-2
3.876667E1	4.056650E1	-9.250589E-2
3.880000E1	4.059353E1	-9.521960E-2
3.883333E1	4.062085E1	-1.110876E-1
3.886667E1	4.070293E1	-1.372661E-1
3.890000E1	4.073140E1	-1.426560E-1
3.893333E1	4.081057E1	-1.499408E-1
3.896667E1	4.084883E1	-1.536331E-1
3.900000E1	4.090916E1	-1.458959E-1
3.903333E1	4.100719E1	-1.357196E-1
3.906667E1	4.103425E1	-1.357252E-1
3.910000E1	4.110457E1	-1.294539E-1
3.913333E1	4.113831E1	-1.221536E-1
3.916667E1	4.120151E1	-1.106011E-1
3.920000E1	4.131329E1	-8.177903E-2
3.923333E1	4.132878E1	-6.296237E-2
3.926667E1	4.140712E1	-1.498917E-2
3.930000E1	4.143700E1	8.979899E-3
3.933333E1	4.145319E1	3.145580E-2
3.936667E1	4.143729E1	6.689967E-2
3.940000E1	4.143112E1	8.404186E-2
3.943333E1	4.141718E1	9.775636E-2
3.946667E1	4.140713E1	1.054412E-1
3.950000E1	4.139681E1	9.782312E-2
3.953333E1	4.133219E1	9.922621E-2
3.956667E1	4.133513E1	9.523324E-2
3.960000E1	4.133289E1	9.154795E-2
3.963333E1	4.134233E1	9.577717E-2
3.966667E1	4.135963E1	1.068356E-1
3.970000E1	4.138392E1	1.304747E-1
3.973333E1	4.138893E1	1.488264E-1
3.976667E1	4.141828E1	1.434810E-1
3.980000E1	4.144365E1	1.528778E-1
3.983333E1	4.147159E1	1.611931E-1
3.986667E1	4.154213E1	1.541728E-1
3.990000E1	4.155750E1	1.459450E-1
3.993333E1	4.162031E1	1.483757E-1
3.996667E1	4.165545E1	1.537376E-1
4.000000E1	4.172909E1	1.446639E-1
4.003333E1	4.177979E1	1.322949E-1
4.006667E1	4.183900E1	1.356647E-1
4.010000E1	4.194868E1	1.350548E-1
4.013333E1	4.198685E1	1.233649E-1
4.016667E1	4.213769E1	1.155950E-1
4.020000E1	4.223941E1	1.229408E-1
4.023333E1	4.228572E1	1.250994E-1
4.026667E1	4.236254E1	1.209056E-1
4.030000E1	4.239784E1	1.161111E-1
4.033333E1	4.245975E1	7.185777E-2
4.036667E1	4.248031E1	4.642923E-2
4.040000E1	4.247218E1	4.635021E-2
4.043333E1	4.247725E1	2.867173E-2
4.046667E1	4.246991E1	2.397483E-3
4.050000E1	4.247655E1	-2.076430E-2
4.053333E1	4.249431E1	-2.583094E-2
4.056667E1	4.254093E1	-2.606279E-2
4.060000E1	4.258234E1	-2.192190E-2
4.063333E1	4.260791E1	-2.211490E-2
4.066667E1	4.267711E1	-2.232045E-2
4.070000E1	4.271690E1	-1.362557E-2
4.073333E1	4.274635E1	-1.051708E-2
4.076667E1	4.280168E1	-1.333062E-3
4.080000E1	4.282616E1	-1.931114E-3
4.083333E1	4.288371E1	1.673097E-2
4.086667E1	4.293351E1	2.280214E-2
4.090000E1	4.298477E1	1.937623E-2
4.093333E1	4.301707E1	3.699862E-2
4.096667E1	4.302952E1	3.953047E-2
4.100000E1	4.304507E1	8.373825E-2
4.103333E1	4.302274E1	1.210109E-1
4.106667E1	4.300405E1	1.379777E-1
4.110000E1	4.295885E1	1.460965E-1
4.113333E1	4.293338E1	1.533000E-1
4.116667E1	4.287664E1	1.472368E-1
4.120000E1	4.283729E1	1.453836E-1
4.123333E1	4.279817E1	1.460142E-1
4.126667E1	4.276323E1	1.476422E-1
4.130000E1	4.274778E1	1.458802E-1
4.133333E1	4.273889E1	1.535938E-1
4.136667E1	4.274951E1	1.616324E-1
4.140000E1	4.275808E1	1.639289E-1
4.143333E1	4.278035E1	1.536915E-1
4.146667E1	4.280626E1	1.577872E-1
4.150000E1	4.286028E1	1.460499E-1
4.153333E1	4.290183E1	1.594072E-1
4.156667E1	4.293206E1	1.454602E-1
4.160000E1	4.300264E1	1.446857E-1
4.163333E1	4.303025E1	1.472579E-1
4.166667E1	4.310310E1	1.365679E-1
4.170000E1	4.315792E1	1.266591E-1
4.173333E1	4.321449E1	1.268606E-1
4.176667E1	4.332022E1	1.276374E-1
4.180000E1	4.335582E1	1.215047E-1
4.183333E1	4.350491E1	1.091337E-1
4.186667E1	4.360400E1	8.314953E-2
4.190000E1	4.364475E1	7.200531E-2
4.193333E1	4.374138E1	6.431973E-2
4.196667E1	4.376647E1	5.356678E-2
4.200000E1	4.384760E1	2.151950E-2
4.203333E1	4.386332E1	-2.319361E-3
4.206667E1	4.388149E1	-8.647412E-3
4.210000E1	4.389347E1	-1.799905E-2
4.213333E1	4.389441E1	-1.444637E-2
4.216667E1	4.389875E1	-5.037517E-2
4.220000E1	4.390550E1	-8.307038E-2
4.223333E1	4.391340E1	-8.735744E-2
4.226667E1	4.393820E1	-9.317194E-2
4.230000E1	4.397006E1	-8.865531E-2
4.233333E1	4.401988E1	-8.543645E-2
4.236667E1	4.404160E1	-8.245229E-2
4.240000E1	4.405163E1	-7.802236E-2
4.243333E1	4.407274E1	-7.329522E-2
4.246667E1	4.409982E1	-7.087968E-2
4.250000E1	4.414995E1	-3.973908E-2
4.253333E1	4.418630E1	-2.863134E-2
4.256667E1	4.419611E1	4.303631E-3
4.260000E1	4.420811E1	2.497796E-2
4.263333E1	4.419905E1	3.323513E-2
4.266667E1	4.418438E1	8.137602E-2
4.270000E1	4.414978E1	9.624057E-2
4.273333E1	4.412351E1	1.052858E-1
4.276667E1	4.403979E1	1.101399E-1
4.280000E1	4.401618E1	1.163076E-1
4.283333E1	4.392488E1	1.204203E-1
4.286667E1	4.388531E1	1.334425E-1
4.290000E1	4.386254E1	1.373633E-1
4.293333E1	4.382530E1	1.498219E-1
4.296667E1	4.380891E1	1.502134E-1
4.300000E1	4.379653E1	1.597225E-1
4.303333E1	4.381185E1	1.636098E-1
4.306667E1	4.382259E1	1.644223E-1
4.310000E1	4.384723E1	1.716101E-1
4.313333E1	4.384743E1	1.752625E-1
4.316667E1	4.389028E1	1.587131E-1
4.320000E1	4.393285E1	1.493588E-1
4.323333E1	4.397751E1	1.607465E-1
4.326667E1	4.403035E1	1.520578E-1
4.330000E1	4.405056E1	1.570381E-1
4.333333E1	4.411684E1	1.398715E-1
4.336667E1	4.416942E1	1.253019E-1
4.340000E1	4.422832E1	1.314107E-1
4.343333E1	4.433974E1	1.321165E-1
4.346667E1	4.437734E1	1.184275E-1
4.350000E1	4.453207E1	1.170715E-1
4.353333E1	4.463695E1	1.058595E-1
4.356667E1	4.468405E1	7.471940E-2
4.360000E1	4.476998E1	6.382271E-2
4.363333E1	4.479335E1	4.394721E-2
4.366667E1	4.490177E1	9.468694E-3
4.370000E1	4.494583E1	-3.658647E-3
4.373333E1	4.497531E1	-1.343409E-2
4.376667E1	4.500731E1	-2.711958E-2
4.380000E1	4.502896E1	-2.283406E-2
4.383333E1	4.505339E1	-6.509734E-2
4.386667E1	4.507082E1	-9.587419E-2
4.390000E1	4.507574E1	-9.197100E-2
4.393333E1	4.514710E1	-1.021910E-1
4.396667E1	4.517818E1	-1.259866E-1
4.400000E1	4.525365E1	-1.313714E-1
4.403333E1	4.529947E1	-1.302633E-1
4.406667E1	4.532859E1	-1.342043E-1
4.410000E1	4.536967E1	-1.315951E-1
4.413333E1	4.540359E1	-1.291883E-1
4.416667E1	4.547239E1	-1.085761E-1
4.420000E1	4.552923E1	-9.596925E-2
4.423333E1	4.556091E1	-6.097678E-2
4.426667E1	4.560001E1	-2.951372E-2
4.430000E1	4.562101E1	-1.725806E-2
4.433333E1	4.562403E1	2.375732E-2
4.436667E1	4.560172E1	4.283788E-2
4.440000E1	4.558281E1	3.934413E-2
4.443333E1	4.552759E1	4.668351E-2
4.446667E1	4.551325E1	7.473060E-2
4.450000E1	4.545562E1	6.743900E-2
4.453333E1	4.540962E1	8.856283E-2
4.456667E1	4.537812E1	8.254017E-2
4.460000E1	4.535257E1	9.233410E-2
4.463333E1	4.532880E1	9.508270E-2
4.466667E1	4.531486E1	1.049550E-1
4.470000E1	4.532909E1	1.061843E-1
4.473333E1	4.534603E1	1.126012E-1
4.476667E1	4.537870E1	1.108401E-1
4.480000E1	4.540531E1	1.088637E-1
4.483333E1	4.546589E1	1.017100E-1
4.486667E1	4.551881E1	8.996669E-2
4.490000E1	4.556441E1	9.767392E-2
4.493333E1	4.562791E1	8.931159E-2
4.496667E1	4.565480E1	8.397143E-2
4.500000E1	4.575506E1	6.848299E-2
4.503333E1	4.582027E1	5.793752E-2
4.506667E1	4.587587E1	5.814472E-2
4.510000E1	4.601043E1	6.014525E-2
4.513333E1	4.606558E1	5.379202E-2
4.516667E1	4.620908E1	3.222501E-2
4.520000E1	4.633422E1	1.230261E-2
4.523333E1	4.640767E1	1.030895E-2
4.526667E1	4.652565E1	-3.774307E-3
4.530000E1	4.658603E1	-8.265405E-3
4.533333E1	4.671036E1	-3.367846E-2
4.536667E1	4.675457E1	-5.709305E-2
4.540000E1	4.677635E1	-8.559849E-2
4.543333E1	4.682209E1	-9.346862E-2
4.546667E1	4.685283E1	-9.692244E-2
4.550000E1	4.689086E1	-1.177352E-1
4.553333E1	4.692839E1	-1.398554E-1
4.556667E1	4.695390E1	-1.408081E-1
4.560000E1	4.702471E1	-1.424716E-1
4.563333E1	4.705415E1	-1.487126E-1
4.566667E1	4.713842E1	-1.442743E-1
4.570000E1	4.718447E1	-1.333340E-1
4.573333E1	4.720850E1	-1.384746E-1
4.576667E1	4.724841E1	-1.328076E-1
4.580000E1	4.728204E1	-1.338301E-1
4.583333E1	4.735196E1	-1.138961E-1
4.586667E1	4.740706E1	-1.054685E-1
4.590000E1	4.745135E1	-8.801671E-2
4.593333E1	4.750093E1	-5.281343E-2
4.596667E1	4.750332E1	-4.150920E-2
4.600000E1	4.751765E1	-9.961234E-4
4.603333E1	4.748121E1	2.896065E-2
4.606667E1	4.746968E1	3.700456E-2
4.610000E1	4.743936E1	3.860309E-2
4.613333E1	4.740113E1	4.253157E-2
4.616667E1	4.734342E1	2.778083E-2
4.620000E1	4.730774E1	3.732165E-2
4.623333E1	4.730250E1	4.069441E-2
4.626667E1	4.726083E1	5.429454E-2
4.630000E1	4.725710E1	7.864994E-2
4.633333E1	4.726263E1	1.039805E-1
4.636667E1	4.728664E1	1.139993E-1
4.640000E1	4.730482E1	1.209716E-1
4.643333E1	4.736558E1	1.456579E-1
4.646667E1	4.737482E1	1.405292E-1
4.650000E1	4.748359E1	1.439358E-1
4.653333E1	4.754953E1	1.428334E-1
4.656667E1	4.760356E1	1.465342E-1
4.660000E1	4.769987E1	1.489943E-1
4.663333E1	4.773998E1	1.475593E-1
4.666667E1	4.786302E1	1.315384E-1
4.670000E1	4.793058E1	1.242752E-1
4.673333E1	4.800102E1	1.283227E-1
4.676667E1	4.812004E1	1.314074E-1
4.680000E1	4.818064E1	1.192373E-1
4.683333E1	4.837070E1	1.127648E-1
4.686667E1	4.849331E1	8.012982E-2
4.690000E1	4.856272E1	7.800257E-2
4.693333E1	4.870803E1	7.218466E-2
4.696667E1	4.876600E1	6.118792E-2
4.700000E1	4.890265E1	1.603640E-2
4.703333E1	4.896284E1	-3.348370E-3
4.706667E1	4.901707E1	-1.690018E-2
4.710000E1	4.906832E1	-2.115256E-2
4.713333E1	4.909074E1	-1.877919E-2
4.716667E1	4.914045E1	-5.016520E-2
4.720000E1	4.919607E1	-7.753367E-2
4.723333E1	4.922677E1	-8.058190E-2
4.726667E1	4.929183E1	-8.799753E-2
4.730000E1	4.931384E1	-8.908639E-2
4.733333E1	4.938691E1	-8.049818E-2
4.736667E1	4.942631E1	-6.878091E-2
4.740000E1	4.946177E1	-6.982923E-2
4.743333E1	4.952403E1	-6.683664E-2
4.746667E1	4.953113E1	-6.717324E-2
4.750000E1	4.961283E1	-4.086971E-2
4.753333E1	4.966167E1	-2.775886E-2
4.756667E1	4.969050E1	1.040981E-2
4.760000E1	4.975412E1	2.942757E-2
4.763333E1	4.977178E1	3.605767E-2
4.766667E1	4.978425E1	7.517016E-2
4.770000E1	4.975410E1	1.018644E-1
4.773333E1	4.972776E1	1.107777E-1
4.776667E1	4.965423E1	1.083763E-1
4.780000E1	4.962853E1	1.093292E-1
4.783333E1	4.954761E1	1.038030E-1
4.786667E1	4.949476E1	1.159379E-1
4.790000E1	4.946690E1	1.384114E-1
4.793333E1	4.942268E1	1.583406E-1
4.796667E1	4.940700E1	1.660538E-1
4.800000E1	4.939692E1	1.811911E-1
4.803333E1	4.941866E1	1.814116E-1
4.806667E1	4.942872E1	1.875209E-1
4.810000E1	4.945224E1	2.163669E-1
4.813333E1	4.945110E1	2.269532E-1
4.816667E1	4.950259E1	2.161880E-1
4.820000E1	4.954973E1	2.152879E-1
4.823333E1	4.959629E1	2.243122E-1
4.826667E1	4.965003E1	2.185821E-1
4.830000E1	4.966539E1	2.234889E-1
4.833333E1	4.970999E1	2.008041E-1
4.836667E1	4.979748E1	1.792204E-1
4.840000E1	4.982425E1	1.555602E-1
4.843333E1	4.996398E1	1.517334E-1
4.846667E1	5.005716E1	1.329343E-1
4.850000E1	5.016714E1	1.295900E-1
4.853333E1	5.031300E1	1.214116E-1
4.856667E1	5.033724E1	1.311330E-1
4.860000E1	5.043152E1	1.338380E-1
4.863333E1	5.048582E1	1.263743E-1
4.866667E1	5.052980E1	8.765968E-2
4.870000E1	5.054375E1	4.103314E-2
4.873333E1	5.056790E1	2.138757E-2
4.876667E1	5.057931E1	3.612277E-3
4.880000E1	5.058267E1	-5.719863E-3
4.883333E1	5.058184E1	-1.682670E-2
4.886667E1	5.058987E1	-2.167607E-2
4.890000E1	5.058810E1	-1.889710E-2
4.893333E1	5.059119E1	-1.697986E-2
4.896667E1	5.059254E1	-1.448086E-2
4.900000E1	5.058964E1	-5.838664E-3
4.903333E1	5.058323E1	4.172875E-3
4.906667E1	5.058143E1	3.872048E-3
4.910000E1	5.057600E1	1.374656E-2
4.913333E1	5.057537E1	1.841142E-2
4.916667E1	5.057236E1	3.054071E-2
4.920000E1	5.057208E1	6.683696E-2
4.923333E1	5.056950E1	8.606046E-2
4.926667E1	5.053606E1	1.215239E-1
4.930000E1	5.050247E1	1.441385E-1
4.933333E1	5.042792E1	1.634891E-1
4.936667E1	5.027005E1	1.905847E-1
4.940000E1	5.023069E1	1.972595E-1
4.943333E1	5.008790E1	2.216395E-1
4.946667E1	5.000188E1	2.273514E-1
4.950000E1	4.989661E1	2.241098E-1
4.953333E1	4.975919E1	2.492887E-1
4.956667E1	4.972003E1	2.399439E-1
4.960000E1	4.962702E1	2.373560E-1
4.963333E1	4.958095E1	2.517864E-1
4.966667E1	4.952884E1	2.562106E-1
4.970000E1	4.947960E1	2.602637E-1
4.973333E1	4.948460E1	2.779538E-1
4.976667E1	4.948352E1	2.855928E-1
4.980000E1	4.948798E1	2.962212E-1
4.983333E1	4.950147E1	3.012540E-1
4.986667E1	4.951945E1	3.054954E-1
4.990000E1	4.951340E1	3.046849E-1
4.993333E1	4.952242E1	2.992488E-1
4.996667E1	4.952691E1	2.958161E-1
5.000000E1	4.952997E1	2.826985E-1
5.003333E1	4.959025E1	2.536868E-1
5.006667E1	4.960959E1	2.261184E-1
5.010000E1	4.968649E1	2.149561E-1
5.013333E1	4.975512E1	2.096943E-1
5.016667E1	4.983468E1	1.987493E-1
5.020000E1	4.994890E1	1.999341E-1
5.023333E1	4.996016E1	2.045155E-1
5.026667E1	5.001725E1	1.969608E-1
5.030000E1	5.004923E1	1.799143E-1
5.033333E1	5.007467E1	1.364722E-1
5.036667E1	5.007189E1	1.056851E-1
5.040000E1	5.007270E1	7.699857E-2
5.043333E1	5.006312E1	5.813174E-2
5.046667E1	5.006010E1	4.687730E-2
5.050000E1	5.005591E1	3.265644E-2
5.053333E1	5.004350E1	9.444763E-3
5.056667E1	5.004878E1	4.995046E-3
5.060000E1	5.004745E1	-4.599321E-3
5.063333E1	5.005147E1	-4.175930E-3
5.066667E1	5.005117E1	-3.056211E-4
5.070000E1	5.001775E1	3.064124E-3
5.073333E1	5.000099E1	6.109574E-3
5.076667E1	4.997190E1	1.250534E-2
5.080000E1	4.996538E1	1.776949E-2
5.083333E1	4.995630E1	2.209157E-2
5.086667E1	4.993182E1	5.152315E-2
5.090000E1	4.992035E1	7.894442E-2
5.093333E1	4.987069E1	1.019467E-1
5.096667E1	4.982544E1	1.137739E-1
5.100000E1	4.976807E1	1.302761E-1
5.103333E1	4.962094E1	1.576007E-1
5.106667E1	4.955854E1	1.552548E-1
5.110000E1	4.941769E1	1.554765E-1
5.113333E1	4.934247E1	1.618203E-1
5.116667E1	4.923089E1	1.614662E-1
5.120000E1	4.905994E1	1.680469E-1
5.123333E1	4.902662E1	1.666437E-1
5.126667E1	4.891306E1	1.630044E-1
5.130000E1	4.886998E1	1.698602E-1
5.133333E1	4.881470E1	1.734187E-1
5.136667E1	4.881237E1	1.777861E-1
5.140000E1	4.879107E1	1.782689E-1
5.143333E1	4.878979E1	1.777287E-1
5.146667E1	4.878705E1	1.751697E-1
5.150000E1	4.879123E1	1.719569E-1
5.153333E1	4.881462E1	1.597749E-1
5.156667E1	4.884756E1	1.611012E-1
5.160000E1	4.888433E1	1.572468E-1
5.163333E1	4.888995E1	1.503311E-1
5.166667E1	4.893520E1	1.330633E-1
5.170000E1	4.900697E1	1.117444E-1
5.173333E1	4.904427E1	8.336816E-2
5.176667E1	4.917471E1	7.293806E-2
5.180000E1	4.925342E1	6.433609E-2
5.183333E1	4.937064E1	6.936972E-2
5.186667E1	4.947826E1	7.212128E-2
