	masse A		
t	x	y	
0.000000E0	-8.490411E-3	4.245206E-3
3.333333E-2	-1.891938E-2	4.393976E-3
6.666667E-2	-2.823321E-2	2.639921E-3
1.000000E-1	-1.062559E-1	-1.915268E-3
1.333333E-1	-1.436948E-1	-3.797272E-3
1.666667E-1	-2.047752E-1	-1.052047E-2
2.000000E-1	-3.285357E-1	-1.763282E-2
2.333333E-1	-3.662089E-1	-1.265735E-2
2.666667E-1	-4.885326E-1	-4.654632E-3
3.000000E-1	-6.043372E-1	-1.789356E-2
3.333333E-1	-7.314885E-1	-2.550970E-2
3.666667E-1	-9.549521E-1	-6.682288E-2
4.000000E-1	-1.010493E0	-9.042197E-2
4.333333E-1	-1.136833E0	-9.325961E-2
4.666667E-1	-1.185124E0	-9.923572E-2
5.000000E-1	-1.209489E0	-1.002729E-1
5.333333E-1	-1.230726E0	-1.038768E-1
5.666667E-1	-1.215019E0	-1.295410E-1
6.000000E-1	-1.167867E0	-1.385639E-1
6.333333E-1	-1.114772E0	-1.445634E-1
6.666667E-1	-1.024213E0	-1.461143E-1
7.000000E-1	-8.841004E-1	-1.454882E-1
7.333333E-1	-8.517343E-1	-1.452287E-1
7.666667E-1	-7.290774E-1	-1.412051E-1
8.000000E-1	-6.375498E-1	-1.374158E-1
8.333333E-1	-5.275667E-1	-1.228382E-1
8.666667E-1	-3.384829E-1	-1.108464E-1
9.000000E-1	-2.768849E-1	-1.223417E-1
9.333333E-1	-1.298733E-1	-1.246262E-1
9.666667E-1	-7.903633E-3	-8.190779E-2
1.000000E0	1.090790E-1	-5.563509E-2
1.033333E0	2.530106E-1	-5.797862E-2
1.066667E0	2.952750E-1	-6.608012E-2
1.100000E0	4.095538E-1	-7.260437E-2
1.133333E0	4.597269E-1	-7.373220E-2
1.166667E0	5.351286E-1	-7.149892E-2
1.200000E0	6.243403E-1	-7.035187E-2
1.233333E0	6.510856E-1	-7.042926E-2
1.266667E0	6.899344E-1	-7.437615E-2
1.300000E0	7.104962E-1	-7.367846E-2
1.333333E0	7.143526E-1	-6.788524E-2
1.366667E0	7.202181E-1	-6.290779E-2
1.400000E0	7.173311E-1	-6.400100E-2
1.433333E0	7.175925E-1	-6.790674E-2
1.466667E0	7.184138E-1	-7.242639E-2
1.500000E0	7.158726E-1	-7.840660E-2
1.533333E0	7.201263E-1	-8.890151E-2
1.566667E0	7.167745E-1	-9.019820E-2
1.600000E0	7.001880E-1	-1.117458E-1
1.633333E0	6.895403E-1	-1.374846E-1
1.666667E0	6.552680E-1	-1.528114E-1
1.700000E0	5.615650E-1	-1.726855E-1
1.733333E0	5.343618E-1	-1.669093E-1
1.766667E0	4.427544E-1	-1.708757E-1
1.800000E0	3.487042E-1	-2.030658E-1
1.833333E0	2.585915E-1	-2.315412E-1
1.866667E0	1.019871E-1	-2.481650E-1
1.900000E0	3.954978E-2	-2.702212E-1
1.933333E0	-1.136239E-1	-2.836954E-1
1.966667E0	-1.909320E-1	-3.010604E-1
2.000000E0	-3.130624E-1	-3.047354E-1
2.033333E0	-5.125822E-1	-3.477285E-1
2.066667E0	-5.631969E-1	-3.691415E-1
2.100000E0	-6.541181E-1	-3.754084E-1
2.133333E0	-7.025648E-1	-3.948274E-1
2.166667E0	-7.342175E-1	-4.202655E-1
2.200000E0	-7.320687E-1	-4.342475E-1
2.233333E0	-7.287581E-1	-4.384537E-1
2.266667E0	-7.143179E-1	-4.405241E-1
2.300000E0	-7.087127E-1	-4.376940E-1
2.333333E0	-6.896330E-1	-4.427828E-1
2.366667E0	-5.969985E-1	-4.390767E-1
2.400000E0	-5.766608E-1	-4.308276E-1
2.433333E0	-5.101301E-1	-4.246904E-1
2.466667E0	-4.434842E-1	-4.165590E-1
2.500000E0	-3.262357E-1	-4.052027E-1
2.533333E0	-1.570114E-1	-3.936392E-1
2.566667E0	-1.215317E-1	-4.082790E-1
2.600000E0	2.135309E-2	-4.063411E-1
2.633333E0	1.588811E-1	-3.543862E-1
2.666667E0	2.913247E-1	-3.157648E-1
2.700000E0	4.307587E-1	-2.877208E-1
2.733333E0	4.643141E-1	-2.824264E-1
2.766667E0	5.890426E-1	-2.822198E-1
2.800000E0	6.654610E-1	-2.786477E-1
2.833333E0	7.275824E-1	-2.753871E-1
2.866667E0	8.186444E-1	-2.648653E-1
2.900000E0	8.302351E-1	-2.586985E-1
2.933333E0	8.810492E-1	-2.589955E-1
2.966667E0	8.883670E-1	-2.579749E-1
3.000000E0	9.012495E-1	-2.484630E-1
3.033333E0	9.418155E-1	-2.533728E-1
3.066667E0	9.389938E-1	-2.607570E-1
3.100000E0	9.436693E-1	-2.670779E-1
3.133333E0	9.429046E-1	-2.725235E-1
3.166667E0	9.549900E-1	-2.811413E-1
3.200000E0	9.627055E-1	-2.814411E-1
3.233333E0	9.706206E-1	-2.811160E-1
3.266667E0	9.975289E-1	-2.977365E-1
3.300000E0	1.002202E0	-3.010819E-1
3.333333E0	9.914717E-1	-3.051825E-1
3.366667E0	9.363594E-1	-3.197738E-1
3.400000E0	9.076334E-1	-3.118692E-1
3.433333E0	8.394840E-1	-3.081446E-1
3.466667E0	7.774605E-1	-3.341528E-1
3.500000E0	7.151987E-1	-3.572077E-1
3.533333E0	5.740318E-1	-3.782439E-1
3.566667E0	5.408350E-1	-3.692551E-1
3.600000E0	4.362190E-1	-3.818440E-1
3.633333E0	4.008082E-1	-3.815251E-1
3.666667E0	2.503646E-1	-4.243098E-1
3.700000E0	1.467448E-1	-4.494089E-1
3.733333E0	1.002403E-1	-4.487746E-1
3.766667E0	1.765265E-3	-4.789229E-1
3.800000E0	-1.496083E-2	-5.004216E-1
3.833333E0	-1.993928E-2	-5.260079E-1
3.866667E0	-7.345459E-3	-5.298136E-1
3.900000E0	6.586433E-3	-5.226285E-1
3.933333E0	8.563498E-2	-5.174247E-1
3.966667E0	1.130807E-1	-5.229142E-1
4.000000E0	2.507675E-1	-5.106981E-1
4.033333E0	3.316287E-1	-4.973060E-1
4.066667E0	4.040999E-1	-4.917089E-1
4.100000E0	5.390257E-1	-4.865509E-1
4.133333E0	5.788381E-1	-4.813541E-1
4.166667E0	7.626775E-1	-4.435403E-1
4.200000E0	9.153559E-1	-4.176260E-1
4.233333E0	9.913482E-1	-4.143088E-1
4.266667E0	1.215221E0	-4.090274E-1
4.300000E0	1.350919E0	-3.697711E-1
4.333333E0	1.599962E0	-3.150331E-1
4.366667E0	1.725879E0	-2.876323E-1
4.400000E0	1.830576E0	-2.697555E-1
4.433333E0	1.999104E0	-2.765451E-1
4.466667E0	2.037883E0	-2.744170E-1
4.500000E0	2.171347E0	-2.573848E-1
4.533333E0	2.272223E0	-2.426728E-1
4.566667E0	2.324004E0	-2.213979E-1
4.600000E0	2.418644E0	-1.906407E-1
4.633333E0	2.449942E0	-1.891480E-1
4.666667E0	2.521020E0	-1.755602E-1
4.700000E0	2.566853E0	-1.480466E-1
4.733333E0	2.587911E0	-1.428262E-1
4.766667E0	2.612242E0	-1.407158E-1
4.800000E0	2.611498E0	-1.417853E-1
4.833333E0	2.658481E0	-1.480585E-1
4.866667E0	2.702794E0	-1.524721E-1
4.900000E0	2.736818E0	-1.499949E-1
4.933333E0	2.768076E0	-1.565927E-1
4.966667E0	2.793454E0	-1.614383E-1
5.000000E0	2.802916E0	-1.845943E-1
5.033333E0	2.794856E0	-2.195721E-1
5.066667E0	2.784974E0	-2.261667E-1
5.100000E0	2.750810E0	-2.398141E-1
5.133333E0	2.725863E0	-2.381153E-1
5.166667E0	2.652891E0	-2.575847E-1
5.200000E0	2.591521E0	-2.770442E-1
5.233333E0	2.547810E0	-2.893037E-1
5.266667E0	2.449622E0	-2.951334E-1
5.300000E0	2.418538E0	-2.976510E-1
5.333333E0	2.289630E0	-3.225911E-1
5.366667E0	2.198221E0	-3.515291E-1
5.400000E0	2.159456E0	-3.634325E-1
5.433333E0	2.095188E0	-3.817096E-1
5.466667E0	2.068611E0	-3.866460E-1
5.500000E0	2.075650E0	-3.981562E-1
5.533333E0	2.107551E0	-4.209346E-1
5.566667E0	2.134710E0	-4.230692E-1
5.600000E0	2.230443E0	-4.273834E-1
5.633333E0	2.270813E0	-4.318014E-1
5.666667E0	2.407011E0	-4.295583E-1
5.700000E0	2.503874E0	-4.296265E-1
5.733333E0	2.575136E0	-4.228303E-1
5.766667E0	2.743287E0	-4.177004E-1
5.800000E0	2.797074E0	-4.094071E-1
5.833333E0	3.020599E0	-3.880211E-1
5.866667E0	3.173219E0	-3.516492E-1
5.900000E0	3.297476E0	-3.250565E-1
5.933333E0	3.484895E0	-3.394141E-1
5.966667E0	3.599724E0	-3.034828E-1
6.000000E0	3.824495E0	-2.616134E-1
6.033333E0	3.948728E0	-2.580585E-1
6.066667E0	4.064312E0	-2.539490E-1
6.100000E0	4.205872E0	-2.654791E-1
6.133333E0	4.251663E0	-2.575374E-1
6.166667E0	4.397153E0	-2.510352E-1
6.200000E0	4.479961E0	-2.547676E-1
6.233333E0	4.514025E0	-2.551363E-1
6.266667E0	4.592499E0	-2.533755E-1
6.300000E0	4.610734E0	-2.449071E-1
6.333333E0	4.667319E0	-1.954617E-1
6.366667E0	4.701531E0	-1.815089E-1
6.400000E0	4.710981E0	-1.958252E-1
6.433333E0	4.759075E0	-2.015320E-1
6.466667E0	4.766385E0	-2.029450E-1
6.500000E0	4.814387E0	-2.146722E-1
6.533333E0	4.856537E0	-2.121648E-1
6.566667E0	4.893279E0	-2.143989E-1
6.600000E0	4.918991E0	-2.195689E-1
6.633333E0	4.912932E0	-2.225469E-1
6.666667E0	4.899888E0	-2.423548E-1
6.700000E0	4.894764E0	-2.469717E-1
6.733333E0	4.881751E0	-2.458942E-1
6.766667E0	4.842017E0	-2.479782E-1
6.800000E0	4.817449E0	-2.678925E-1
6.833333E0	4.748128E0	-2.849946E-1
6.866667E0	4.682698E0	-2.895446E-1
6.900000E0	4.625081E0	-2.973942E-1
6.933333E0	4.532195E0	-2.994967E-1
6.966667E0	4.496819E0	-3.017238E-1
7.000000E0	4.383620E0	-3.105906E-1
7.033333E0	4.309081E0	-3.174691E-1
7.066667E0	4.268069E0	-3.122723E-1
7.100000E0	4.200761E0	-3.283929E-1
7.133333E0	4.176184E0	-3.660516E-1
7.166667E0	4.188580E0	-3.912505E-1
7.200000E0	4.220617E0	-3.822689E-1
7.233333E0	4.280396E0	-3.801117E-1
7.266667E0	4.368904E0	-3.802021E-1
7.300000E0	4.414199E0	-3.838181E-1
7.333333E0	4.529051E0	-3.745484E-1
7.366667E0	4.621725E0	-3.726037E-1
7.400000E0	4.670238E0	-3.657021E-1
7.433333E0	4.802061E0	-3.531537E-1
7.466667E0	4.862740E0	-3.460819E-1
7.500000E0	5.076921E0	-3.321363E-1
7.533333E0	5.237508E0	-3.320200E-1
7.566667E0	5.327848E0	-3.439946E-1
7.600000E0	5.545448E0	-3.363967E-1
7.633333E0	5.657480E0	-2.970077E-1
7.666667E0	5.884107E0	-2.665601E-1
7.700000E0	6.028066E0	-2.640531E-1
7.733333E0	6.106704E0	-2.633651E-1
7.766667E0	6.237703E0	-2.688980E-1
7.800000E0	6.276445E0	-2.660408E-1
7.833333E0	6.405952E0	-2.521232E-1
7.866667E0	6.481009E0	-2.509050E-1
7.900000E0	6.516597E0	-2.519171E-1
7.933333E0	6.586517E0	-2.399760E-1
7.966667E0	6.620103E0	-1.976940E-1
8.000000E0	6.690673E0	-1.829873E-1
8.033333E0	6.711421E0	-1.720729E-1
8.066667E0	6.719030E0	-1.527445E-1
8.100000E0	6.749217E0	-1.518493E-1
8.133333E0	6.772405E0	-1.455607E-1
8.166667E0	6.823044E0	-1.499015E-1
8.200000E0	6.863657E0	-1.493511E-1
8.233333E0	6.880295E0	-1.559114E-1
8.266667E0	6.916356E0	-1.599839E-1
8.300000E0	6.916546E0	-1.652511E-1
8.333333E0	6.916981E0	-1.853590E-1
8.366667E0	6.905952E0	-2.198161E-1
8.400000E0	6.897920E0	-2.312961E-1
8.433333E0	6.861759E0	-2.535631E-1
8.466667E0	6.833896E0	-2.730175E-1
8.500000E0	6.763136E0	-2.900685E-1
8.533333E0	6.706869E0	-2.927741E-1
8.566667E0	6.647066E0	-2.976230E-1
8.600000E0	6.547168E0	-3.012797E-1
8.633333E0	6.516660E0	-3.108241E-1
8.666667E0	6.404497E0	-3.331285E-1
8.700000E0	6.332890E0	-3.635754E-1
8.733333E0	6.281597E0	-3.967676E-1
8.766667E0	6.237167E0	-4.212178E-1
8.800000E0	6.238908E0	-4.307911E-1
8.833333E0	6.258476E0	-4.461688E-1
8.866667E0	6.277569E0	-4.470180E-1
8.900000E0	6.307866E0	-4.459013E-1
8.933333E0	6.397685E0	-4.468726E-1
8.966667E0	6.432602E0	-4.500822E-1
9.000000E0	6.543420E0	-4.450471E-1
9.033333E0	6.628287E0	-4.403358E-1
9.066667E0	6.681268E0	-4.279648E-1
9.100000E0	6.813562E0	-4.156109E-1
9.133333E0	6.873683E0	-4.118892E-1
9.166667E0	7.064478E0	-3.956173E-1
9.200000E0	7.197170E0	-3.790118E-1
9.233333E0	7.287985E0	-3.787489E-1
9.266667E0	7.476759E0	-3.418412E-1
9.300000E0	7.599516E0	-3.091716E-1
9.333333E0	7.787061E0	-2.762864E-1
9.366667E0	7.901395E0	-2.677445E-1
9.400000E0	7.949713E0	-2.777950E-1
9.433333E0	8.062706E0	-2.701250E-1
9.466667E0	8.112115E0	-2.702950E-1
9.500000E0	8.222282E0	-2.655938E-1
9.533333E0	8.265190E0	-2.636238E-1
9.566667E0	8.305190E0	-2.635934E-1
9.600000E0	8.360502E0	-2.493475E-1
9.633333E0	8.380117E0	-2.463247E-1
9.666667E0	8.417050E0	-2.106967E-1
9.700000E0	8.439780E0	-1.965931E-1
9.733333E0	8.435986E0	-1.987551E-1
9.766667E0	8.441632E0	-2.037606E-1
9.800000E0	8.444976E0	-2.047956E-1
9.833333E0	8.468250E0	-2.104790E-1
9.866667E0	8.496817E0	-2.127369E-1
9.900000E0	8.509222E0	-2.181666E-1
9.933333E0	8.517215E0	-2.262378E-1
9.966667E0	8.510798E0	-2.296811E-1
1.000000E1	8.496172E0	-2.477650E-1
1.003333E1	8.481812E0	-2.324880E-1
1.006667E1	8.468692E0	-2.369424E-1
1.010000E1	8.403177E0	-2.541767E-1
1.013333E1	8.390191E0	-2.770900E-1
1.016667E1	8.299909E0	-2.884082E-1
1.020000E1	8.208833E0	-2.934933E-1
1.023333E1	8.155912E0	-2.963574E-1
1.026667E1	8.038333E0	-2.980027E-1
1.030000E1	7.996936E0	-3.033512E-1
1.033333E1	7.843673E0	-3.204942E-1
1.036667E1	7.764496E0	-3.480513E-1
1.040000E1	7.721630E0	-3.594615E-1
1.043333E1	7.644999E0	-3.824937E-1
1.046667E1	7.625591E0	-3.841811E-1
1.050000E1	7.620583E0	-3.894612E-1
1.053333E1	7.639213E0	-3.849781E-1
1.056667E1	7.648487E0	-3.817836E-1
1.060000E1	7.718042E0	-3.756774E-1
1.063333E1	7.763546E0	-3.737423E-1
1.066667E1	7.875026E0	-3.707378E-1
1.070000E1	7.919450E0	-3.652351E-1
1.073333E1	7.968174E0	-3.542531E-1
1.076667E1	8.083073E0	-3.479187E-1
1.080000E1	8.128754E0	-3.343992E-1
1.083333E1	8.295776E0	-3.209299E-1
1.086667E1	8.430153E0	-3.166225E-1
1.090000E1	8.529847E0	-2.791652E-1
1.093333E1	8.690610E0	-2.710832E-1
1.096667E1	8.729087E0	-2.751811E-1
1.100000E1	8.974133E0	-2.186921E-1
1.103333E1	9.073404E0	-2.024931E-1
1.106667E1	9.132924E0	-2.104967E-1
1.110000E1	9.231949E0	-2.144259E-1
1.113333E1	9.258186E0	-2.117583E-1
1.116667E1	9.351152E0	-1.972763E-1
1.120000E1	9.406624E0	-1.989670E-1
1.123333E1	9.449544E0	-1.944066E-1
1.126667E1	9.495134E0	-1.830628E-1
1.130000E1	9.510961E0	-1.830515E-1
1.133333E1	9.550685E0	-1.795255E-1
1.136667E1	9.570458E0	-1.704534E-1
1.140000E1	9.576524E0	-1.558534E-1
1.143333E1	9.592606E0	-1.470730E-1
1.146667E1	9.597641E0	-1.461823E-1
1.150000E1	9.632081E0	-1.533717E-1
1.153333E1	9.663985E0	-1.528626E-1
1.156667E1	9.670745E0	-1.560260E-1
1.160000E1	9.694127E0	-1.761192E-1
1.163333E1	9.707436E0	-2.022811E-1
1.166667E1	9.719494E0	-2.381154E-1
1.170000E1	9.714295E0	-2.378277E-1
1.173333E1	9.700320E0	-2.355570E-1
1.176667E1	9.663003E0	-2.484861E-1
1.180000E1	9.643204E0	-2.716394E-1
1.183333E1	9.589174E0	-2.914977E-1
1.186667E1	9.528362E0	-2.950394E-1
1.190000E1	9.486564E0	-2.965013E-1
1.193333E1	9.399464E0	-3.021892E-1
1.196667E1	9.374395E0	-3.106259E-1
1.200000E1	9.370991E0	-3.030853E-1
1.203333E1	9.187636E0	-3.386877E-1
1.206667E1	9.180400E0	-3.582452E-1
1.210000E1	9.144963E0	-3.902814E-1
1.213333E1	9.106686E0	-3.963298E-1
1.216667E1	9.117641E0	-4.200956E-1
1.220000E1	9.155379E0	-4.365685E-1
1.223333E1	9.168138E0	-4.403801E-1
1.226667E1	9.231083E0	-4.397970E-1
1.230000E1	9.272159E0	-4.407309E-1
1.233333E1	9.347993E0	-4.343805E-1
1.236667E1	9.476948E0	-4.321029E-1
1.240000E1	9.508495E0	-4.302636E-1
1.243333E1	9.617619E0	-4.167586E-1
1.246667E1	9.678742E0	-4.117359E-1
1.250000E1	9.785031E0	-3.997502E-1
1.253333E1	9.986043E0	-3.744526E-1
1.256667E1	1.005605E1	-3.523431E-1
1.260000E1	1.022381E1	-3.447632E-1
1.263333E1	1.035472E1	-3.029762E-1
1.266667E1	1.047818E1	-2.696821E-1
1.270000E1	1.064730E1	-2.655680E-1
1.273333E1	1.067907E1	-2.725426E-1
1.276667E1	1.077798E1	-2.758565E-1
1.280000E1	1.081728E1	-2.790494E-1
1.283333E1	1.089711E1	-2.708785E-1
1.286667E1	1.096942E1	-2.654569E-1
1.290000E1	1.098277E1	-2.709576E-1
1.293333E1	1.105967E1	-2.656288E-1
1.296667E1	1.109506E1	-2.569052E-1
1.300000E1	1.112856E1	-2.519285E-1
1.303333E1	1.118200E1	-2.356775E-1
1.306667E1	1.118126E1	-2.178102E-1
1.310000E1	1.120580E1	-2.196534E-1
1.313333E1	1.123520E1	-2.155551E-1
1.316667E1	1.126741E1	-2.250573E-1
1.320000E1	1.133858E1	-2.277525E-1
1.323333E1	1.136997E1	-2.224856E-1
1.326667E1	1.139977E1	-2.291152E-1
1.330000E1	1.140153E1	-2.380072E-1
1.333333E1	1.141201E1	-2.571877E-1
1.336667E1	1.144469E1	-2.870362E-1
1.340000E1	1.144225E1	-2.890577E-1
1.343333E1	1.142447E1	-2.919451E-1
1.346667E1	1.142105E1	-2.941828E-1
1.350000E1	1.140439E1	-3.022914E-1
1.353333E1	1.133249E1	-3.097993E-1
1.356667E1	1.129591E1	-3.035267E-1
1.360000E1	1.123587E1	-3.082960E-1
1.363333E1	1.119694E1	-3.283489E-1
1.366667E1	1.113256E1	-3.644476E-1
1.370000E1	1.105364E1	-3.816607E-1
1.373333E1	1.102567E1	-4.014238E-1
1.376667E1	1.099988E1	-4.275516E-1
1.380000E1	1.099543E1	-4.394694E-1
1.383333E1	1.100311E1	-4.528731E-1
1.386667E1	1.104320E1	-4.517216E-1
1.390000E1	1.105009E1	-4.509478E-1
1.393333E1	1.113815E1	-4.496726E-1
1.396667E1	1.120397E1	-4.459892E-1
1.400000E1	1.129244E1	-4.392474E-1
1.403333E1	1.140857E1	-4.330073E-1
1.406667E1	1.142976E1	-4.302243E-1
1.410000E1	1.153648E1	-4.240065E-1
1.413333E1	1.162996E1	-4.085456E-1
1.416667E1	1.173360E1	-4.019363E-1
1.420000E1	1.193458E1	-3.625466E-1
1.423333E1	1.198510E1	-3.674607E-1
1.426667E1	1.211705E1	-3.518096E-1
1.430000E1	1.226034E1	-3.083555E-1
1.433333E1	1.237535E1	-2.754938E-1
1.436667E1	1.253129E1	-2.762232E-1
1.440000E1	1.255529E1	-2.801716E-1
1.443333E1	1.266188E1	-2.788535E-1
1.446667E1	1.272288E1	-2.736215E-1
1.450000E1	1.279894E1	-2.628453E-1
1.453333E1	1.289188E1	-2.608071E-1
1.456667E1	1.291340E1	-2.638699E-1
1.460000E1	1.295887E1	-2.587702E-1
1.463333E1	1.299063E1	-2.495423E-1
1.466667E1	1.301268E1	-2.452762E-1
1.470000E1	1.307988E1	-2.024380E-1
1.473333E1	1.310124E1	-1.979089E-1
1.476667E1	1.313803E1	-1.991266E-1
1.480000E1	1.315647E1	-2.080610E-1
1.483333E1	1.320491E1	-2.159884E-1
1.486667E1	1.326236E1	-2.197251E-1
1.490000E1	1.327735E1	-2.193409E-1
1.493333E1	1.332127E1	-2.310340E-1
1.496667E1	1.335119E1	-2.404029E-1
1.500000E1	1.336939E1	-2.512278E-1
1.503333E1	1.340965E1	-2.884558E-1
1.506667E1	1.340902E1	-2.967497E-1
1.510000E1	1.340996E1	-2.970508E-1
1.513333E1	1.341194E1	-2.924964E-1
1.516667E1	1.339954E1	-2.903214E-1
1.520000E1	1.337011E1	-2.945417E-1
1.523333E1	1.337158E1	-2.970528E-1
1.526667E1	1.335917E1	-2.985198E-1
1.530000E1	1.335033E1	-3.136162E-1
1.533333E1	1.327070E1	-3.160976E-1
1.536667E1	1.319410E1	-3.399379E-1
1.540000E1	1.317090E1	-3.574319E-1
1.543333E1	1.315512E1	-3.883093E-1
1.546667E1	1.314917E1	-3.967114E-1
1.550000E1	1.316862E1	-4.311098E-1
1.553333E1	1.322694E1	-4.403230E-1
1.556667E1	1.325782E1	-4.435275E-1
1.560000E1	1.332457E1	-4.430354E-1
1.563333E1	1.336547E1	-4.392340E-1
1.566667E1	1.349909E1	-4.290872E-1
1.570000E1	1.364391E1	-4.226841E-1
1.573333E1	1.367922E1	-4.271457E-1
1.576667E1	1.379717E1	-4.143239E-1
1.580000E1	1.386689E1	-4.080909E-1
1.583333E1	1.398465E1	-4.010889E-1
1.586667E1	1.417818E1	-3.570099E-1
1.590000E1	1.423164E1	-3.420530E-1
1.593333E1	1.437885E1	-3.331468E-1
1.596667E1	1.453734E1	-2.846609E-1
1.600000E1	1.465075E1	-2.784938E-1
1.603333E1	1.476175E1	-2.696187E-1
1.606667E1	1.480089E1	-2.658497E-1
1.610000E1	1.491517E1	-2.710990E-1
1.613333E1	1.496588E1	-2.673097E-1
1.616667E1	1.502097E1	-2.633791E-1
1.620000E1	1.511120E1	-2.606203E-1
1.623333E1	1.513665E1	-2.627432E-1
1.626667E1	1.519696E1	-2.582284E-1
1.630000E1	1.523544E1	-2.537004E-1
1.633333E1	1.528031E1	-2.361787E-1
1.636667E1	1.532846E1	-2.041968E-1
1.640000E1	1.534525E1	-1.969775E-1
1.643333E1	1.538317E1	-2.040102E-1
1.646667E1	1.541605E1	-2.017374E-1
1.650000E1	1.546099E1	-2.114966E-1
1.653333E1	1.553865E1	-2.188495E-1
1.656667E1	1.556060E1	-2.154340E-1
1.660000E1	1.560675E1	-2.282220E-1
1.663333E1	1.563539E1	-2.322139E-1
1.666667E1	1.566534E1	-2.414798E-1
1.670000E1	1.571007E1	-2.531307E-1
1.673333E1	1.570933E1	-2.722625E-1
1.676667E1	1.571596E1	-2.885153E-1
1.680000E1	1.571702E1	-2.944514E-1
1.683333E1	1.571625E1	-2.943951E-1
1.686667E1	1.569055E1	-2.812637E-1
1.690000E1	1.568170E1	-2.833647E-1
1.693333E1	1.566171E1	-2.932766E-1
1.696667E1	1.564088E1	-3.059185E-1
1.700000E1	1.557408E1	-3.158391E-1
1.703333E1	1.550827E1	-3.342279E-1
1.706667E1	1.548038E1	-3.556629E-1
1.710000E1	1.545796E1	-3.809340E-1
1.713333E1	1.546242E1	-3.904381E-1
1.716667E1	1.547730E1	-3.902752E-1
1.720000E1	1.551117E1	-3.998139E-1
1.723333E1	1.552756E1	-4.142791E-1
1.726667E1	1.561160E1	-4.243249E-1
1.730000E1	1.567661E1	-4.281946E-1
1.733333E1	1.575188E1	-4.192089E-1
1.736667E1	1.585966E1	-4.164564E-1
1.740000E1	1.588035E1	-4.160011E-1
1.743333E1	1.598184E1	-4.150282E-1
1.746667E1	1.604544E1	-4.022778E-1
1.750000E1	1.614426E1	-3.936876E-1
1.753333E1	1.629918E1	-3.499879E-1
1.756667E1	1.632061E1	-3.311682E-1
1.760000E1	1.649669E1	-3.194588E-1
1.763333E1	1.660092E1	-2.697403E-1
1.766667E1	1.669886E1	-2.637866E-1
1.770000E1	1.682054E1	-2.519114E-1
1.773333E1	1.685811E1	-2.583825E-1
1.776667E1	1.692331E1	-2.633395E-1
1.780000E1	1.696452E1	-2.621259E-1
1.783333E1	1.699987E1	-2.554412E-1
1.786667E1	1.705531E1	-2.468028E-1
1.790000E1	1.707650E1	-2.181480E-1
1.793333E1	1.710940E1	-1.935933E-1
1.796667E1	1.713464E1	-1.765263E-1
1.800000E1	1.715944E1	-1.763099E-1
1.803333E1	1.718286E1	-1.662709E-1
1.806667E1	1.720023E1	-1.473367E-1
1.810000E1	1.722507E1	-1.406659E-1
1.813333E1	1.723691E1	-1.389174E-1
1.816667E1	1.726055E1	-1.498533E-1
1.820000E1	1.732296E1	-1.540102E-1
1.823333E1	1.734786E1	-1.511905E-1
1.826667E1	1.737274E1	-1.617090E-1
1.830000E1	1.737979E1	-1.678602E-1
1.833333E1	1.740195E1	-1.868053E-1
1.836667E1	1.742545E1	-2.127688E-1
1.840000E1	1.742532E1	-2.144967E-1
1.843333E1	1.742476E1	-2.252222E-1
1.846667E1	1.742601E1	-2.304851E-1
1.850000E1	1.742072E1	-2.253974E-1
1.853333E1	1.739094E1	-2.085483E-1
1.856667E1	1.737417E1	-2.158399E-1
1.860000E1	1.730919E1	-2.367114E-1
1.863333E1	1.727124E1	-2.477005E-1
1.866667E1	1.721199E1	-2.745467E-1
1.870000E1	1.713117E1	-3.153487E-1
1.873333E1	1.711957E1	-3.140056E-1
1.876667E1	1.707640E1	-3.363011E-1
1.880000E1	1.706054E1	-3.628012E-1
1.883333E1	1.705789E1	-3.721826E-1
1.886667E1	1.707752E1	-3.954020E-1
1.890000E1	1.709300E1	-4.177034E-1
1.893333E1	1.715048E1	-4.244709E-1
1.896667E1	1.719034E1	-4.195161E-1
1.900000E1	1.726884E1	-4.189384E-1
1.903333E1	1.735911E1	-4.135002E-1
1.906667E1	1.738303E1	-4.159138E-1
1.910000E1	1.744352E1	-4.063493E-1
1.913333E1	1.753764E1	-3.624599E-1
1.916667E1	1.760298E1	-3.466841E-1
1.920000E1	1.772552E1	-3.002185E-1
1.923333E1	1.775380E1	-2.802325E-1
1.926667E1	1.788540E1	-2.719490E-1
1.930000E1	1.798434E1	-2.411359E-1
1.933333E1	1.805948E1	-2.018336E-1
1.936667E1	1.815018E1	-1.859899E-1
1.940000E1	1.816506E1	-1.911363E-1
1.943333E1	1.821467E1	-1.937033E-1
1.946667E1	1.823708E1	-1.999676E-1
1.950000E1	1.825362E1	-1.905844E-1
1.953333E1	1.830303E1	-1.787391E-1
1.956667E1	1.830860E1	-1.858667E-1
1.960000E1	1.832277E1	-1.786153E-1
1.963333E1	1.831847E1	-1.697791E-1
1.966667E1	1.833148E1	-1.420435E-1
1.970000E1	1.837010E1	-1.211256E-1
1.973333E1	1.837199E1	-1.243029E-1
1.976667E1	1.839384E1	-1.305260E-1
1.980000E1	1.839899E1	-1.405445E-1
1.983333E1	1.843860E1	-1.406003E-1
1.986667E1	1.847949E1	-1.497329E-1
1.990000E1	1.850345E1	-1.488974E-1
1.993333E1	1.852841E1	-1.592879E-1
1.996667E1	1.854013E1	-1.660495E-1
2.000000E1	1.854752E1	-1.809247E-1
2.003333E1	1.858632E1	-2.157212E-1
2.006667E1	1.858416E1	-2.164542E-1
2.010000E1	1.858500E1	-2.225130E-1
2.013333E1	1.858484E1	-2.307523E-1
2.016667E1	1.857900E1	-2.312061E-1
2.020000E1	1.855799E1	-2.200438E-1
2.023333E1	1.855652E1	-2.188158E-1
2.026667E1	1.853096E1	-2.369195E-1
2.030000E1	1.850072E1	-2.367028E-1
2.033333E1	1.840333E1	-2.902608E-1
2.036667E1	1.836604E1	-3.120833E-1
2.040000E1	1.834435E1	-3.116889E-1
2.043333E1	1.829967E1	-3.420014E-1
2.046667E1	1.828946E1	-3.674092E-1
2.050000E1	1.829239E1	-3.882402E-1
2.053333E1	1.829668E1	-3.920396E-1
2.056667E1	1.832069E1	-4.156387E-1
2.060000E1	1.840537E1	-4.083130E-1
2.063333E1	1.843132E1	-4.132207E-1
2.066667E1	1.852068E1	-4.130850E-1
2.070000E1	1.856807E1	-4.120273E-1
2.073333E1	1.859506E1	-4.135825E-1
2.076667E1	1.869828E1	-3.777738E-1
2.080000E1	1.872612E1	-3.506392E-1
2.083333E1	1.885642E1	-3.031009E-1
2.086667E1	1.897462E1	-2.719321E-1
2.090000E1	1.901509E1	-2.651291E-1
2.093333E1	1.913409E1	-2.511836E-1
2.096667E1	1.918067E1	-2.414845E-1
2.100000E1	1.927478E1	-1.900331E-1
2.103333E1	1.931848E1	-1.907290E-1
2.106667E1	1.932890E1	-1.923206E-1
2.110000E1	1.936591E1	-1.947984E-1
2.113333E1	1.938662E1	-1.979140E-1
2.116667E1	1.941449E1	-1.848181E-1
2.120000E1	1.944567E1	-1.850428E-1
2.123333E1	1.945809E1	-1.869051E-1
2.126667E1	1.947675E1	-1.802101E-1
2.130000E1	1.947232E1	-1.813398E-1
2.133333E1	1.950462E1	-1.743146E-1
2.136667E1	1.953164E1	-1.419817E-1
2.140000E1	1.954206E1	-1.404007E-1
2.143333E1	1.956568E1	-1.467148E-1
2.146667E1	1.958945E1	-1.520943E-1
2.150000E1	1.964840E1	-1.542873E-1
2.153333E1	1.969590E1	-1.583996E-1
2.156667E1	1.973322E1	-1.591119E-1
2.160000E1	1.977632E1	-1.705754E-1
2.163333E1	1.980460E1	-1.722120E-1
2.166667E1	1.984339E1	-1.950277E-1
2.170000E1	1.987705E1	-2.144999E-1
2.173333E1	1.988874E1	-2.183545E-1
2.176667E1	1.989804E1	-2.293733E-1
2.180000E1	1.989412E1	-2.265600E-1
2.183333E1	1.989076E1	-2.324126E-1
2.186667E1	1.987935E1	-2.287863E-1
2.190000E1	1.987324E1	-2.333668E-1
2.193333E1	1.986405E1	-2.370576E-1
2.196667E1	1.985840E1	-2.373875E-1
2.200000E1	1.978359E1	-2.765952E-1
2.203333E1	1.975548E1	-3.138275E-1
2.206667E1	1.973521E1	-3.116043E-1
2.210000E1	1.971469E1	-3.299480E-1
2.213333E1	1.971929E1	-3.670875E-1
2.216667E1	1.973282E1	-3.866038E-1
2.220000E1	1.974636E1	-3.895692E-1
2.223333E1	1.976349E1	-3.881558E-1
2.226667E1	1.984364E1	-3.807671E-1
2.230000E1	1.987469E1	-3.774917E-1
2.233333E1	1.996110E1	-3.672812E-1
2.236667E1	2.000418E1	-3.679764E-1
2.240000E1	2.003251E1	-3.609843E-1
2.243333E1	2.012700E1	-3.345010E-1
2.246667E1	2.016969E1	-3.306916E-1
2.250000E1	2.031001E1	-2.946337E-1
2.253333E1	2.041188E1	-2.740526E-1
2.256667E1	2.044623E1	-2.589691E-1
2.260000E1	2.057237E1	-2.444405E-1
2.263333E1	2.060496E1	-2.113204E-1
2.266667E1	2.069161E1	-1.848926E-1
2.270000E1	2.072359E1	-1.884298E-1
2.273333E1	2.074894E1	-1.919158E-1
2.276667E1	2.077899E1	-1.935750E-1
2.280000E1	2.080656E1	-2.019562E-1
2.283333E1	2.082911E1	-1.850030E-1
2.286667E1	2.084860E1	-1.856232E-1
2.290000E1	2.087473E1	-1.811223E-1
2.293333E1	2.089985E1	-1.683996E-1
2.296667E1	2.090086E1	-1.409465E-1
2.300000E1	2.093101E1	-1.235549E-1
2.303333E1	2.096670E1	-1.188966E-1
2.306667E1	2.097560E1	-1.256981E-1
2.310000E1	2.099601E1	-1.400019E-1
2.313333E1	2.102247E1	-1.447033E-1
2.316667E1	2.108445E1	-1.512803E-1
2.320000E1	2.112327E1	-1.488436E-1
2.323333E1	2.114306E1	-1.551375E-1
2.326667E1	2.119784E1	-1.662658E-1
2.330000E1	2.120204E1	-1.673708E-1
2.333333E1	2.124219E1	-1.939494E-1
2.336667E1	2.128373E1	-2.163672E-1
2.340000E1	2.130670E1	-2.213011E-1
2.343333E1	2.132792E1	-2.293696E-1
2.346667E1	2.133309E1	-2.301122E-1
2.350000E1	2.133353E1	-2.373077E-1
2.353333E1	2.132568E1	-2.409033E-1
2.356667E1	2.131587E1	-2.491413E-1
2.360000E1	2.130850E1	-2.839940E-1
2.363333E1	2.130865E1	-2.923135E-1
2.366667E1	2.125108E1	-3.094986E-1
2.370000E1	2.121020E1	-3.165225E-1
2.373333E1	2.121494E1	-3.169200E-1
2.376667E1	2.119921E1	-3.629786E-1
2.380000E1	2.118427E1	-3.825846E-1
2.383333E1	2.118901E1	-4.028751E-1
2.386667E1	2.120239E1	-4.188224E-1
2.390000E1	2.123359E1	-4.224927E-1
2.393333E1	2.130884E1	-4.253895E-1
2.396667E1	2.133172E1	-4.259689E-1
2.400000E1	2.143139E1	-4.176181E-1
2.403333E1	2.148340E1	-4.186962E-1
2.406667E1	2.150948E1	-4.094424E-1
2.410000E1	2.160379E1	-4.015641E-1
2.413333E1	2.166856E1	-3.713043E-1
2.416667E1	2.180939E1	-3.178314E-1
2.420000E1	2.189517E1	-2.878820E-1
2.423333E1	2.194067E1	-2.672032E-1
2.426667E1	2.204352E1	-2.561569E-1
2.430000E1	2.209900E1	-2.333824E-1
2.433333E1	2.216966E1	-1.822928E-1
2.436667E1	2.221092E1	-1.860717E-1
2.440000E1	2.221862E1	-1.794366E-1
2.443333E1	2.226642E1	-1.910507E-1
2.446667E1	2.227245E1	-1.957481E-1
2.450000E1	2.228363E1	-1.846220E-1
2.453333E1	2.228935E1	-1.832789E-1
2.456667E1	2.232079E1	-1.841207E-1
2.460000E1	2.235116E1	-1.770720E-1
2.463333E1	2.235192E1	-1.782210E-1
2.466667E1	2.239013E1	-1.639920E-1
2.470000E1	2.241322E1	-1.408007E-1
2.473333E1	2.242507E1	-1.388863E-1
2.476667E1	2.245189E1	-1.457033E-1
2.480000E1	2.247499E1	-1.437287E-1
2.483333E1	2.253221E1	-1.534557E-1
2.486667E1	2.258836E1	-1.520082E-1
2.490000E1	2.262055E1	-1.521058E-1
2.493333E1	2.266610E1	-1.630744E-1
2.496667E1	2.269449E1	-1.661765E-1
2.500000E1	2.274645E1	-1.850831E-1
2.503333E1	2.278863E1	-2.120484E-1
2.506667E1	2.279542E1	-2.153997E-1
2.510000E1	2.284709E1	-2.245830E-1
2.513333E1	2.285695E1	-2.307612E-1
2.516667E1	2.287194E1	-2.295287E-1
2.520000E1	2.288521E1	-2.332011E-1
2.523333E1	2.289165E1	-2.433806E-1
2.526667E1	2.288146E1	-2.592877E-1
2.530000E1	2.288735E1	-2.772250E-1
2.533333E1	2.284113E1	-3.077348E-1
2.536667E1	2.278978E1	-3.123105E-1
2.540000E1	2.276461E1	-3.144023E-1
2.543333E1	2.274858E1	-3.374136E-1
2.546667E1	2.275227E1	-3.669469E-1
2.550000E1	2.276241E1	-3.797461E-1
2.553333E1	2.278382E1	-3.835560E-1
2.556667E1	2.281235E1	-3.776858E-1
2.560000E1	2.288777E1	-3.693022E-1
2.563333E1	2.290926E1	-3.722241E-1
2.566667E1	2.299848E1	-3.499312E-1
2.570000E1	2.304432E1	-3.471485E-1
2.573333E1	2.307092E1	-3.486492E-1
2.576667E1	2.317941E1	-3.177245E-1
2.580000E1	2.320261E1	-2.946592E-1
2.583333E1	2.331928E1	-2.619322E-1
2.586667E1	2.339372E1	-2.549775E-1
2.590000E1	2.346529E1	-2.377484E-1
2.593333E1	2.354309E1	-1.845003E-1
2.596667E1	2.359371E1	-1.678917E-1
2.600000E1	2.364835E1	-1.405291E-1
2.603333E1	2.365405E1	-1.364293E-1
2.606667E1	2.365384E1	-1.352037E-1
2.610000E1	2.366179E1	-1.322338E-1
2.613333E1	2.368732E1	-1.355997E-1
2.616667E1	2.369379E1	-1.240163E-1
2.620000E1	2.370631E1	-1.272841E-1
2.623333E1	2.371324E1	-1.220118E-1
2.626667E1	2.372990E1	-1.125042E-1
2.630000E1	2.376154E1	-1.145656E-1
2.633333E1	2.379535E1	-1.092724E-1
2.636667E1	2.380120E1	-1.155941E-1
2.640000E1	2.383015E1	-1.222186E-1
2.643333E1	2.386315E1	-1.256221E-1
2.646667E1	2.386373E1	-1.284313E-1
2.650000E1	2.391509E1	-1.369267E-1
2.653333E1	2.395278E1	-1.441015E-1
2.656667E1	2.399361E1	-1.421478E-1
2.660000E1	2.403899E1	-1.560008E-1
2.663333E1	2.406102E1	-1.592968E-1
2.666667E1	2.411610E1	-1.753895E-1
2.670000E1	2.416388E1	-1.670102E-1
2.673333E1	2.419774E1	-1.665767E-1
2.676667E1	2.423173E1	-1.679430E-1
2.680000E1	2.423300E1	-1.630488E-1
2.683333E1	2.429186E1	-1.676113E-1
2.686667E1	2.428973E1	-1.684014E-1
2.690000E1	2.428551E1	-1.693427E-1
2.693333E1	2.427259E1	-2.038518E-1
2.696667E1	2.427230E1	-2.283999E-1
2.700000E1	2.424247E1	-2.584770E-1
2.703333E1	2.421875E1	-2.852186E-1
2.706667E1	2.419870E1	-2.921080E-1
2.710000E1	2.418134E1	-3.080760E-1
2.713333E1	2.418809E1	-3.132146E-1
2.716667E1	2.419862E1	-3.328138E-1
2.720000E1	2.421575E1	-3.548530E-1
2.723333E1	2.424095E1	-3.614498E-1
2.726667E1	2.432085E1	-3.586885E-1
2.730000E1	2.434806E1	-3.562345E-1
2.733333E1	2.443300E1	-3.524989E-1
2.736667E1	2.448097E1	-3.488224E-1
2.740000E1	2.450623E1	-3.475503E-1
2.743333E1	2.458189E1	-3.376743E-1
2.746667E1	2.461883E1	-3.183086E-1
2.750000E1	2.472456E1	-2.696106E-1
2.753333E1	2.477190E1	-2.522852E-1
2.756667E1	2.483457E1	-2.324992E-1
2.760000E1	2.490585E1	-1.919029E-1
2.763333E1	2.492702E1	-1.864702E-1
2.766667E1	2.496578E1	-1.481000E-1
2.770000E1	2.498776E1	-1.316419E-1
2.773333E1	2.499236E1	-1.323622E-1
2.776667E1	2.498917E1	-1.312141E-1
2.780000E1	2.498931E1	-1.332454E-1
2.783333E1	2.498113E1	-1.266142E-1
2.786667E1	2.499172E1	-1.206491E-1
2.790000E1	2.499150E1	-1.216282E-1
2.793333E1	2.499653E1	-1.159650E-1
2.796667E1	2.499986E1	-1.154112E-1
2.800000E1	2.501941E1	-1.062645E-1
2.803333E1	2.501337E1	-9.982124E-2
2.806667E1	2.501126E1	-8.437022E-2
2.810000E1	2.501843E1	-7.817356E-2
2.813333E1	2.501899E1	-7.542664E-2
2.816667E1	2.504971E1	-8.053332E-2
2.820000E1	2.507957E1	-8.343724E-2
2.823333E1	2.509483E1	-8.215632E-2
2.826667E1	2.512205E1	-9.660456E-2
2.830000E1	2.513788E1	-9.947854E-2
2.833333E1	2.517799E1	-1.247685E-1
2.836667E1	2.520690E1	-1.318814E-1
2.840000E1	2.522471E1	-1.474909E-1
2.843333E1	2.525060E1	-1.533526E-1
2.846667E1	2.527393E1	-1.537328E-1
2.850000E1	2.531010E1	-1.642340E-1
2.853333E1	2.529820E1	-1.582407E-1
2.856667E1	2.529165E1	-1.612476E-1
2.860000E1	2.528100E1	-1.736725E-1
2.863333E1	2.527279E1	-1.849624E-1
2.866667E1	2.524957E1	-2.284022E-1
2.870000E1	2.519388E1	-2.597940E-1
2.873333E1	2.518909E1	-2.724907E-1
2.876667E1	2.515932E1	-2.896932E-1
2.880000E1	2.513109E1	-2.962639E-1
2.883333E1	2.513005E1	-3.027169E-1
2.886667E1	2.514814E1	-3.044184E-1
2.890000E1	2.515767E1	-3.037225E-1
2.893333E1	2.520783E1	-3.009771E-1
2.896667E1	2.523743E1	-2.963683E-1
2.900000E1	2.527534E1	-2.910276E-1
2.903333E1	2.534392E1	-2.869533E-1
2.906667E1	2.535970E1	-2.857156E-1
2.910000E1	2.541604E1	-2.678483E-1
2.913333E1	2.545736E1	-2.618835E-1
2.916667E1	2.551080E1	-2.571231E-1
2.920000E1	2.561197E1	-1.881684E-1
2.923333E1	2.563573E1	-1.928367E-1
2.926667E1	2.570357E1	-1.585148E-1
2.930000E1	2.573146E1	-1.382724E-1
2.933333E1	2.572755E1	-1.166913E-1
2.936667E1	2.572550E1	-1.133667E-1
2.940000E1	2.571597E1	-1.213074E-1
2.943333E1	2.570899E1	-1.249676E-1
2.946667E1	2.570598E1	-1.261443E-1
2.950000E1	2.569760E1	-1.225459E-1
2.953333E1	2.570134E1	-1.212880E-1
2.956667E1	2.570567E1	-1.228953E-1
2.960000E1	2.570866E1	-1.200338E-1
2.963333E1	2.571246E1	-1.208192E-1
2.966667E1	2.572224E1	-1.126955E-1
2.970000E1	2.573231E1	-9.851671E-2
2.973333E1	2.572899E1	-7.953101E-2
2.976667E1	2.574368E1	-7.469619E-2
2.980000E1	2.575214E1	-8.090240E-2
2.983333E1	2.579154E1	-7.908842E-2
2.986667E1	2.584450E1	-8.422453E-2
2.990000E1	2.586760E1	-7.975342E-2
2.993333E1	2.590535E1	-8.701764E-2
2.996667E1	2.593363E1	-9.530993E-2
3.000000E1	2.595660E1	-1.053889E-1
3.003333E1	2.601319E1	-1.457505E-1
3.006667E1	2.602436E1	-1.518040E-1
3.010000E1	2.606054E1	-1.507503E-1
3.013333E1	2.609121E1	-1.535248E-1
3.016667E1	2.611879E1	-1.513783E-1
3.020000E1	2.615845E1	-1.551038E-1
3.023333E1	2.616213E1	-1.551177E-1
3.026667E1	2.616708E1	-1.685497E-1
3.030000E1	2.616044E1	-1.846863E-1
3.033333E1	2.615197E1	-2.207260E-1
3.036667E1	2.613842E1	-2.478019E-1
3.040000E1	2.613855E1	-2.438509E-1
3.043333E1	2.613086E1	-2.610496E-1
3.046667E1	2.613555E1	-2.914413E-1
3.050000E1	2.614465E1	-2.980900E-1
3.053333E1	2.617472E1	-2.963843E-1
3.056667E1	2.618462E1	-3.034578E-1
3.060000E1	2.626397E1	-3.013374E-1
3.063333E1	2.631156E1	-3.017226E-1
3.066667E1	2.635391E1	-3.005012E-1
3.070000E1	2.643564E1	-2.916818E-1
3.073333E1	2.645469E1	-2.908075E-1
3.076667E1	2.651370E1	-2.797843E-1
3.080000E1	2.656430E1	-2.672233E-1
3.083333E1	2.663277E1	-2.571973E-1
3.086667E1	2.675636E1	-2.033205E-1
3.090000E1	2.678730E1	-1.980380E-1
3.093333E1	2.687774E1	-1.697955E-1
3.096667E1	2.691214E1	-1.309200E-1
3.100000E1	2.693481E1	-1.174517E-1
3.103333E1	2.695119E1	-1.154590E-1
3.106667E1	2.694551E1	-1.211029E-1
3.110000E1	2.694816E1	-1.246306E-1
3.113333E1	2.694601E1	-1.250350E-1
3.116667E1	2.695113E1	-1.272891E-1
3.120000E1	2.695272E1	-1.290655E-1
3.123333E1	2.695397E1	-1.295477E-1
3.126667E1	2.697041E1	-1.257992E-1
3.130000E1	2.700801E1	-1.253818E-1
3.133333E1	2.703502E1	-1.200201E-1
3.136667E1	2.707594E1	-1.156580E-1
3.140000E1	2.708811E1	-1.209429E-1
3.143333E1	2.713059E1	-1.311382E-1
3.146667E1	2.717274E1	-1.315517E-1
3.150000E1	2.721760E1	-1.356913E-1
3.153333E1	2.730475E1	-1.373930E-1
3.156667E1	2.732818E1	-1.341197E-1
3.160000E1	2.737755E1	-1.427992E-1
3.163333E1	2.741512E1	-1.520565E-1
3.166667E1	2.747812E1	-1.614233E-1
3.170000E1	2.758357E1	-1.693953E-1
3.173333E1	2.762006E1	-1.613077E-1
3.176667E1	2.770729E1	-1.606196E-1
3.180000E1	2.777002E1	-1.676581E-1
3.183333E1	2.783876E1	-1.683193E-1
3.186667E1	2.792204E1	-1.721033E-1
3.190000E1	2.794397E1	-1.696467E-1
3.193333E1	2.796764E1	-2.064613E-1
3.196667E1	2.797519E1	-2.389599E-1
3.200000E1	2.796397E1	-2.549538E-1
3.203333E1	2.796371E1	-2.919319E-1
3.206667E1	2.795713E1	-2.957794E-1
3.210000E1	2.796400E1	-3.029900E-1
3.213333E1	2.796707E1	-3.106061E-1
3.216667E1	2.798648E1	-3.163103E-1
3.220000E1	2.807446E1	-3.167581E-1
3.223333E1	2.810318E1	-3.124901E-1
3.226667E1	2.820158E1	-3.041650E-1
3.230000E1	2.824362E1	-3.046048E-1
3.233333E1	2.832514E1	-2.959443E-1
3.236667E1	2.839790E1	-2.892356E-1
3.240000E1	2.842319E1	-2.896363E-1
3.243333E1	2.852018E1	-2.851857E-1
3.246667E1	2.857345E1	-2.724177E-1
3.250000E1	2.866489E1	-2.581786E-1
3.253333E1	2.880350E1	-2.157027E-1
3.256667E1	2.883397E1	-2.112558E-1
3.260000E1	2.893714E1	-1.755450E-1
3.263333E1	2.897159E1	-1.392588E-1
3.266667E1	2.898143E1	-1.240596E-1
3.270000E1	2.901342E1	-1.040390E-1
3.273333E1	2.902864E1	-1.144913E-1
3.276667E1	2.904545E1	-1.106449E-1
3.280000E1	2.904863E1	-1.125570E-1
3.283333E1	2.905450E1	-1.160429E-1
3.286667E1	2.906618E1	-1.162877E-1
3.290000E1	2.909295E1	-1.221652E-1
3.293333E1	2.912344E1	-1.198901E-1
3.296667E1	2.913284E1	-1.148201E-1
3.300000E1	2.919004E1	-1.058379E-1
3.303333E1	2.924765E1	-1.071741E-1
3.306667E1	2.925954E1	-1.160855E-1
3.310000E1	2.931146E1	-1.299712E-1
3.313333E1	2.935135E1	-1.292844E-1
3.316667E1	2.942798E1	-1.296158E-1
3.320000E1	2.953820E1	-1.318317E-1
3.323333E1	2.956081E1	-1.304592E-1
3.326667E1	2.963318E1	-1.381481E-1
3.330000E1	2.967245E1	-1.476356E-1
3.333333E1	2.974776E1	-1.477362E-1
3.336667E1	2.985022E1	-1.582440E-1
3.340000E1	2.988349E1	-1.521058E-1
3.343333E1	2.998054E1	-1.508835E-1
3.346667E1	3.005066E1	-1.599425E-1
3.350000E1	3.012151E1	-1.583373E-1
3.353333E1	3.021499E1	-1.631761E-1
3.356667E1	3.025413E1	-1.590399E-1
3.360000E1	3.031846E1	-1.623054E-1
3.363333E1	3.036580E1	-1.753700E-1
3.366667E1	3.039891E1	-1.859980E-1
3.370000E1	3.041383E1	-2.439853E-1
3.373333E1	3.041601E1	-2.497291E-1
3.376667E1	3.045319E1	-2.871626E-1
3.380000E1	3.049146E1	-2.990819E-1
3.383333E1	3.052469E1	-2.992039E-1
3.386667E1	3.061559E1	-3.051452E-1
3.390000E1	3.064977E1	-3.014526E-1
3.393333E1	3.076443E1	-2.972261E-1
3.396667E1	3.082005E1	-2.956562E-1
3.400000E1	3.089173E1	-2.908204E-1
3.403333E1	3.100226E1	-2.864664E-1
3.406667E1	3.103267E1	-2.808171E-1
3.410000E1	3.114242E1	-2.759409E-1
3.413333E1	3.120397E1	-2.638091E-1
3.416667E1	3.129999E1	-2.563167E-1
3.420000E1	3.146418E1	-2.143702E-1
3.423333E1	3.150489E1	-2.074272E-1
3.426667E1	3.161516E1	-1.530099E-1
3.430000E1	3.166703E1	-1.277885E-1
3.433333E1	3.170770E1	-1.149752E-1
3.436667E1	3.175643E1	-9.249803E-2
3.440000E1	3.176835E1	-7.833867E-2
3.443333E1	3.179368E1	-6.580821E-2
3.446667E1	3.179931E1	-5.551883E-2
3.450000E1	3.182947E1	-5.839218E-2
3.453333E1	3.186677E1	-5.940373E-2
3.456667E1	3.186531E1	-5.767318E-2
3.460000E1	3.190490E1	-5.270716E-2
3.463333E1	3.193669E1	-5.117237E-2
3.466667E1	3.196948E1	-5.441773E-2
3.470000E1	3.205143E1	-3.716671E-2
3.473333E1	3.207109E1	-4.743314E-2
3.476667E1	3.213392E1	-6.116441E-2
3.480000E1	3.218342E1	-6.148730E-2
3.483333E1	3.226264E1	-6.784161E-2
3.486667E1	3.242280E1	-7.330524E-2
3.490000E1	3.245004E1	-7.370149E-2
3.493333E1	3.255944E1	-7.393689E-2
3.496667E1	3.261337E1	-8.670562E-2
3.500000E1	3.270199E1	-9.015973E-2
3.503333E1	3.284161E1	-1.004234E-1
3.506667E1	3.287827E1	-8.869923E-2
3.510000E1	3.301002E1	-9.092115E-2
3.513333E1	3.309017E1	-1.063155E-1
3.516667E1	3.315599E1	-1.340672E-1
3.520000E1	3.326706E1	-1.417709E-1
3.523333E1	3.329846E1	-1.488344E-1
3.526667E1	3.338477E1	-1.562036E-1
3.530000E1	3.342834E1	-1.644513E-1
3.533333E1	3.344677E1	-1.638461E-1
3.536667E1	3.348706E1	-1.718670E-1
3.540000E1	3.350943E1	-1.716698E-1
3.543333E1	3.354447E1	-2.043552E-1
3.546667E1	3.357611E1	-2.383607E-1
3.550000E1	3.362107E1	-2.410897E-1
3.553333E1	3.371500E1	-2.531780E-1
3.556667E1	3.374482E1	-2.686225E-1
3.560000E1	3.386273E1	-2.752329E-1
3.563333E1	3.391581E1	-2.744470E-1
3.566667E1	3.399717E1	-2.743888E-1
3.570000E1	3.411544E1	-2.683564E-1
3.573333E1	3.415439E1	-2.710037E-1
3.576667E1	3.426385E1	-2.604702E-1
3.580000E1	3.435277E1	-2.447099E-1
3.583333E1	3.443918E1	-1.991294E-1
3.586667E1	3.454804E1	-1.683048E-1
3.590000E1	3.458865E1	-1.472694E-1
3.593333E1	3.469174E1	-1.141863E-1
3.596667E1	3.473522E1	-9.856457E-2
3.600000E1	3.474627E1	-5.204690E-2
3.603333E1	3.475819E1	-3.232563E-2
3.606667E1	3.478276E1	-3.242265E-2
3.610000E1	3.479259E1	-3.594346E-2
3.613333E1	3.479601E1	-4.692092E-2
3.616667E1	3.479414E1	-4.094876E-2
3.620000E1	3.481818E1	-5.046867E-2
3.623333E1	3.481408E1	-4.730648E-2
3.626667E1	3.484581E1	-3.926282E-2
3.630000E1	3.488032E1	-3.516149E-2
3.633333E1	3.491461E1	-3.594517E-2
3.636667E1	3.496220E1	-2.063346E-2
3.640000E1	3.498611E1	-1.508128E-2
3.643333E1	3.507525E1	-3.283592E-3
3.646667E1	3.512367E1	-5.654036E-3
3.650000E1	3.519770E1	-1.384852E-3
3.653333E1	3.531012E1	1.364646E-3
3.656667E1	3.533401E1	-6.764279E-3
3.660000E1	3.542422E1	-8.494090E-3
3.663333E1	3.546559E1	-1.660390E-2
3.666667E1	3.553177E1	-2.794145E-2
3.670000E1	3.564524E1	-2.913124E-2
3.673333E1	3.568980E1	-1.827817E-2
3.676667E1	3.583112E1	-1.060177E-2
3.680000E1	3.589060E1	-2.440055E-2
3.683333E1	3.598255E1	-2.658805E-2
3.686667E1	3.608721E1	-2.587561E-2
3.690000E1	3.611619E1	-2.654641E-2
3.693333E1	3.614396E1	-3.143255E-2
3.696667E1	3.616187E1	-4.162880E-2
3.700000E1	3.617816E1	-9.453471E-2
3.703333E1	3.617792E1	-1.014904E-1
3.706667E1	3.617484E1	-1.037821E-1
3.710000E1	3.618099E1	-1.152312E-1
3.713333E1	3.617752E1	-1.423989E-1
3.716667E1	3.622045E1	-1.531002E-1
3.720000E1	3.627393E1	-1.544990E-1
3.723333E1	3.631261E1	-1.556053E-1
3.726667E1	3.638933E1	-1.518201E-1
3.730000E1	3.641851E1	-1.515526E-1
3.733333E1	3.650543E1	-1.438404E-1
3.736667E1	3.656317E1	-1.424369E-1
3.740000E1	3.659972E1	-1.409349E-1
3.743333E1	3.668556E1	-1.289489E-1
3.746667E1	3.671396E1	-1.198763E-1
3.750000E1	3.684088E1	-1.045860E-1
3.753333E1	3.689798E1	-9.353087E-2
3.756667E1	3.691863E1	-5.800364E-2
3.760000E1	3.699713E1	-1.789229E-2
3.763333E1	3.701512E1	3.247725E-3
3.766667E1	3.701363E1	2.975563E-2
3.770000E1	3.701318E1	3.015044E-2
3.773333E1	3.700751E1	2.948256E-2
3.776667E1	3.699703E1	2.865775E-2
3.780000E1	3.699744E1	2.537787E-2
3.783333E1	3.696324E1	2.728659E-2
3.786667E1	3.694278E1	2.046246E-2
3.790000E1	3.694283E1	1.485788E-2
3.793333E1	3.695389E1	1.749210E-2
3.796667E1	3.695741E1	2.373850E-2
3.800000E1	3.699050E1	2.025511E-2
3.803333E1	3.703035E1	3.705511E-2
3.806667E1	3.703405E1	4.135642E-2
3.810000E1	3.708185E1	5.936728E-2
3.813333E1	3.711059E1	6.898684E-2
3.816667E1	3.718655E1	7.110103E-2
3.820000E1	3.723480E1	6.627931E-2
3.823333E1	3.727855E1	6.014902E-2
3.826667E1	3.736363E1	5.820588E-2
3.830000E1	3.739164E1	5.309386E-2
3.833333E1	3.748299E1	3.095605E-2
3.836667E1	3.754673E1	1.918235E-2
3.840000E1	3.758928E1	7.768802E-3
3.843333E1	3.771633E1	-3.675347E-3
3.846667E1	3.776547E1	-1.043942E-2
3.850000E1	3.788358E1	-2.106440E-2
3.853333E1	3.795193E1	-1.987875E-2
3.856667E1	3.800161E1	-1.828506E-2
3.860000E1	3.806174E1	-3.071299E-2
3.863333E1	3.807518E1	-4.487916E-2
3.866667E1	3.811193E1	-8.629370E-2
3.870000E1	3.811567E1	-1.028746E-1
3.873333E1	3.812567E1	-1.045693E-1
3.876667E1	3.812950E1	-1.412424E-1
3.880000E1	3.812473E1	-1.506699E-1
3.883333E1	3.816081E1	-1.626335E-1
3.886667E1	3.819985E1	-1.585688E-1
3.890000E1	3.823258E1	-1.575788E-1
3.893333E1	3.830633E1	-1.559967E-1
3.896667E1	3.833101E1	-1.532466E-1
3.900000E1	3.842054E1	-1.467020E-1
3.903333E1	3.845545E1	-1.401325E-1
3.906667E1	3.848393E1	-1.369800E-1
3.910000E1	3.855063E1	-1.269637E-1
3.913333E1	3.858066E1	-1.256349E-1
3.916667E1	3.868233E1	-1.078579E-1
3.920000E1	3.873967E1	-9.592002E-2
3.923333E1	3.876449E1	-6.131961E-2
3.926667E1	3.880741E1	-9.149292E-3
3.930000E1	3.882994E1	4.863590E-3
3.933333E1	3.881152E1	3.281342E-2
3.936667E1	3.879314E1	3.458295E-2
3.940000E1	3.878600E1	2.829841E-2
3.943333E1	3.876688E1	2.364835E-2
3.946667E1	3.874995E1	1.863641E-2
3.950000E1	3.871311E1	2.605354E-2
3.953333E1	3.872205E1	1.909919E-2
3.956667E1	3.872917E1	1.552509E-2
3.960000E1	3.874192E1	1.892683E-2
3.963333E1	3.874953E1	2.197024E-2
3.966667E1	3.878196E1	3.540258E-2
3.970000E1	3.880390E1	2.708753E-2
3.973333E1	3.883551E1	2.586405E-2
3.976667E1	3.887672E1	1.418363E-2
3.980000E1	3.890029E1	1.860928E-2
3.983333E1	3.898036E1	1.893165E-2
3.986667E1	3.903440E1	1.942390E-2
3.990000E1	3.906574E1	2.297475E-2
3.993333E1	3.912760E1	4.790058E-3
3.996667E1	3.914695E1	-7.512295E-3
4.000000E1	3.925372E1	-1.900037E-2
4.003333E1	3.932612E1	-1.888702E-2
4.006667E1	3.937320E1	-1.383351E-2
4.010000E1	3.949705E1	-8.755715E-3
4.013333E1	3.954483E1	-1.253276E-2
4.016667E1	3.966259E1	-3.405318E-2
4.020000E1	3.974131E1	-5.922102E-2
4.023333E1	3.978794E1	-8.173548E-2
4.026667E1	3.985899E1	-1.010662E-1
4.030000E1	3.986804E1	-1.069977E-1
4.033333E1	3.991111E1	-1.396640E-1
4.036667E1	3.991720E1	-1.531754E-1
4.040000E1	3.991456E1	-1.569063E-1
4.043333E1	3.991887E1	-1.693517E-1
4.046667E1	3.991868E1	-1.753324E-1
4.050000E1	3.995227E1	-1.763834E-1
4.053333E1	4.000707E1	-2.120286E-1
4.056667E1	4.003415E1	-2.188617E-1
4.060000E1	4.009782E1	-2.196196E-1
4.063333E1	4.012545E1	-2.207529E-1
4.066667E1	4.019214E1	-2.064764E-1
4.070000E1	4.023746E1	-2.080820E-1
4.073333E1	4.028005E1	-2.041474E-1
4.076667E1	4.033437E1	-1.807634E-1
4.080000E1	4.035835E1	-1.788247E-1
4.083333E1	4.044905E1	-1.537939E-1
4.086667E1	4.049215E1	-1.227682E-1
4.090000E1	4.049467E1	-1.084086E-1
4.093333E1	4.051138E1	-6.952374E-2
4.096667E1	4.049753E1	-4.645637E-2
4.100000E1	4.047598E1	-1.565914E-2
4.103333E1	4.045219E1	8.551309E-3
4.106667E1	4.043703E1	9.928178E-3
4.110000E1	4.036736E1	1.039950E-2
4.113333E1	4.034029E1	1.502136E-2
4.116667E1	4.028379E1	1.682224E-2
4.120000E1	4.024584E1	1.525407E-2
4.123333E1	4.024465E1	1.504724E-2
4.126667E1	4.024638E1	2.054961E-2
4.130000E1	4.025389E1	2.416046E-2
4.133333E1	4.027043E1	4.838130E-2
4.136667E1	4.028676E1	7.593031E-2
4.140000E1	4.029267E1	7.929188E-2
4.143333E1	4.031864E1	6.795068E-2
4.146667E1	4.034085E1	7.243873E-2
4.150000E1	4.040935E1	7.483182E-2
4.153333E1	4.045638E1	6.588308E-2
4.156667E1	4.049190E1	7.228248E-2
4.160000E1	4.054601E1	6.230769E-2
4.163333E1	4.056903E1	5.815726E-2
4.166667E1	4.064550E1	3.382214E-2
4.170000E1	4.070494E1	9.543343E-3
4.173333E1	4.075721E1	6.009420E-4
4.176667E1	4.086544E1	-4.747663E-3
4.180000E1	4.090517E1	-1.021952E-2
4.183333E1	4.103213E1	-1.972215E-2
4.186667E1	4.108877E1	-2.911103E-2
4.190000E1	4.112332E1	-2.067028E-2
4.193333E1	4.118032E1	-2.833916E-2
4.196667E1	4.120137E1	-3.665574E-2
4.200000E1	4.121656E1	-9.722802E-2
4.203333E1	4.121363E1	-9.655910E-2
4.206667E1	4.121465E1	-1.064673E-1
4.210000E1	4.121527E1	-1.414093E-1
4.213333E1	4.121517E1	-1.510823E-1
4.216667E1	4.122666E1	-1.501188E-1
4.220000E1	4.124516E1	-1.556533E-1
4.223333E1	4.130074E1	-1.561752E-1
4.226667E1	4.133792E1	-1.559221E-1
4.230000E1	4.136238E1	-1.505340E-1
4.233333E1	4.140587E1	-1.386414E-1
4.236667E1	4.145155E1	-1.348620E-1
4.240000E1	4.148854E1	-1.319522E-1
4.243333E1	4.153263E1	-1.211671E-1
4.246667E1	4.157639E1	-1.199961E-1
4.250000E1	4.162434E1	-1.053915E-1
4.253333E1	4.166192E1	-8.683264E-2
4.256667E1	4.166135E1	-5.396282E-2
4.260000E1	4.166842E1	2.000822E-3
4.263333E1	4.169697E1	1.746866E-2
4.266667E1	4.164866E1	3.175047E-2
4.270000E1	4.160923E1	3.103100E-2
4.273333E1	4.159585E1	2.737855E-2
4.276667E1	4.154950E1	2.186003E-2
4.280000E1	4.153395E1	1.651137E-2
4.283333E1	4.148366E1	2.098986E-2
4.286667E1	4.146157E1	1.674849E-2
4.290000E1	4.146619E1	1.855203E-2
4.293333E1	4.147604E1	2.847900E-2
4.296667E1	4.148468E1	2.995362E-2
4.300000E1	4.150211E1	4.766069E-2
4.303333E1	4.151702E1	7.984057E-2
4.306667E1	4.152889E1	6.784976E-2
4.310000E1	4.159460E1	6.848365E-2
4.313333E1	4.162896E1	8.261570E-2
4.316667E1	4.171040E1	8.035171E-2
4.320000E1	4.176392E1	7.036767E-2
4.323333E1	4.180039E1	8.107129E-2
4.326667E1	4.186809E1	7.031921E-2
4.330000E1	4.188656E1	5.232193E-2
4.333333E1	4.200773E1	3.906195E-2
4.336667E1	4.208826E1	1.739800E-2
4.340000E1	4.213463E1	2.763226E-3
4.343333E1	4.225565E1	-1.980460E-3
4.346667E1	4.233541E1	-5.733903E-3
4.350000E1	4.248874E1	-1.507799E-2
4.353333E1	4.257077E1	-2.086579E-2
4.356667E1	4.262424E1	-1.604200E-2
4.360000E1	4.272413E1	-2.703265E-2
4.363333E1	4.274707E1	-4.662569E-2
4.366667E1	4.280033E1	-9.780400E-2
4.370000E1	4.281599E1	-1.119705E-1
4.373333E1	4.281755E1	-1.380621E-1
4.376667E1	4.284513E1	-1.557429E-1
4.380000E1	4.286227E1	-1.636329E-1
4.383333E1	4.291265E1	-1.732555E-1
4.386667E1	4.294983E1	-1.711284E-1
4.390000E1	4.297893E1	-1.688744E-1
4.393333E1	4.305407E1	-1.743014E-1
4.396667E1	4.307577E1	-1.697281E-1
4.400000E1	4.314805E1	-1.639938E-1
4.403333E1	4.316879E1	-1.567781E-1
4.406667E1	4.319490E1	-1.462647E-1
4.410000E1	4.326705E1	-1.372458E-1
4.413333E1	4.330026E1	-1.312647E-1
4.416667E1	4.335897E1	-1.150631E-1
4.420000E1	4.339660E1	-1.113752E-1
4.423333E1	4.342441E1	-9.758807E-2
4.426667E1	4.343375E1	-4.610835E-2
4.430000E1	4.343108E1	-3.750622E-2
4.433333E1	4.337652E1	-1.032883E-2
4.436667E1	4.333148E1	1.200433E-2
4.440000E1	4.330367E1	1.542405E-2
4.443333E1	4.322836E1	1.305080E-2
4.446667E1	4.320551E1	1.168927E-2
4.450000E1	4.311926E1	2.584744E-2
4.453333E1	4.309983E1	2.338666E-2
4.456667E1	4.307006E1	2.438749E-2
4.460000E1	4.304821E1	2.493947E-2
4.463333E1	4.305232E1	2.621724E-2
4.466667E1	4.306252E1	4.694396E-2
4.470000E1	4.308410E1	7.386265E-2
4.473333E1	4.308948E1	8.118689E-2
4.476667E1	4.310480E1	8.657653E-2
4.480000E1	4.310241E1	8.507934E-2
4.483333E1	4.315112E1	8.025469E-2
4.486667E1	4.319167E1	7.556507E-2
4.490000E1	4.321934E1	8.042512E-2
4.493333E1	4.325778E1	6.390530E-2
4.496667E1	4.328555E1	6.248850E-2
4.500000E1	4.336637E1	3.349475E-2
4.503333E1	4.342241E1	1.616959E-2
4.506667E1	4.347420E1	5.128332E-3
4.510000E1	4.357726E1	2.241640E-3
4.513333E1	4.362322E1	1.748087E-3
4.516667E1	4.373928E1	-1.226249E-2
4.520000E1	4.378305E1	-1.524097E-2
4.523333E1	4.381314E1	-1.515213E-2
4.526667E1	4.386457E1	-2.930611E-2
4.530000E1	4.387400E1	-3.709426E-2
4.533333E1	4.387926E1	-6.311540E-2
4.536667E1	4.388012E1	-8.149900E-2
4.540000E1	4.386833E1	-8.748822E-2
4.543333E1	4.386742E1	-1.008849E-1
4.546667E1	4.386941E1	-1.011388E-1
4.550000E1	4.386659E1	-1.029188E-1
4.553333E1	4.387825E1	-1.006589E-1
4.556667E1	4.388254E1	-9.252044E-2
4.560000E1	4.390925E1	-8.594975E-2
4.563333E1	4.394020E1	-7.931005E-2
4.566667E1	4.395403E1	-7.490143E-2
4.570000E1	4.397295E1	-7.104089E-2
4.573333E1	4.399675E1	-6.743947E-2
4.576667E1	4.402522E1	-5.531981E-2
4.580000E1	4.404115E1	-4.661027E-2
4.583333E1	4.405356E1	-2.596189E-2
4.586667E1	4.409438E1	2.006490E-2
4.590000E1	4.409093E1	2.759845E-2
4.593333E1	4.407798E1	5.220741E-2
4.596667E1	4.406734E1	8.586665E-2
4.600000E1	4.403247E1	9.884704E-2
4.603333E1	4.392593E1	1.073993E-1
4.606667E1	4.390192E1	9.629139E-2
4.610000E1	4.381553E1	8.903206E-2
4.613333E1	4.376684E1	8.932593E-2
4.616667E1	4.370969E1	8.655267E-2
4.620000E1	4.363646E1	8.327516E-2
4.623333E1	4.362243E1	9.094223E-2
4.626667E1	4.360135E1	1.077776E-1
4.630000E1	4.357581E1	1.112530E-1
4.633333E1	4.357720E1	1.118804E-1
4.636667E1	4.358624E1	1.160485E-1
4.640000E1	4.358750E1	1.355833E-1
4.643333E1	4.361501E1	1.293435E-1
4.646667E1	4.365044E1	1.377281E-1
4.650000E1	4.368701E1	1.301219E-1
4.653333E1	4.376418E1	1.285565E-1
4.656667E1	4.379598E1	1.425263E-1
4.660000E1	4.384828E1	1.391477E-1
4.663333E1	4.388844E1	1.374623E-1
4.666667E1	4.393560E1	1.215177E-1
4.670000E1	4.405656E1	1.071746E-1
4.673333E1	4.409634E1	9.451675E-2
4.676667E1	4.420980E1	7.727872E-2
4.680000E1	4.428174E1	6.369967E-2
4.683333E1	4.438691E1	5.129363E-2
4.686667E1	4.450990E1	5.136140E-2
4.690000E1	4.453459E1	5.212662E-2
4.693333E1	4.462865E1	3.163627E-2
4.696667E1	4.466278E1	-3.226954E-3
4.700000E1	4.468482E1	-1.417125E-2
4.703333E1	4.471118E1	-2.984654E-2
4.706667E1	4.472832E1	-2.950564E-2
4.710000E1	4.475359E1	-3.785535E-2
4.713333E1	4.475256E1	-7.124475E-2
4.716667E1	4.478256E1	-9.614163E-2
4.720000E1	4.483286E1	-1.095804E-1
4.723333E1	4.483386E1	-1.275618E-1
4.726667E1	4.488646E1	-1.362280E-1
4.730000E1	4.491999E1	-1.372006E-1
4.733333E1	4.495890E1	-1.300746E-1
4.736667E1	4.500532E1	-1.353792E-1
4.740000E1	4.504116E1	-1.335785E-1
4.743333E1	4.507653E1	-1.203354E-1
4.746667E1	4.511159E1	-1.135956E-1
4.750000E1	4.516534E1	-9.343260E-2
4.753333E1	4.522517E1	-2.895285E-2
4.756667E1	4.523530E1	-5.899636E-3
4.760000E1	4.524241E1	1.626215E-2
4.763333E1	4.523786E1	2.012035E-2
4.766667E1	4.521204E1	3.146339E-2
4.770000E1	4.515132E1	4.031108E-2
4.773333E1	4.512774E1	6.031960E-2
4.776667E1	4.508226E1	6.546882E-2
4.780000E1	4.505180E1	5.950206E-2
4.783333E1	4.501925E1	7.289094E-2
4.786667E1	4.497407E1	8.411318E-2
4.790000E1	4.495122E1	8.253679E-2
4.793333E1	4.494307E1	9.012845E-2
4.796667E1	4.494328E1	9.262828E-2
4.800000E1	4.495715E1	1.028772E-1
4.803333E1	4.500580E1	9.982053E-2
4.806667E1	4.503299E1	1.020158E-1
4.810000E1	4.508664E1	9.380539E-2
4.813333E1	4.511793E1	9.615118E-2
4.816667E1	4.517810E1	8.827720E-2
4.820000E1	4.526527E1	8.020111E-2
4.823333E1	4.528713E1	7.468272E-2
4.826667E1	4.537405E1	7.005769E-2
4.830000E1	4.542076E1	4.529955E-2
4.833333E1	4.552248E1	2.729113E-2
4.836667E1	4.566352E1	-4.067449E-3
4.840000E1	4.569704E1	-8.362383E-3
4.843333E1	4.582313E1	-4.505798E-3
4.846667E1	4.594956E1	-2.531525E-2
4.850000E1	4.608918E1	-2.625886E-2
4.853333E1	4.625028E1	-2.191938E-2
4.856667E1	4.627330E1	-1.418664E-2
4.860000E1	4.638355E1	-2.134443E-2
4.863333E1	4.645444E1	-7.216108E-2
4.866667E1	4.652701E1	-1.085573E-1
4.870000E1	4.660151E1	-1.480345E-1
4.873333E1	4.662361E1	-1.509005E-1
4.876667E1	4.666429E1	-1.661296E-1
4.880000E1	4.669398E1	-1.721973E-1
4.883333E1	4.672109E1	-1.780528E-1
4.886667E1	4.679698E1	-2.200606E-1
4.890000E1	4.682137E1	-2.314544E-1
4.893333E1	4.686759E1	-2.279567E-1
4.896667E1	4.692105E1	-2.274374E-1
4.900000E1	4.694460E1	-2.135549E-1
4.903333E1	4.700050E1	-1.978327E-1
4.906667E1	4.703061E1	-1.990897E-1
4.910000E1	4.707602E1	-1.860939E-1
4.913333E1	4.711604E1	-1.759243E-1
4.916667E1	4.715817E1	-1.579411E-1
4.920000E1	4.721842E1	-1.097369E-1
4.923333E1	4.723220E1	-1.080064E-1
4.926667E1	4.723859E1	-6.658070E-2
4.930000E1	4.723628E1	-3.570219E-2
4.933333E1	4.719266E1	-8.640957E-3
4.936667E1	4.710123E1	1.807456E-2
4.940000E1	4.707719E1	2.106293E-2
4.943333E1	4.697581E1	1.838185E-2
4.946667E1	4.692918E1	2.620209E-2
4.950000E1	4.687355E1	3.458760E-2
4.953333E1	4.681964E1	4.873824E-2
4.956667E1	4.680397E1	7.703272E-2
4.960000E1	4.679741E1	9.559745E-2
4.963333E1	4.680125E1	1.005664E-1
4.966667E1	4.681858E1	1.204945E-1
4.970000E1	4.684777E1	1.393413E-1
4.973333E1	4.684941E1	1.462890E-1
4.976667E1	4.690073E1	1.455244E-1
4.980000E1	4.693499E1	1.464118E-1
4.983333E1	4.698980E1	1.536658E-1
4.986667E1	4.707134E1	1.381271E-1
4.990000E1	4.710597E1	1.359008E-1
4.993333E1	4.717185E1	1.283426E-1
4.996667E1	4.722842E1	9.736726E-2
5.000000E1	4.730147E1	6.381578E-2
5.003333E1	4.744632E1	6.723046E-2
5.006667E1	4.750748E1	5.434470E-2
5.010000E1	4.764852E1	6.033482E-2
5.013333E1	4.772304E1	4.052526E-2
5.016667E1	4.784648E1	3.368121E-2
5.020000E1	4.796071E1	4.197882E-4
5.023333E1	4.798933E1	-6.833851E-4
5.026667E1	4.808440E1	-1.727474E-2
5.030000E1	4.812250E1	-2.989905E-2
5.033333E1	4.814622E1	-3.723264E-2
5.036667E1	4.818497E1	-9.131235E-2
5.040000E1	4.819550E1	-9.904737E-2
5.043333E1	4.822195E1	-1.158570E-1
5.046667E1	4.825285E1	-1.417479E-1
5.050000E1	4.826738E1	-1.465445E-1
5.053333E1	4.830834E1	-1.525032E-1
5.056667E1	4.834020E1	-1.496862E-1
5.060000E1	4.837736E1	-1.436119E-1
5.063333E1	4.840665E1	-1.412864E-1
5.066667E1	4.841953E1	-1.393357E-1
5.070000E1	4.844715E1	-1.323318E-1
5.073333E1	4.847300E1	-1.248703E-1
5.076667E1	4.851015E1	-1.075047E-1
5.080000E1	4.854657E1	-1.046182E-1
5.083333E1	4.857407E1	-8.878897E-2
5.086667E1	4.858847E1	-2.302742E-2
5.090000E1	4.860272E1	7.745483E-4
5.093333E1	4.857786E1	3.040051E-2
5.096667E1	4.854227E1	4.096923E-2
5.100000E1	4.847130E1	8.060084E-2
5.103333E1	4.837773E1	9.997013E-2
5.106667E1	4.835828E1	9.393367E-2
5.110000E1	4.825394E1	8.583953E-2
5.113333E1	4.820776E1	8.986310E-2
5.116667E1	4.816499E1	9.723060E-2
5.120000E1	4.806608E1	1.286550E-1
5.123333E1	4.803999E1	1.411933E-1
5.126667E1	4.802090E1	1.533652E-1
5.130000E1	4.802372E1	1.594545E-1
5.133333E1	4.804493E1	1.625257E-1
5.136667E1	4.808010E1	1.639983E-1
5.140000E1	4.811155E1	1.634425E-1
5.143333E1	4.816039E1	1.516297E-1
5.146667E1	4.820012E1	1.538275E-1
5.150000E1	4.824787E1	1.520394E-1
5.153333E1	4.833650E1	1.522781E-1
5.156667E1	4.836050E1	1.494981E-1
5.160000E1	4.841871E1	1.348567E-1
5.163333E1	4.846890E1	1.076603E-1
5.166667E1	4.854752E1	7.098190E-2
5.170000E1	4.869657E1	4.846318E-2
5.173333E1	4.875826E1	3.927190E-2
5.176667E1	4.890033E1	1.179835E-2
5.180000E1	4.900418E1	1.239908E-2
5.183333E1	4.911087E1	6.956172E-3
5.186667E1	4.926283E1	7.265345E-3
5.190000E1	4.929321E1	3.124458E-3
5.193333E1	4.939567E1	-1.043967E-2
5.196667E1	4.943786E1	-2.609127E-2
5.200000E1	4.947603E1	-5.107175E-2
5.203333E1	4.953873E1	-1.054562E-1
5.206667E1	4.955995E1	-1.304964E-1
5.210000E1	4.958681E1	-1.462606E-1
5.213333E1	4.960170E1	-1.547226E-1
5.216667E1	4.964768E1	-1.598619E-1
5.220000E1	4.968262E1	-1.645301E-1
5.223333E1	4.970406E1	-1.592413E-1
5.226667E1	4.973338E1	-1.571045E-1
5.230000E1	4.974241E1	-1.515479E-1
5.233333E1	4.978406E1	-1.430630E-1
5.236667E1	4.979742E1	-1.378680E-1
5.240000E1	4.979825E1	-1.353047E-1
5.243333E1	4.981646E1	-1.185028E-1
5.246667E1	4.984650E1	-1.182174E-1
5.250000E1	4.986001E1	-1.081675E-1
5.253333E1	4.985584E1	-5.608378E-2
5.256667E1	4.984393E1	-3.850517E-2
5.260000E1	4.980858E1	-1.227118E-2
5.263333E1	4.977323E1	1.287529E-2
5.266667E1	4.969378E1	2.500539E-2
5.270000E1	4.956141E1	2.953768E-2
5.273333E1	4.952204E1	2.956687E-2
5.276667E1	4.941261E1	2.607362E-2
5.280000E1	4.934479E1	3.968679E-2
5.283333E1	4.924579E1	5.141275E-2
5.286667E1	4.913586E1	9.194995E-2
5.290000E1	4.911262E1	1.040191E-1
5.293333E1	4.906272E1	1.159417E-1
5.296667E1	4.903700E1	1.399465E-1
5.300000E1	4.903864E1	1.626046E-1
5.303333E1	4.904849E1	1.668763E-1
5.306667E1	4.905199E1	1.681652E-1
5.310000E1	4.907174E1	1.702033E-1
5.313333E1	4.908485E1	1.719765E-1
5.316667E1	4.909747E1	1.626894E-1
5.320000E1	4.914560E1	1.659898E-1
5.323333E1	4.914999E1	1.591234E-1
5.326667E1	4.917891E1	1.361677E-1
5.330000E1	4.920711E1	1.297468E-1
5.333333E1	4.925399E1	1.146659E-1
5.336667E1	4.936187E1	1.188255E-1
5.340000E1	4.939199E1	1.202208E-1
5.343333E1	4.951359E1	1.338580E-1
5.346667E1	4.956552E1	1.214907E-1
5.350000E1	4.963960E1	1.195101E-1
5.353333E1	4.971115E1	1.186454E-1
5.356667E1	4.972438E1	1.246467E-1
5.360000E1	4.975978E1	8.275406E-2
5.363333E1	4.978778E1	5.042706E-2
5.366667E1	4.978922E1	4.189810E-2
5.370000E1	4.978136E1	3.522902E-2
5.373333E1	4.977272E1	5.475455E-3
5.376667E1	4.976729E1	-1.657172E-2
5.380000E1	4.976268E1	-2.427294E-2
5.383333E1	4.975836E1	-2.790064E-2
5.386667E1	4.975590E1	-2.252011E-2
5.390000E1	4.976204E1	-1.869977E-2
5.393333E1	4.976371E1	-1.470702E-2
5.396667E1	4.976661E1	-1.161924E-2
5.400000E1	4.974104E1	5.391481E-3
5.403333E1	4.974060E1	4.210113E-3
5.406667E1	4.973678E1	8.133940E-3
5.410000E1	4.972599E1	2.211950E-2
5.413333E1	4.970614E1	2.299621E-2
5.416667E1	4.968707E1	5.220320E-2
5.420000E1	4.966726E1	8.426342E-2
5.423333E1	4.962971E1	1.011226E-1
5.426667E1	4.955315E1	1.163617E-1
5.430000E1	4.952913E1	1.417879E-1
5.433333E1	4.937165E1	1.725008E-1
5.436667E1	4.924041E1	1.681496E-1
5.440000E1	4.914757E1	1.655522E-1
5.443333E1	4.899551E1	1.582990E-1
5.446667E1	4.895576E1	1.630908E-1
5.450000E1	4.877885E1	1.791480E-1
5.453333E1	4.868346E1	1.755666E-1
5.456667E1	4.863131E1	1.727349E-1
5.460000E1	4.856093E1	1.722651E-1
5.463333E1	4.853899E1	1.747094E-1
5.466667E1	4.852631E1	1.733879E-1
5.470000E1	4.853549E1	1.768629E-1
5.473333E1	4.854130E1	1.741796E-1
5.476667E1	4.855550E1	1.816867E-1
5.480000E1	4.856041E1	1.832783E-1
5.483333E1	4.859566E1	1.684710E-1
5.486667E1	4.863011E1	1.736759E-1
5.490000E1	4.864383E1	1.678802E-1
5.493333E1	4.867161E1	1.446360E-1
5.496667E1	4.868802E1	1.429158E-1
5.500000E1	4.876980E1	1.186708E-1
5.503333E1	4.883998E1	1.132148E-1
5.506667E1	4.891923E1	1.275288E-1
5.510000E1	4.904529E1	1.344807E-1
5.513333E1	4.909786E1	1.172930E-1
5.516667E1	4.922601E1	1.382426E-1
5.520000E1	4.926262E1	1.338650E-1
