	masse A		
t	x	y	
0.000000E0	-6.361227E-3	0.000000E0
3.333333E-2	-2.867395E-2	-4.186699E-3
6.666667E-2	-2.056708E-2	-7.162776E-3
1.000000E-1	-4.436083E-2	-1.249825E-2
1.333333E-1	-8.681777E-2	-4.521970E-3
1.666667E-1	-1.345988E-1	-2.325801E-2
2.000000E-1	-2.146727E-1	-1.794266E-2
2.333333E-1	-2.554926E-1	-8.489049E-3
2.666667E-1	-3.389766E-1	-2.623996E-2
3.000000E-1	-4.038108E-1	-2.744641E-2
3.333333E-1	-5.057726E-1	-3.450102E-2
3.666667E-1	-6.101208E-1	-6.589516E-2
4.000000E-1	-6.158997E-1	-7.458708E-2
4.333333E-1	-6.064801E-1	-8.020352E-2
4.666667E-1	-5.983985E-1	-7.560446E-2
5.000000E-1	-5.522882E-1	-8.025526E-2
5.333333E-1	-4.178693E-1	-7.232050E-2
5.666667E-1	-4.076893E-1	-7.163955E-2
6.000000E-1	-2.661643E-1	-6.918933E-2
6.333333E-1	-1.437678E-1	-5.848744E-2
6.666667E-1	-6.099153E-3	-5.128885E-2
7.000000E-1	1.769889E-1	-3.998431E-2
7.333333E-1	2.554158E-1	-5.500064E-2
7.666667E-1	3.968459E-1	-5.773330E-2
8.000000E-1	4.541520E-1	-6.237471E-2
8.333333E-1	5.263478E-1	-5.749678E-2
8.666667E-1	6.112163E-1	-4.206618E-2
9.000000E-1	6.388198E-1	-4.556439E-2
9.333333E-1	6.655326E-1	-3.769337E-2
9.666667E-1	6.600409E-1	-4.323885E-2
1.000000E0	6.563246E-1	-5.879930E-2
1.033333E0	6.491638E-1	-9.101739E-2
1.066667E0	6.425537E-1	-9.687544E-2
1.100000E0	6.178344E-1	-1.020809E-1
1.133333E0	5.794537E-1	-1.311328E-1
1.166667E0	5.110279E-1	-1.716017E-1
1.200000E0	3.807726E-1	-2.148848E-1
1.233333E0	3.383474E-1	-2.291829E-1
1.266667E0	1.898624E-1	-3.245751E-1
1.300000E0	1.492484E-1	-3.558991E-1
1.333333E0	5.678608E-2	-3.961441E-1
1.366667E0	1.342198E-2	-4.899113E-1
1.400000E0	1.126790E-2	-5.078341E-1
1.433333E0	6.217574E-2	-5.336718E-1
1.466667E0	1.075500E-1	-5.408544E-1
1.500000E0	2.348063E-1	-5.664780E-1
1.533333E0	4.505434E-1	-5.748596E-1
1.566667E0	5.124435E-1	-5.715373E-1
1.600000E0	6.975863E-1	-5.699368E-1
1.633333E0	8.931404E-1	-5.620699E-1
1.666667E0	1.056888E0	-5.453732E-1
1.700000E0	1.338405E0	-5.140685E-1
1.733333E0	1.422738E0	-5.135790E-1
1.766667E0	1.605358E0	-5.027596E-1
1.800000E0	1.707496E0	-4.776837E-1
1.833333E0	1.837657E0	-4.689020E-1
1.866667E0	2.007313E0	-4.693144E-1
1.900000E0	2.031793E0	-4.848491E-1
1.933333E0	2.090406E0	-4.869433E-1
1.966667E0	2.118965E0	-4.714758E-1
2.000000E0	2.166067E0	-4.812354E-1
2.033333E0	2.188276E0	-5.167887E-1
2.066667E0	2.178931E0	-5.215112E-1
2.100000E0	2.162014E0	-5.473535E-1
2.133333E0	2.149395E0	-5.832217E-1
2.166667E0	2.112667E0	-6.245940E-1
2.200000E0	2.005384E0	-6.978806E-1
2.233333E0	1.978063E0	-7.185695E-1
2.266667E0	1.873530E0	-7.371925E-1
2.300000E0	1.798297E0	-7.727286E-1
2.333333E0	1.703075E0	-8.327168E-1
2.366667E0	1.624039E0	-9.086050E-1
2.400000E0	1.634623E0	-9.394410E-1
2.433333E0	1.673353E0	-9.813956E-1
2.466667E0	1.710262E0	-1.009445E0
2.500000E0	1.816338E0	-1.011456E0
2.533333E0	2.042740E0	-9.962764E-1
2.566667E0	2.104690E0	-1.003429E0
2.600000E0	2.284381E0	-1.002630E0
2.633333E0	2.512306E0	-9.640875E-1
2.666667E0	2.707485E0	-9.182751E-1
2.700000E0	2.994400E0	-8.800896E-1
2.733333E0	3.057632E0	-8.637609E-1
2.766667E0	3.243151E0	-8.609977E-1
2.800000E0	3.379076E0	-8.148658E-1
2.833333E0	3.432297E0	-7.825111E-1
2.866667E0	3.693581E0	-7.258346E-1
2.900000E0	3.695177E0	-7.132152E-1
2.933333E0	3.746448E0	-6.995921E-1
2.966667E0	3.798062E0	-6.774577E-1
3.000000E0	3.842222E0	-6.538520E-1
3.033333E0	3.902237E0	-6.616721E-1
3.066667E0	3.909080E0	-6.643963E-1
3.100000E0	3.926483E0	-6.819086E-1
3.133333E0	3.942287E0	-6.973737E-1
3.166667E0	3.936580E0	-7.496411E-1
3.200000E0	3.885273E0	-8.165932E-1
3.233333E0	3.860175E0	-8.164687E-1
3.266667E0	3.772627E0	-8.349404E-1
3.300000E0	3.741559E0	-8.930341E-1
3.333333E0	3.657564E0	-9.203793E-1
3.366667E0	3.578421E0	-9.998535E-1
3.400000E0	3.587055E0	-1.016074E0
3.433333E0	3.633365E0	-1.040222E0
3.466667E0	3.686074E0	-1.057307E0
3.500000E0	3.797337E0	-1.064987E0
3.533333E0	4.023332E0	-1.046798E0
3.566667E0	4.118360E0	-1.043394E0
3.600000E0	4.321253E0	-1.009838E0
3.633333E0	4.542988E0	-9.804332E-1
3.666667E0	4.757890E0	-9.504003E-1
3.700000E0	5.050364E0	-8.866263E-1
3.733333E0	5.113533E0	-8.676418E-1
3.766667E0	5.297559E0	-8.568598E-1
3.800000E0	5.448818E0	-7.847884E-1
3.833333E0	5.607404E0	-7.417005E-1
3.866667E0	5.784072E0	-7.017924E-1
3.900000E0	5.820620E0	-6.997877E-1
3.933333E0	5.927238E0	-7.079612E-1
3.966667E0	5.989783E0	-6.832468E-1
4.000000E0	6.043752E0	-6.327863E-1
4.033333E0	6.147000E0	-6.346759E-1
4.066667E0	6.188151E0	-6.480392E-1
4.100000E0	6.238524E0	-6.635383E-1
4.133333E0	6.275381E0	-6.743157E-1
4.166667E0	6.279594E0	-7.242014E-1
4.200000E0	6.251049E0	-7.819881E-1
4.233333E0	6.245378E0	-8.011965E-1
4.266667E0	6.192508E0	-8.322839E-1
4.300000E0	6.172678E0	-8.613938E-1
4.333333E0	6.103823E0	-9.147384E-1
4.366667E0	6.050288E0	-9.982360E-1
4.400000E0	6.045649E0	-1.012423E0
4.433333E0	6.086923E0	-1.036390E0
4.466667E0	6.140744E0	-1.050587E0
4.500000E0	6.249697E0	-1.066069E0
4.533333E0	6.473014E0	-1.049133E0
4.566667E0	6.544090E0	-1.043688E0
4.600000E0	6.763203E0	-1.058372E0
4.633333E0	6.990480E0	-9.935035E-1
4.666667E0	7.197977E0	-9.563672E-1
4.700000E0	7.488222E0	-8.969833E-1
4.733333E0	7.547146E0	-8.725577E-1
4.766667E0	7.714837E0	-8.527887E-1
4.800000E0	7.852958E0	-7.942216E-1
4.833333E0	8.064682E0	-7.218169E-1
4.866667E0	8.224969E0	-6.723287E-1
4.900000E0	8.255576E0	-6.448205E-1
4.933333E0	8.348188E0	-6.374720E-1
4.966667E0	8.409496E0	-6.044179E-1
5.000000E0	8.468184E0	-5.645279E-1
5.033333E0	8.569404E0	-5.749626E-1
5.066667E0	8.587965E0	-5.823288E-1
5.100000E0	8.615763E0	-5.886182E-1
5.133333E0	8.640554E0	-6.090698E-1
5.166667E0	8.636424E0	-6.504767E-1
5.200000E0	8.605382E0	-6.963957E-1
5.233333E0	8.596652E0	-7.139693E-1
5.266667E0	8.553827E0	-7.428595E-1
5.300000E0	8.499705E0	-7.634074E-1
5.333333E0	8.454335E0	-8.091886E-1
5.366667E0	8.417955E0	-8.673516E-1
5.400000E0	8.426877E0	-8.808163E-1
5.433333E0	8.493180E0	-8.933757E-1
5.466667E0	8.542428E0	-8.888474E-1
5.500000E0	8.674157E0	-8.747640E-1
5.533333E0	8.909706E0	-8.476085E-1
5.566667E0	8.981832E0	-8.451283E-1
5.600000E0	9.207206E0	-8.502731E-1
5.633333E0	9.410679E0	-7.601256E-1
5.666667E0	9.616232E0	-7.445057E-1
5.700000E0	9.880866E0	-7.019234E-1
5.733333E0	9.918590E0	-7.076990E-1
5.766667E0	1.016734E1	-5.956648E-1
5.800000E0	1.024709E1	-5.937136E-1
5.833333E0	1.036104E1	-5.590657E-1
5.866667E0	1.052096E1	-5.197230E-1
5.900000E0	1.055475E1	-4.954149E-1
5.933333E0	1.067060E1	-4.770897E-1
5.966667E0	1.071807E1	-4.621949E-1
6.000000E0	1.077410E1	-4.268644E-1
6.033333E0	1.090889E1	-4.382522E-1
6.066667E0	1.093817E1	-4.406380E-1
6.100000E0	1.099123E1	-4.531988E-1
6.133333E0	1.104880E1	-4.722295E-1
6.166667E0	1.107286E1	-5.243528E-1
6.200000E0	1.107543E1	-5.482894E-1
6.233333E0	1.107073E1	-5.800644E-1
6.266667E0	1.106591E1	-6.039467E-1
6.300000E0	1.106744E1	-6.029499E-1
6.333333E0	1.099015E1	-6.906540E-1
6.366667E0	1.097431E1	-7.339024E-1
6.400000E0	1.100837E1	-7.456955E-1
6.433333E0	1.105254E1	-7.763034E-1
6.466667E0	1.109706E1	-8.066867E-1
6.500000E0	1.126462E1	-8.037837E-1
6.533333E0	1.143035E1	-7.886920E-1
6.566667E0	1.147831E1	-7.850479E-1
6.600000E0	1.176391E1	-7.721499E-1
6.633333E0	1.192007E1	-7.393540E-1
6.666667E0	1.222414E1	-6.662442E-1
6.700000E0	1.237998E1	-6.331671E-1
6.733333E0	1.242697E1	-6.449174E-1
6.766667E0	1.269494E1	-5.251263E-1
6.800000E0	1.275859E1	-5.227894E-1
6.833333E0	1.293448E1	-4.747169E-1
6.866667E0	1.304314E1	-4.538299E-1
6.900000E0	1.308933E1	-4.394888E-1
6.933333E0	1.320314E1	-4.130217E-1
6.966667E0	1.325419E1	-4.152202E-1
7.000000E0	1.336894E1	-3.857296E-1
7.033333E0	1.346849E1	-3.771388E-1
7.066667E0	1.351423E1	-3.830656E-1
7.100000E0	1.360595E1	-3.880423E-1
7.133333E0	1.363568E1	-3.940450E-1
7.166667E0	1.370778E1	-4.597425E-1
7.200000E0	1.372369E1	-4.755079E-1
7.233333E0	1.373333E1	-5.145250E-1
7.266667E0	1.373163E1	-5.545427E-1
7.300000E0	1.373285E1	-5.760155E-1
7.333333E0	1.370934E1	-6.508059E-1
7.366667E0	1.370678E1	-6.968335E-1
7.400000E0	1.373367E1	-7.312384E-1
7.433333E0	1.378932E1	-7.603053E-1
7.466667E0	1.384817E1	-7.915917E-1
7.500000E0	1.403535E1	-8.029855E-1
7.533333E0	1.417891E1	-7.894879E-1
7.566667E0	1.430027E1	-7.752693E-1
7.600000E0	1.454122E1	-7.794117E-1
7.633333E0	1.462770E1	-7.662847E-1
7.666667E0	1.489597E1	-7.139410E-1
7.700000E0	1.504592E1	-6.843387E-1
7.733333E0	1.516560E1	-6.525014E-1
7.766667E0	1.532566E1	-6.364152E-1
7.800000E0	1.541359E1	-6.113722E-1
7.833333E0	1.556016E1	-5.499065E-1
7.866667E0	1.566575E1	-5.225112E-1
7.900000E0	1.573091E1	-5.064359E-1
7.933333E0	1.583583E1	-4.981926E-1
7.966667E0	1.586514E1	-4.811448E-1
8.000000E0	1.600195E1	-4.563800E-1
8.033333E0	1.607495E1	-4.594922E-1
8.066667E0	1.612162E1	-4.717909E-1
8.100000E0	1.622083E1	-4.957781E-1
8.133333E0	1.624475E1	-5.194857E-1
8.166667E0	1.632197E1	-6.015320E-1
8.200000E0	1.632732E1	-6.315714E-1
8.233333E0	1.633116E1	-6.583975E-1
8.266667E0	1.631853E1	-7.078211E-1
8.300000E0	1.632175E1	-7.205804E-1
8.333333E0	1.628489E1	-7.888759E-1
8.366667E0	1.624849E1	-8.351907E-1
8.400000E0	1.626471E1	-8.724449E-1
8.433333E0	1.630286E1	-8.921244E-1
8.466667E0	1.634689E1	-8.961564E-1
8.500000E0	1.650000E1	-8.859167E-1
8.533333E0	1.663027E1	-8.691955E-1
8.566667E0	1.672325E1	-8.637408E-1
8.600000E0	1.691200E1	-8.484678E-1
8.633333E0	1.704164E1	-8.157264E-1
8.666667E0	1.727408E1	-7.413210E-1
8.700000E0	1.741469E1	-6.993337E-1
8.733333E0	1.753345E1	-6.403966E-1
8.766667E0	1.765938E1	-6.272567E-1
8.800000E0	1.769521E1	-6.049038E-1
8.833333E0	1.783956E1	-5.294337E-1
8.866667E0	1.791335E1	-4.838006E-1
8.900000E0	1.796177E1	-4.821586E-1
8.933333E0	1.804019E1	-4.736404E-1
8.966667E0	1.808442E1	-4.664735E-1
9.000000E0	1.816595E1	-4.078240E-1
9.033333E0	1.826485E1	-4.280785E-1
9.066667E0	1.832309E1	-4.323154E-1
9.100000E0	1.842446E1	-4.450273E-1
9.133333E0	1.845051E1	-4.544492E-1
9.166667E0	1.851035E1	-5.399294E-1
9.200000E0	1.852061E1	-5.813063E-1
9.233333E0	1.850614E1	-5.967962E-1
9.266667E0	1.849154E1	-6.339101E-1
9.300000E0	1.848519E1	-6.612309E-1
9.333333E0	1.846553E1	-7.187748E-1
9.366667E0	1.845144E1	-7.833734E-1
9.400000E0	1.845974E1	-8.072777E-1
9.433333E0	1.851394E1	-8.432771E-1
9.466667E0	1.854893E1	-8.661098E-1
9.500000E0	1.873148E1	-8.737564E-1
9.533333E0	1.885892E1	-8.611765E-1
9.566667E0	1.892329E1	-8.566298E-1
9.600000E0	1.915223E1	-8.468356E-1
9.633333E0	1.926889E1	-8.034044E-1
9.666667E0	1.953844E1	-7.341518E-1
9.700000E0	1.969943E1	-7.017707E-1
9.733333E0	1.973924E1	-7.105152E-1
9.766667E0	1.993623E1	-6.181935E-1
9.800000E0	1.999481E1	-6.066016E-1
9.833333E0	2.013352E1	-5.450036E-1
9.866667E0	2.024066E1	-5.265655E-1
9.900000E0	2.028681E1	-5.039984E-1
9.933333E0	2.037322E1	-4.921420E-1
9.966667E0	2.040334E1	-4.723201E-1
1.000000E1	2.052845E1	-4.461676E-1
1.003333E1	2.061523E1	-4.582387E-1
1.006667E1	2.067521E1	-4.691770E-1
1.010000E1	2.078664E1	-4.961040E-1
1.013333E1	2.083677E1	-5.040999E-1
1.016667E1	2.095047E1	-5.864453E-1
1.020000E1	2.097375E1	-6.203344E-1
1.023333E1	2.100185E1	-6.458500E-1
1.026667E1	2.101942E1	-6.822413E-1
1.030000E1	2.101404E1	-6.808741E-1
1.033333E1	2.100435E1	-7.472184E-1
1.036667E1	2.099744E1	-7.818800E-1
1.040000E1	2.101804E1	-8.116627E-1
1.043333E1	2.107848E1	-8.280018E-1
1.046667E1	2.112406E1	-8.678189E-1
1.050000E1	2.129909E1	-8.733337E-1
1.053333E1	2.144255E1	-8.639362E-1
1.056667E1	2.153717E1	-8.582081E-1
1.060000E1	2.173739E1	-8.546420E-1
1.063333E1	2.186601E1	-8.153986E-1
1.066667E1	2.213373E1	-7.361597E-1
1.070000E1	2.228312E1	-7.021764E-1
1.073333E1	2.232081E1	-7.055658E-1
1.076667E1	2.252134E1	-6.025021E-1
1.080000E1	2.257071E1	-5.816338E-1
1.083333E1	2.272375E1	-5.364043E-1
1.086667E1	2.280699E1	-4.849953E-1
1.090000E1	2.286461E1	-4.780449E-1
1.093333E1	2.295081E1	-4.816896E-1
1.096667E1	2.298826E1	-4.579650E-1
1.100000E1	2.312247E1	-4.132729E-1
1.103333E1	2.321226E1	-4.287325E-1
1.106667E1	2.327916E1	-4.395088E-1
1.110000E1	2.342982E1	-4.412261E-1
1.113333E1	2.348859E1	-4.608475E-1
1.116667E1	2.360203E1	-5.321437E-1
1.120000E1	2.364891E1	-5.666486E-1
1.123333E1	2.368014E1	-5.823224E-1
1.126667E1	2.369120E1	-6.193764E-1
1.130000E1	2.368254E1	-6.402496E-1
1.133333E1	2.367906E1	-7.278235E-1
1.136667E1	2.367297E1	-7.742638E-1
1.140000E1	2.369185E1	-8.142676E-1
1.143333E1	2.375668E1	-8.349424E-1
1.146667E1	2.379431E1	-8.655534E-1
1.150000E1	2.396218E1	-8.732931E-1
1.153333E1	2.410273E1	-8.602415E-1
1.156667E1	2.418061E1	-8.570117E-1
1.160000E1	2.438833E1	-8.558985E-1
1.163333E1	2.451994E1	-8.217729E-1
1.166667E1	2.479796E1	-7.450307E-1
1.170000E1	2.492356E1	-7.190929E-1
1.173333E1	2.495087E1	-7.015727E-1
1.176667E1	2.509725E1	-6.312038E-1
1.180000E1	2.513014E1	-6.352299E-1
1.183333E1	2.525303E1	-5.724166E-1
1.186667E1	2.532620E1	-5.343096E-1
1.190000E1	2.536792E1	-5.037454E-1
1.193333E1	2.544256E1	-4.880646E-1
1.196667E1	2.547324E1	-4.784456E-1
1.200000E1	2.557936E1	-4.314492E-1
1.203333E1	2.568034E1	-4.367614E-1
1.206667E1	2.573669E1	-4.454444E-1
1.210000E1	2.587086E1	-4.408723E-1
1.213333E1	2.591978E1	-4.525047E-1
1.216667E1	2.603418E1	-5.162272E-1
1.220000E1	2.606012E1	-5.573001E-1
1.223333E1	2.606667E1	-5.758847E-1
1.226667E1	2.606732E1	-6.044745E-1
1.230000E1	2.605459E1	-6.075792E-1
1.233333E1	2.603116E1	-6.647349E-1
1.236667E1	2.603005E1	-7.041153E-1
1.240000E1	2.604474E1	-7.239531E-1
1.243333E1	2.608161E1	-7.492162E-1
1.246667E1	2.613078E1	-7.554694E-1
1.250000E1	2.628952E1	-7.510384E-1
1.253333E1	2.640679E1	-7.270826E-1
1.256667E1	2.646441E1	-7.178799E-1
1.260000E1	2.667247E1	-7.074508E-1
1.263333E1	2.676401E1	-6.904804E-1
1.266667E1	2.700142E1	-6.258441E-1
1.270000E1	2.711278E1	-5.915143E-1
1.273333E1	2.716072E1	-5.667102E-1
1.276667E1	2.726943E1	-5.422124E-1
1.280000E1	2.731935E1	-5.175160E-1
1.283333E1	2.743882E1	-4.559326E-1
1.286667E1	2.748077E1	-4.180948E-1
1.290000E1	2.751135E1	-4.211538E-1
1.293333E1	2.756194E1	-4.028557E-1
1.296667E1	2.759915E1	-3.841835E-1
1.300000E1	2.770716E1	-3.332082E-1
1.303333E1	2.780770E1	-3.522113E-1
1.306667E1	2.790316E1	-3.615892E-1
1.310000E1	2.804197E1	-3.709129E-1
1.313333E1	2.808946E1	-3.821198E-1
1.316667E1	2.820290E1	-4.503191E-1
1.320000E1	2.825349E1	-4.820877E-1
1.323333E1	2.829826E1	-5.130531E-1
1.326667E1	2.830447E1	-5.472664E-1
1.330000E1	2.830187E1	-5.789798E-1
1.333333E1	2.828021E1	-6.352600E-1
1.336667E1	2.827716E1	-6.892059E-1
1.340000E1	2.829591E1	-7.201237E-1
1.343333E1	2.837911E1	-7.495236E-1
1.346667E1	2.839286E1	-7.582125E-1
1.350000E1	2.856612E1	-7.847761E-1
1.353333E1	2.869770E1	-7.751887E-1
1.356667E1	2.874011E1	-7.986966E-1
1.360000E1	2.896774E1	-7.717473E-1
1.363333E1	2.911121E1	-7.231487E-1
1.366667E1	2.932192E1	-6.599279E-1
1.370000E1	2.944774E1	-6.365946E-1
1.373333E1	2.947505E1	-6.249932E-1
1.376667E1	2.959837E1	-5.688926E-1
1.380000E1	2.961765E1	-5.541319E-1
1.383333E1	2.972701E1	-5.103422E-1
1.386667E1	2.978778E1	-4.619138E-1
1.390000E1	2.981147E1	-4.403636E-1
1.393333E1	2.985913E1	-4.056158E-1
1.396667E1	2.988357E1	-4.079660E-1
1.400000E1	2.999992E1	-3.583097E-1
1.403333E1	3.009478E1	-3.761508E-1
1.406667E1	3.015772E1	-3.812326E-1
1.410000E1	3.030595E1	-3.746037E-1
1.413333E1	3.035667E1	-3.937024E-1
1.416667E1	3.049506E1	-4.648327E-1
1.420000E1	3.054676E1	-4.856552E-1
1.423333E1	3.058988E1	-5.157588E-1
1.426667E1	3.062147E1	-5.488517E-1
1.430000E1	3.064613E1	-5.788815E-1
1.433333E1	3.065083E1	-6.437448E-1
1.436667E1	3.064385E1	-6.970227E-1
1.440000E1	3.067067E1	-7.275133E-1
1.443333E1	3.075556E1	-7.496971E-1
1.446667E1	3.078263E1	-7.596182E-1
1.450000E1	3.093908E1	-7.891342E-1
1.453333E1	3.108292E1	-7.793618E-1
1.456667E1	3.113365E1	-7.702063E-1
1.460000E1	3.132982E1	-7.826568E-1
1.463333E1	3.148902E1	-7.232941E-1
1.466667E1	3.163352E1	-6.752319E-1
1.470000E1	3.179720E1	-6.200659E-1
1.473333E1	3.182035E1	-6.304746E-1
1.476667E1	3.194594E1	-5.394432E-1
1.480000E1	3.197710E1	-5.222006E-1
1.483333E1	3.203733E1	-4.872429E-1
1.486667E1	3.211562E1	-4.443047E-1
1.490000E1	3.213119E1	-4.215145E-1
1.493333E1	3.220910E1	-4.024104E-1
1.496667E1	3.225056E1	-4.047627E-1
1.500000E1	3.232730E1	-3.738118E-1
1.503333E1	3.246396E1	-3.829939E-1
1.506667E1	3.250890E1	-3.809103E-1
1.510000E1	3.264952E1	-3.797927E-1
1.513333E1	3.275863E1	-4.020872E-1
1.516667E1	3.285523E1	-4.807177E-1
1.520000E1	3.299630E1	-5.606407E-1
1.523333E1	3.302656E1	-5.836115E-1
1.526667E1	3.307807E1	-6.025350E-1
1.530000E1	3.309967E1	-6.362879E-1
1.533333E1	3.310449E1	-6.895574E-1
1.536667E1	3.310009E1	-7.661799E-1
1.540000E1	3.311042E1	-7.986232E-1
1.543333E1	3.317142E1	-8.296415E-1
1.546667E1	3.322893E1	-8.714202E-1
1.550000E1	3.332660E1	-8.712402E-1
1.553333E1	3.351528E1	-8.635203E-1
1.556667E1	3.357757E1	-8.506337E-1
1.560000E1	3.376286E1	-8.517164E-1
1.563333E1	3.388564E1	-8.044602E-1
1.566667E1	3.401176E1	-7.481937E-1
1.570000E1	3.415181E1	-6.920723E-1
1.573333E1	3.417751E1	-6.931833E-1
1.576667E1	3.426281E1	-6.300987E-1
1.580000E1	3.430174E1	-5.932048E-1
1.583333E1	3.432956E1	-5.505980E-1
1.586667E1	3.439134E1	-4.870497E-1
1.590000E1	3.440310E1	-4.866808E-1
1.593333E1	3.445674E1	-4.511058E-1
1.596667E1	3.448488E1	-4.316796E-1
1.600000E1	3.453736E1	-3.882903E-1
1.603333E1	3.467264E1	-3.819765E-1
1.606667E1	3.471985E1	-3.766329E-1
1.610000E1	3.485974E1	-3.738065E-1
1.613333E1	3.496265E1	-3.944164E-1
1.616667E1	3.506702E1	-4.413673E-1
1.620000E1	3.515866E1	-5.013182E-1
1.623333E1	3.519349E1	-5.169816E-1
1.626667E1	3.523695E1	-5.543262E-1
1.630000E1	3.526169E1	-5.922242E-1
1.633333E1	3.525839E1	-6.343109E-1
1.636667E1	3.526419E1	-7.187244E-1
1.640000E1	3.527280E1	-7.320871E-1
1.643333E1	3.533243E1	-7.489088E-1
1.646667E1	3.537536E1	-7.666504E-1
1.650000E1	3.547581E1	-7.923045E-1
1.653333E1	3.566563E1	-7.787091E-1
1.656667E1	3.572293E1	-7.685550E-1
1.660000E1	3.588045E1	-7.746028E-1
1.663333E1	3.601560E1	-7.184945E-1
1.666667E1	3.611661E1	-6.868605E-1
1.670000E1	3.624849E1	-6.405976E-1
1.673333E1	3.626805E1	-6.329788E-1
1.676667E1	3.632223E1	-5.689618E-1
1.680000E1	3.635258E1	-5.562810E-1
1.683333E1	3.638508E1	-5.087882E-1
1.686667E1	3.645021E1	-4.345278E-1
1.690000E1	3.647215E1	-4.275131E-1
1.693333E1	3.651082E1	-4.166248E-1
1.696667E1	3.651992E1	-3.985556E-1
1.700000E1	3.658620E1	-3.606504E-1
1.703333E1	3.674956E1	-3.721039E-1
1.706667E1	3.681461E1	-3.727292E-1
1.710000E1	3.697863E1	-3.717863E-1
1.713333E1	3.704971E1	-4.006216E-1
1.716667E1	3.717323E1	-4.658528E-1
1.720000E1	3.730173E1	-5.188924E-1
1.723333E1	3.732180E1	-5.261196E-1
1.726667E1	3.737786E1	-5.581655E-1
1.730000E1	3.741946E1	-5.851840E-1
1.733333E1	3.743165E1	-6.322248E-1
1.736667E1	3.743486E1	-7.103948E-1
1.740000E1	3.744253E1	-7.309511E-1
1.743333E1	3.749857E1	-7.474028E-1
1.746667E1	3.754174E1	-7.650011E-1
1.750000E1	3.765308E1	-7.958248E-1
1.753333E1	3.782697E1	-7.790119E-1
1.756667E1	3.789128E1	-7.627790E-1
1.760000E1	3.803385E1	-7.684554E-1
1.763333E1	3.815315E1	-7.315574E-1
1.766667E1	3.825145E1	-6.760731E-1
1.770000E1	3.836798E1	-6.175205E-1
1.773333E1	3.837318E1	-6.194938E-1
1.776667E1	3.841321E1	-5.601487E-1
1.780000E1	3.844911E1	-5.333291E-1
1.783333E1	3.844617E1	-4.854379E-1
1.786667E1	3.848791E1	-4.428013E-1
1.790000E1	3.850503E1	-4.275360E-1
1.793333E1	3.853355E1	-3.995577E-1
1.796667E1	3.857598E1	-3.878370E-1
1.800000E1	3.863337E1	-3.359498E-1
1.803333E1	3.878810E1	-3.593398E-1
1.806667E1	3.885055E1	-3.586637E-1
1.810000E1	3.900248E1	-3.667668E-1
1.813333E1	3.910744E1	-3.914477E-1
1.816667E1	3.925602E1	-4.359061E-1
1.820000E1	3.941170E1	-4.972606E-1
1.823333E1	3.944252E1	-5.156571E-1
1.826667E1	3.952826E1	-5.553472E-1
1.830000E1	3.955025E1	-5.854284E-1
1.833333E1	3.957990E1	-6.286924E-1
1.836667E1	3.960129E1	-7.140903E-1
1.840000E1	3.961581E1	-7.298707E-1
1.843333E1	3.970945E1	-7.482042E-1
1.846667E1	3.974672E1	-7.770858E-1
1.850000E1	3.984826E1	-7.950738E-1
1.853333E1	4.001188E1	-7.796558E-1
1.856667E1	4.006946E1	-7.666940E-1
1.860000E1	4.020330E1	-7.699535E-1
1.863333E1	4.031462E1	-7.389709E-1
1.866667E1	4.040049E1	-6.731654E-1
1.870000E1	4.049622E1	-6.177025E-1
1.873333E1	4.051387E1	-6.154695E-1
1.876667E1	4.054388E1	-5.442080E-1
1.880000E1	4.057405E1	-5.282051E-1
1.883333E1	4.059175E1	-4.834080E-1
1.886667E1	4.062936E1	-4.354247E-1
1.890000E1	4.064641E1	-4.230566E-1
1.893333E1	4.067664E1	-4.080141E-1
1.896667E1	4.069597E1	-3.962070E-1
1.900000E1	4.076931E1	-3.692796E-1
1.903333E1	4.093684E1	-3.771738E-1
1.906667E1	4.099732E1	-3.813994E-1
1.910000E1	4.115653E1	-3.738429E-1
1.913333E1	4.127141E1	-3.972464E-1
1.916667E1	4.142419E1	-4.756328E-1
1.920000E1	4.157920E1	-5.572862E-1
1.923333E1	4.160978E1	-5.929768E-1
1.926667E1	4.170345E1	-6.120237E-1
1.930000E1	4.174305E1	-6.683323E-1
1.933333E1	4.176542E1	-7.149686E-1
1.936667E1	4.183337E1	-8.182247E-1
1.940000E1	4.185646E1	-8.158942E-1
1.943333E1	4.195941E1	-8.194859E-1
1.946667E1	4.200424E1	-8.446253E-1
1.950000E1	4.210770E1	-8.644175E-1
1.953333E1	4.226191E1	-8.480363E-1
1.956667E1	4.229728E1	-8.324339E-1
1.960000E1	4.242436E1	-8.086018E-1
1.963333E1	4.249460E1	-7.641486E-1
1.966667E1	4.257601E1	-7.346886E-1
1.970000E1	4.264571E1	-6.562741E-1
1.973333E1	4.265399E1	-6.387432E-1
1.976667E1	4.266469E1	-5.827406E-1
1.980000E1	4.266332E1	-5.578906E-1
1.983333E1	4.266963E1	-5.160815E-1
1.986667E1	4.267514E1	-4.794865E-1
1.990000E1	4.267108E1	-4.754688E-1
1.993333E1	4.269198E1	-4.484842E-1
1.996667E1	4.271297E1	-4.102902E-1
2.000000E1	4.278967E1	-3.980400E-1
2.003333E1	4.295288E1	-4.355384E-1
2.006667E1	4.301364E1	-4.314347E-1
2.010000E1	4.315190E1	-4.406437E-1
2.013333E1	4.327170E1	-4.761250E-1
2.016667E1	4.337263E1	-5.585374E-1
2.020000E1	4.348865E1	-6.194709E-1
2.023333E1	4.350682E1	-6.479629E-1
2.026667E1	4.355776E1	-6.929088E-1
2.030000E1	4.356983E1	-7.286393E-1
2.033333E1	4.359608E1	-7.681348E-1
2.036667E1	4.361372E1	-8.545292E-1
2.040000E1	4.362357E1	-8.740463E-1
2.043333E1	4.370728E1	-8.884464E-1
2.046667E1	4.374371E1	-8.881995E-1
2.050000E1	4.383156E1	-8.814399E-1
2.053333E1	4.394579E1	-8.499827E-1
2.056667E1	4.398121E1	-8.464607E-1
2.060000E1	4.409276E1	-7.973558E-1
2.063333E1	4.412235E1	-7.658031E-1
2.066667E1	4.417804E1	-7.215831E-1
2.070000E1	4.420907E1	-6.543993E-1
2.073333E1	4.418366E1	-6.298285E-1
2.076667E1	4.417406E1	-5.707551E-1
2.080000E1	4.417148E1	-5.394316E-1
2.083333E1	4.416631E1	-4.834673E-1
2.086667E1	4.416507E1	-4.366219E-1
2.090000E1	4.416983E1	-4.326754E-1
2.093333E1	4.417842E1	-4.061983E-1
2.096667E1	4.419641E1	-3.836986E-1
2.100000E1	4.425921E1	-3.437811E-1
2.103333E1	4.440927E1	-3.772618E-1
2.106667E1	4.446581E1	-3.728552E-1
2.110000E1	4.463392E1	-3.714254E-1
2.113333E1	4.473854E1	-4.120225E-1
2.116667E1	4.486985E1	-4.777633E-1
2.120000E1	4.502499E1	-5.600745E-1
2.123333E1	4.505754E1	-5.915821E-1
2.126667E1	4.513985E1	-6.267792E-1
2.130000E1	4.516205E1	-6.658140E-1
2.133333E1	4.520521E1	-7.244672E-1
2.136667E1	4.525028E1	-8.023091E-1
2.140000E1	4.527995E1	-8.188237E-1
2.143333E1	4.538787E1	-8.241003E-1
2.146667E1	4.542360E1	-8.690224E-1
2.150000E1	4.551409E1	-8.536542E-1
2.153333E1	4.566600E1	-8.381313E-1
2.156667E1	4.569967E1	-8.392586E-1
2.160000E1	4.581305E1	-7.861686E-1
2.163333E1	4.584155E1	-7.671422E-1
2.166667E1	4.589879E1	-7.289320E-1
2.170000E1	4.593171E1	-6.635312E-1
2.173333E1	4.590446E1	-6.345628E-1
2.176667E1	4.589756E1	-5.788008E-1
2.180000E1	4.589185E1	-5.535170E-1
2.183333E1	4.589833E1	-5.221208E-1
2.186667E1	4.588979E1	-4.756715E-1
2.190000E1	4.589564E1	-4.686323E-1
2.193333E1	4.591090E1	-4.311169E-1
2.196667E1	4.591983E1	-4.008319E-1
2.200000E1	4.599754E1	-3.903780E-1
2.203333E1	4.615541E1	-4.154519E-1
2.206667E1	4.620556E1	-4.324664E-1
2.210000E1	4.635102E1	-4.449510E-1
2.213333E1	4.648366E1	-4.792012E-1
2.216667E1	4.662191E1	-5.332271E-1
2.220000E1	4.677623E1	-5.980142E-1
2.223333E1	4.681331E1	-5.955400E-1
2.226667E1	4.691091E1	-6.075397E-1
2.230000E1	4.695186E1	-6.621167E-1
2.233333E1	4.700632E1	-7.150260E-1
2.236667E1	4.706255E1	-7.966839E-1
2.240000E1	4.706843E1	-8.334149E-1
2.243333E1	4.716872E1	-8.713435E-1
2.246667E1	4.723356E1	-8.956380E-1
2.250000E1	4.732718E1	-8.764383E-1
2.253333E1	4.745253E1	-8.440630E-1
2.256667E1	4.748264E1	-8.431466E-1
2.260000E1	4.756552E1	-8.249498E-1
2.263333E1	4.761078E1	-7.456549E-1
2.266667E1	4.764325E1	-7.075211E-1
2.270000E1	4.764152E1	-6.317190E-1
2.273333E1	4.762831E1	-6.175514E-1
2.276667E1	4.759700E1	-5.598416E-1
2.280000E1	4.760433E1	-5.361172E-1
2.283333E1	4.758715E1	-4.791484E-1
2.286667E1	4.755345E1	-4.634670E-1
2.290000E1	4.755428E1	-4.342136E-1
2.293333E1	4.755211E1	-4.069872E-1
2.296667E1	4.756029E1	-3.971730E-1
2.300000E1	4.763708E1	-3.595000E-1
2.303333E1	4.775415E1	-3.798908E-1
2.306667E1	4.784942E1	-3.907655E-1
2.310000E1	4.802134E1	-3.780051E-1
2.313333E1	4.810748E1	-3.933052E-1
2.316667E1	4.831304E1	-5.024012E-1
2.320000E1	4.843396E1	-5.500901E-1
2.323333E1	4.848951E1	-6.219050E-1
2.326667E1	4.857835E1	-6.664160E-1
2.330000E1	4.859397E1	-6.874805E-1
2.333333E1	4.865533E1	-7.988193E-1
2.336667E1	4.867782E1	-8.514049E-1
2.340000E1	4.872262E1	-8.953249E-1
2.343333E1	4.877829E1	-9.377570E-1
2.346667E1	4.880782E1	-9.540569E-1
2.350000E1	4.891881E1	-9.708258E-1
2.353333E1	4.897294E1	-9.293215E-1
2.356667E1	4.903716E1	-9.083555E-1
2.360000E1	4.909483E1	-9.031476E-1
2.363333E1	4.912135E1	-8.770615E-1
2.366667E1	4.915005E1	-8.093416E-1
2.370000E1	4.912922E1	-7.589509E-1
2.373333E1	4.910036E1	-7.407639E-1
2.376667E1	4.901769E1	-6.687824E-1
2.380000E1	4.899233E1	-6.412524E-1
2.383333E1	4.889436E1	-5.711952E-1
2.386667E1	4.885390E1	-5.383611E-1
2.390000E1	4.883723E1	-5.063994E-1
2.393333E1	4.881003E1	-4.851909E-1
2.396667E1	4.879102E1	-4.757228E-1
2.400000E1	4.881651E1	-4.316571E-1
2.403333E1	4.888561E1	-4.558882E-1
2.406667E1	4.893702E1	-4.572685E-1
2.410000E1	4.907717E1	-4.407735E-1
2.413333E1	4.915117E1	-4.639016E-1
2.416667E1	4.930371E1	-5.505449E-1
2.420000E1	4.938549E1	-5.773016E-1
2.423333E1	4.941955E1	-5.916513E-1
2.426667E1	4.947768E1	-6.079891E-1
2.430000E1	4.950500E1	-6.035466E-1
2.433333E1	4.952096E1	-6.761054E-1
2.436667E1	4.951194E1	-7.086831E-1
2.440000E1	4.952022E1	-7.365971E-1
2.443333E1	4.952071E1	-7.614028E-1
2.446667E1	4.952403E1	-7.976635E-1
2.450000E1	4.957819E1	-7.888978E-1
2.453333E1	4.960199E1	-7.768976E-1
2.456667E1	4.962266E1	-7.334189E-1
2.460000E1	4.963069E1	-6.894055E-1
2.463333E1	4.963474E1	-6.840972E-1
2.466667E1	4.962758E1	-6.116444E-1
2.470000E1	4.957755E1	-5.675164E-1
2.473333E1	4.951995E1	-5.348188E-1
2.476667E1	4.940439E1	-4.757067E-1
2.480000E1	4.939326E1	-4.654820E-1
2.483333E1	4.928170E1	-3.932256E-1
2.486667E1	4.921226E1	-3.483709E-1
2.490000E1	4.919394E1	-3.358005E-1
2.493333E1	4.914664E1	-3.117719E-1
2.496667E1	4.914370E1	-2.810021E-1
2.500000E1	4.921338E1	-2.421988E-1
2.503333E1	4.932345E1	-2.448869E-1
2.506667E1	4.942366E1	-2.507562E-1
2.510000E1	4.959205E1	-2.324601E-1
2.513333E1	4.964279E1	-2.671832E-1
2.516667E1	4.983851E1	-3.644347E-1
2.520000E1	4.996027E1	-4.130845E-1
2.523333E1	5.002202E1	-4.699773E-1
2.526667E1	5.011341E1	-5.252456E-1
2.530000E1	5.012999E1	-5.456082E-1
2.533333E1	5.021074E1	-6.560015E-1
2.536667E1	5.023599E1	-7.198733E-1
2.540000E1	5.025492E1	-7.738837E-1
2.543333E1	5.033357E1	-8.130958E-1
2.546667E1	5.036140E1	-8.285952E-1
2.550000E1	5.047577E1	-8.587279E-1
2.553333E1	5.052249E1	-8.510339E-1
2.556667E1	5.054153E1	-8.480863E-1
2.560000E1	5.061399E1	-8.213091E-1
2.563333E1	5.060477E1	-7.765932E-1
2.566667E1	5.058883E1	-7.178594E-1
2.570000E1	5.054223E1	-6.894344E-1
2.573333E1	5.048903E1	-6.553204E-1
2.576667E1	5.041940E1	-6.154053E-1
2.580000E1	5.040677E1	-5.901970E-1
2.583333E1	5.032589E1	-5.158658E-1
2.586667E1	5.025635E1	-4.890190E-1
2.590000E1	5.021290E1	-4.838076E-1
2.593333E1	5.017338E1	-4.535297E-1
2.596667E1	5.016155E1	-4.220631E-1
2.600000E1	5.020477E1	-3.907269E-1
2.603333E1	5.030162E1	-3.978016E-1
2.606667E1	5.036990E1	-4.379277E-1
2.610000E1	5.052742E1	-4.409508E-1
2.613333E1	5.061195E1	-4.649980E-1
2.616667E1	5.078315E1	-5.438779E-1
2.620000E1	5.088792E1	-6.068926E-1
2.623333E1	5.092260E1	-6.940767E-1
2.626667E1	5.102789E1	-7.239004E-1
2.630000E1	5.103981E1	-7.415437E-1
2.633333E1	5.105600E1	-8.368869E-1
2.636667E1	5.108065E1	-8.897846E-1
2.640000E1	5.109812E1	-9.068196E-1
2.643333E1	5.112011E1	-9.879822E-1
2.646667E1	5.112797E1	-9.994728E-1
2.650000E1	5.120735E1	-1.010061E0
2.653333E1	5.123759E1	-9.954098E-1
2.656667E1	5.123668E1	-9.847929E-1
2.660000E1	5.124162E1	-9.433735E-1
2.663333E1	5.122919E1	-9.043074E-1
2.666667E1	5.116427E1	-8.495940E-1
2.670000E1	5.109735E1	-8.061072E-1
2.673333E1	5.098866E1	-7.640246E-1
2.676667E1	5.088865E1	-6.809280E-1
2.680000E1	5.083102E1	-6.684635E-1
2.683333E1	5.067079E1	-5.843799E-1
2.686667E1	5.057087E1	-5.386556E-1
2.690000E1	5.052677E1	-5.040844E-1
2.693333E1	5.044384E1	-4.793336E-1
2.696667E1	5.042456E1	-4.441630E-1
2.700000E1	5.044620E1	-3.931379E-1
2.703333E1	5.050666E1	-4.113430E-1
2.706667E1	5.057786E1	-4.354851E-1
2.710000E1	5.072635E1	-4.348579E-1
2.713333E1	5.078286E1	-4.456580E-1
2.716667E1	5.093858E1	-5.572808E-1
2.720000E1	5.101926E1	-6.100044E-1
2.723333E1	5.105939E1	-6.086679E-1
2.726667E1	5.112356E1	-7.083873E-1
2.730000E1	5.115787E1	-7.260840E-1
2.733333E1	5.114938E1	-8.413990E-1
2.736667E1	5.115656E1	-8.924411E-1
2.740000E1	5.114483E1	-9.072937E-1
2.743333E1	5.114837E1	-9.746044E-1
2.746667E1	5.115886E1	-9.982536E-1
2.750000E1	5.117074E1	-1.009198E0
2.753333E1	5.115672E1	-9.876222E-1
2.756667E1	5.115745E1	-9.635891E-1
2.760000E1	5.113512E1	-8.860789E-1
2.763333E1	5.111989E1	-8.566580E-1
2.766667E1	5.098003E1	-7.598220E-1
2.770000E1	5.087829E1	-7.409630E-1
2.773333E1	5.075282E1	-6.964101E-1
2.776667E1	5.058733E1	-6.916674E-1
2.780000E1	5.053001E1	-6.356758E-1
2.783333E1	5.034095E1	-5.561062E-1
2.786667E1	5.023037E1	-5.152545E-1
2.790000E1	5.016130E1	-4.554191E-1
2.793333E1	5.005643E1	-4.221474E-1
2.796667E1	5.004469E1	-4.065723E-1
2.800000E1	5.007489E1	-3.774955E-1
2.803333E1	5.014024E1	-3.807606E-1
2.806667E1	5.020162E1	-3.692127E-1
2.810000E1	5.035379E1	-3.732948E-1
2.813333E1	5.041289E1	-4.013452E-1
2.816667E1	5.057604E1	-4.959465E-1
2.820000E1	5.066163E1	-5.477947E-1
2.823333E1	5.069618E1	-5.922445E-1
2.826667E1	5.075322E1	-6.498187E-1
2.830000E1	5.075908E1	-6.659278E-1
2.833333E1	5.078730E1	-7.017403E-1
2.836667E1	5.081112E1	-7.348067E-1
2.840000E1	5.080516E1	-7.339354E-1
2.843333E1	5.079594E1	-7.337725E-1
2.846667E1	5.078784E1	-7.273042E-1
2.850000E1	5.073525E1	-7.273392E-1
2.853333E1	5.071148E1	-7.188753E-1
2.856667E1	5.063934E1	-6.907104E-1
2.860000E1	5.054202E1	-6.376899E-1
2.863333E1	5.050554E1	-6.240870E-1
2.866667E1	5.040814E1	-5.540871E-1
2.870000E1	5.037225E1	-5.125007E-1
2.873333E1	5.033313E1	-4.698521E-1
2.876667E1	5.028258E1	-4.484633E-1
2.880000E1	5.027129E1	-4.293720E-1
2.883333E1	5.021740E1	-4.121909E-1
