	masse A		
t	x	y	
0.000000E0	-7.105427E-15	3.552714E-15
3.333333E-2	-4.174967E-3	-3.812667E-3
6.666667E-2	-1.012782E-2	-4.374885E-3
1.000000E-1	-3.127736E-2	-4.232005E-3
1.333333E-1	-6.047290E-2	-7.822165E-3
1.666667E-1	-1.225338E-1	-1.228312E-2
2.000000E-1	-2.444633E-1	-5.503841E-3
2.333333E-1	-2.717754E-1	-8.438219E-3
2.666667E-1	-3.953058E-1	-1.096237E-2
3.000000E-1	-4.457945E-1	-9.852573E-3
3.333333E-1	-5.183415E-1	-1.793024E-2
3.666667E-1	-5.489853E-1	-3.323629E-2
4.000000E-1	-5.606222E-1	-2.251723E-2
4.333333E-1	-5.236752E-1	-1.178733E-2
4.666667E-1	-4.780955E-1	-7.230503E-3
5.000000E-1	-3.900254E-1	4.416846E-4
5.333333E-1	-1.761693E-1	9.616788E-3
5.666667E-1	-5.770524E-2	4.218063E-3
6.000000E-1	1.891468E-1	1.086273E-2
6.333333E-1	3.063604E-1	1.228159E-2
6.666667E-1	4.562357E-1	2.309116E-2
7.000000E-1	6.758396E-1	2.222875E-2
7.333333E-1	7.351740E-1	1.214161E-2
7.666667E-1	8.853741E-1	9.718154E-3
8.000000E-1	9.769434E-1	3.315039E-2
8.333333E-1	1.074075E0	3.247675E-2
8.666667E-1	1.165771E0	6.941415E-2
9.000000E-1	1.168070E0	8.594689E-2
9.333333E-1	1.174911E0	8.698754E-2
9.666667E-1	1.168313E0	8.226142E-2
1.000000E0	1.160214E0	6.046253E-2
1.033333E0	1.120945E0	2.722010E-2
1.066667E0	1.107056E0	1.418449E-3
1.100000E0	1.010284E0	-1.562733E-2
1.133333E0	9.287447E-1	-3.809787E-2
1.166667E0	8.253628E-1	-8.670065E-2
1.200000E0	6.375555E-1	-1.417823E-1
1.233333E0	5.857961E-1	-1.595147E-1
1.266667E0	4.580741E-1	-1.754407E-1
1.300000E0	3.635992E-1	-2.303233E-1
1.333333E0	2.883756E-1	-2.610552E-1
1.366667E0	2.698035E-1	-3.250166E-1
1.400000E0	2.948096E-1	-3.551030E-1
1.433333E0	3.861679E-1	-3.617855E-1
1.466667E0	4.467933E-1	-3.767766E-1
1.500000E0	5.899250E-1	-3.678229E-1
1.533333E0	8.764789E-1	-3.585823E-1
1.566667E0	9.465860E-1	-3.588056E-1
1.600000E0	1.192196E0	-3.577636E-1
1.633333E0	1.426722E0	-3.308533E-1
1.666667E0	1.662588E0	-3.201898E-1
1.700000E0	1.946040E0	-2.872300E-1
1.733333E0	2.053356E0	-2.695988E-1
1.766667E0	2.295331E0	-2.846329E-1
1.800000E0	2.402890E0	-2.725343E-1
1.833333E0	2.526950E0	-2.642162E-1
1.866667E0	2.679398E0	-2.566063E-1
1.900000E0	2.697058E0	-2.616091E-1
1.933333E0	2.777808E0	-2.692606E-1
1.966667E0	2.813271E0	-2.688792E-1
2.000000E0	2.826960E0	-2.843938E-1
2.033333E0	2.823619E0	-3.035420E-1
2.066667E0	2.805631E0	-3.067729E-1
2.100000E0	2.771457E0	-3.117338E-1
2.133333E0	2.718966E0	-3.497678E-1
2.166667E0	2.639347E0	-4.010606E-1
2.200000E0	2.513998E0	-4.657669E-1
2.233333E0	2.481208E0	-4.493533E-1
2.266667E0	2.355355E0	-5.284436E-1
2.300000E0	2.272482E0	-5.495745E-1
2.333333E0	2.211598E0	-5.971875E-1
2.366667E0	2.161774E0	-6.859860E-1
2.400000E0	2.183966E0	-7.141008E-1
2.433333E0	2.282968E0	-7.240384E-1
2.466667E0	2.344879E0	-7.314642E-1
2.500000E0	2.429760E0	-7.240851E-1
2.533333E0	2.808299E0	-7.143920E-1
2.566667E0	2.888514E0	-7.112220E-1
2.600000E0	3.159214E0	-7.141609E-1
2.633333E0	3.404943E0	-6.725433E-1
2.666667E0	3.625165E0	-6.265082E-1
2.700000E0	3.942408E0	-5.903544E-1
2.733333E0	4.046557E0	-5.764464E-1
2.766667E0	4.250176E0	-5.718870E-1
2.800000E0	4.385912E0	-5.424447E-1
2.833333E0	4.631051E0	-5.079618E-1
2.866667E0	4.789459E0	-4.593250E-1
2.900000E0	4.829844E0	-4.420423E-1
2.933333E0	4.896682E0	-4.279722E-1
2.966667E0	4.932353E0	-4.120240E-1
3.000000E0	4.975805E0	-4.327354E-1
3.033333E0	4.989011E0	-4.484168E-1
3.066667E0	4.971190E0	-4.557816E-1
3.100000E0	4.940295E0	-4.866622E-1
3.133333E0	4.926098E0	-5.180523E-1
3.166667E0	4.859687E0	-5.556143E-1
3.200000E0	4.731475E0	-6.206396E-1
3.233333E0	4.699222E0	-6.524543E-1
3.266667E0	4.591570E0	-6.766800E-1
3.300000E0	4.525845E0	-7.306264E-1
3.333333E0	4.469728E0	-7.745466E-1
3.366667E0	4.445705E0	-8.398406E-1
3.400000E0	4.475153E0	-8.614397E-1
3.433333E0	4.589064E0	-8.626819E-1
3.466667E0	4.705915E0	-8.548806E-1
3.500000E0	4.883846E0	-8.546155E-1
3.533333E0	5.196304E0	-8.348914E-1
3.566667E0	5.306141E0	-8.474823E-1
3.600000E0	5.587875E0	-8.562895E-1
3.633333E0	5.861170E0	-7.485748E-1
3.666667E0	6.072146E0	-7.206343E-1
3.700000E0	6.420367E0	-6.683667E-1
3.733333E0	6.516051E0	-6.042451E-1
3.766667E0	6.749367E0	-5.752674E-1
3.800000E0	6.862850E0	-5.511073E-1
3.833333E0	7.043926E0	-5.345211E-1
3.866667E0	7.209260E0	-4.877254E-1
3.900000E0	7.247598E0	-4.749243E-1
3.933333E0	7.346860E0	-4.842641E-1
3.966667E0	7.385483E0	-4.739444E-1
4.000000E0	7.448031E0	-4.924805E-1
4.033333E0	7.501086E0	-5.075364E-1
4.066667E0	7.491970E0	-5.176379E-1
4.100000E0	7.477318E0	-5.315903E-1
4.133333E0	7.459000E0	-5.585350E-1
4.166667E0	7.422407E0	-6.074339E-1
4.200000E0	7.303420E0	-6.328091E-1
4.233333E0	7.278230E0	-6.536704E-1
4.266667E0	7.173347E0	-6.764217E-1
4.300000E0	7.101135E0	-7.145055E-1
4.333333E0	7.030998E0	-7.565132E-1
4.366667E0	7.029041E0	-7.998488E-1
4.400000E0	7.050349E0	-8.025167E-1
4.433333E0	7.151760E0	-7.966376E-1
4.466667E0	7.232228E0	-8.035206E-1
4.500000E0	7.402430E0	-7.843259E-1
4.533333E0	7.698579E0	-7.546849E-1
4.566667E0	7.788357E0	-7.673866E-1
4.600000E0	8.046692E0	-7.798554E-1
4.633333E0	8.277485E0	-6.974490E-1
4.666667E0	8.484375E0	-6.738888E-1
4.700000E0	8.761117E0	-6.142681E-1
4.733333E0	8.817042E0	-6.173251E-1
4.766667E0	9.087148E0	-5.254057E-1
4.800000E0	9.182358E0	-5.105873E-1
4.833333E0	9.318872E0	-4.812646E-1
4.866667E0	9.483654E0	-4.521834E-1
4.900000E0	9.507271E0	-4.398437E-1
4.933333E0	9.580600E0	-4.180729E-1
4.966667E0	9.620743E0	-3.901828E-1
5.000000E0	9.661287E0	-3.824842E-1
5.033333E0	9.685399E0	-3.725713E-1
5.066667E0	9.691845E0	-3.694061E-1
5.100000E0	9.684911E0	-3.804891E-1
5.133333E0	9.667922E0	-4.024899E-1
5.166667E0	9.619866E0	-4.516876E-1
5.200000E0	9.514591E0	-4.913604E-1
5.233333E0	9.470398E0	-4.991671E-1
5.266667E0	9.352054E0	-5.561138E-1
5.300000E0	9.311102E0	-5.777464E-1
5.333333E0	9.245941E0	-6.203769E-1
5.366667E0	9.236090E0	-6.694257E-1
5.400000E0	9.272371E0	-6.733024E-1
5.433333E0	9.383085E0	-6.634650E-1
5.466667E0	9.470286E0	-6.685315E-1
5.500000E0	9.630705E0	-6.483893E-1
5.533333E0	9.933030E0	-6.296096E-1
5.566667E0	1.002895E1	-6.311267E-1
5.600000E0	1.032225E1	-6.424049E-1
5.633333E0	1.055199E1	-5.928857E-1
5.666667E0	1.077745E1	-5.457915E-1
5.700000E0	1.108873E1	-5.074111E-1
5.733333E0	1.117139E1	-4.928139E-1
5.766667E0	1.137853E1	-4.923698E-1
5.800000E0	1.150518E1	-4.393184E-1
5.833333E0	1.163910E1	-4.083268E-1
5.866667E0	1.183393E1	-3.865010E-1
5.900000E0	1.188411E1	-3.717788E-1
5.933333E0	1.195791E1	-3.570953E-1
5.966667E0	1.199906E1	-3.363733E-1
6.000000E0	1.205837E1	-3.458394E-1
6.033333E0	1.212722E1	-3.526499E-1
6.066667E0	1.213965E1	-3.617807E-1
6.100000E0	1.214794E1	-3.764037E-1
6.133333E0	1.213633E1	-4.097799E-1
6.166667E0	1.211115E1	-4.374271E-1
6.200000E0	1.202758E1	-4.841354E-1
6.233333E0	1.199098E1	-4.963566E-1
6.266667E0	1.193150E1	-5.213139E-1
6.300000E0	1.185665E1	-5.634808E-1
6.333333E0	1.182582E1	-5.930096E-1
6.366667E0	1.182161E1	-6.391240E-1
6.400000E0	1.184971E1	-6.530620E-1
6.433333E0	1.193912E1	-6.546356E-1
6.466667E0	1.201589E1	-6.680140E-1
6.500000E0	1.217824E1	-6.394735E-1
6.533333E0	1.236616E1	-6.339616E-1
6.566667E0	1.245148E1	-6.383565E-1
6.600000E0	1.276356E1	-6.373244E-1
6.633333E0	1.293584E1	-5.964123E-1
6.666667E0	1.326771E1	-5.215011E-1
6.700000E0	1.345378E1	-4.899338E-1
6.733333E0	1.352668E1	-4.978995E-1
6.766667E0	1.380549E1	-3.830517E-1
6.800000E0	1.386246E1	-3.801036E-1
6.833333E0	1.409900E1	-3.409507E-1
6.866667E0	1.421289E1	-3.340812E-1
6.900000E0	1.426646E1	-3.424721E-1
6.933333E0	1.438602E1	-3.423476E-1
6.966667E0	1.440513E1	-3.256204E-1
7.000000E0	1.453375E1	-3.281000E-1
7.033333E0	1.457267E1	-3.422692E-1
7.066667E0	1.460425E1	-3.636709E-1
7.100000E0	1.463864E1	-3.803705E-1
7.133333E0	1.465544E1	-3.915817E-1
7.166667E0	1.463593E1	-4.400804E-1
7.200000E0	1.460343E1	-4.774966E-1
7.233333E0	1.456658E1	-5.030152E-1
7.266667E0	1.451734E1	-5.381148E-1
7.300000E0	1.448175E1	-5.490046E-1
7.333333E0	1.443160E1	-6.339465E-1
7.366667E0	1.442263E1	-6.853560E-1
7.400000E0	1.446075E1	-7.266194E-1
7.433333E0	1.455470E1	-7.339686E-1
7.466667E0	1.460899E1	-7.415869E-1
7.500000E0	1.483627E1	-7.226374E-1
7.533333E0	1.503000E1	-7.160948E-1
7.566667E0	1.513608E1	-7.114375E-1
7.600000E0	1.543214E1	-7.098231E-1
7.633333E0	1.558600E1	-6.762101E-1
7.666667E0	1.589043E1	-6.139485E-1
7.700000E0	1.606670E1	-5.776173E-1
7.733333E0	1.616051E1	-5.629548E-1
7.766667E0	1.634837E1	-5.596958E-1
7.800000E0	1.646576E1	-5.203106E-1
7.833333E0	1.668861E1	-4.647821E-1
7.866667E0	1.678626E1	-4.308581E-1
7.900000E0	1.684415E1	-4.334995E-1
7.933333E0	1.693007E1	-4.184027E-1
7.966667E0	1.696905E1	-4.093967E-1
8.000000E0	1.706733E1	-4.085886E-1
8.033333E0	1.711342E1	-4.207754E-1
8.066667E0	1.712057E1	-4.349875E-1
8.100000E0	1.712709E1	-4.759962E-1
8.133333E0	1.712338E1	-5.210353E-1
8.166667E0	1.707899E1	-5.696600E-1
8.200000E0	1.704164E1	-5.941123E-1
8.233333E0	1.699339E1	-5.953348E-1
8.266667E0	1.689784E1	-6.467225E-1
8.300000E0	1.686336E1	-6.601670E-1
8.333333E0	1.680696E1	-7.012641E-1
8.366667E0	1.674700E1	-7.714877E-1
8.400000E0	1.676748E1	-7.918145E-1
8.433333E0	1.682394E1	-8.086734E-1
8.466667E0	1.686264E1	-8.072686E-1
8.500000E0	1.706772E1	-7.809031E-1
8.533333E0	1.724111E1	-7.677708E-1
8.566667E0	1.732644E1	-7.724528E-1
8.600000E0	1.758362E1	-7.727500E-1
8.633333E0	1.772870E1	-7.039733E-1
8.666667E0	1.801940E1	-6.368298E-1
8.700000E0	1.817545E1	-5.965870E-1
8.733333E0	1.821340E1	-5.629114E-1
8.766667E0	1.839625E1	-5.496006E-1
8.800000E0	1.850492E1	-4.826754E-1
8.833333E0	1.868875E1	-4.421866E-1
8.866667E0	1.876711E1	-4.193467E-1
8.900000E0	1.879421E1	-4.146116E-1
8.933333E0	1.889551E1	-4.051016E-1
8.966667E0	1.893737E1	-3.763172E-1
9.000000E0	1.903736E1	-3.694785E-1
9.033333E0	1.909222E1	-3.592642E-1
9.066667E0	1.911687E1	-3.750612E-1
9.100000E0	1.914547E1	-3.864320E-1
9.133333E0	1.917060E1	-4.123151E-1
9.166667E0	1.915901E1	-4.883482E-1
9.200000E0	1.912215E1	-5.488634E-1
9.233333E0	1.909216E1	-5.796915E-1
9.266667E0	1.902568E1	-6.308676E-1
9.300000E0	1.901259E1	-6.496711E-1
9.333333E0	1.896610E1	-7.308400E-1
9.366667E0	1.895231E1	-7.716450E-1
9.400000E0	1.898777E1	-7.973022E-1
9.433333E0	1.908253E1	-8.125155E-1
9.466667E0	1.911596E1	-8.290671E-1
9.500000E0	1.925481E1	-8.290522E-1
9.533333E0	1.953549E1	-8.260392E-1
9.566667E0	1.963125E1	-7.938518E-1
9.600000E0	1.988788E1	-7.784784E-1
9.633333E0	2.004287E1	-7.339510E-1
9.666667E0	2.034899E1	-6.685668E-1
9.700000E0	2.048920E1	-6.278517E-1
9.733333E0	2.054934E1	-6.322862E-1
9.766667E0	2.079125E1	-5.303881E-1
9.800000E0	2.085775E1	-5.160586E-1
9.833333E0	2.103441E1	-4.640323E-1
9.866667E0	2.113766E1	-4.279333E-1
9.900000E0	2.118891E1	-4.146280E-1
9.933333E0	2.128862E1	-4.139837E-1
9.966667E0	2.131114E1	-3.971470E-1
1.000000E1	2.144162E1	-4.191146E-1
1.003333E1	2.149176E1	-4.322012E-1
1.006667E1	2.152096E1	-4.419278E-1
1.010000E1	2.159894E1	-4.526999E-1
1.013333E1	2.162567E1	-4.603811E-1
1.016667E1	2.162795E1	-5.347035E-1
1.020000E1	2.161008E1	-5.507717E-1
1.023333E1	2.160029E1	-5.791226E-1
1.026667E1	2.157482E1	-6.078254E-1
1.030000E1	2.153545E1	-6.170818E-1
1.033333E1	2.149819E1	-6.964828E-1
1.036667E1	2.148994E1	-7.389391E-1
1.040000E1	2.151467E1	-7.486780E-1
1.043333E1	2.160688E1	-7.639096E-1
1.046667E1	2.165439E1	-8.067131E-1
1.050000E1	2.188338E1	-7.816178E-1
1.053333E1	2.207145E1	-7.771579E-1
1.056667E1	2.216630E1	-7.711311E-1
1.060000E1	2.246008E1	-7.683649E-1
1.063333E1	2.261111E1	-7.035700E-1
1.066667E1	2.290719E1	-6.513486E-1
1.070000E1	2.306461E1	-6.079757E-1
1.073333E1	2.320114E1	-5.329212E-1
1.076667E1	2.335909E1	-5.092118E-1
1.080000E1	2.340243E1	-4.897460E-1
1.083333E1	2.359969E1	-4.286438E-1
1.086667E1	2.370795E1	-4.071753E-1
1.090000E1	2.378274E1	-3.943854E-1
1.093333E1	2.387875E1	-3.675295E-1
1.096667E1	2.390591E1	-3.453819E-1
1.100000E1	2.403847E1	-3.504318E-1
1.103333E1	2.412487E1	-3.647235E-1
1.106667E1	2.416927E1	-3.712272E-1
1.110000E1	2.423548E1	-3.877693E-1
1.113333E1	2.425168E1	-4.050993E-1
1.116667E1	2.425973E1	-4.845926E-1
1.120000E1	2.427328E1	-5.198378E-1
1.123333E1	2.425098E1	-5.392825E-1
1.126667E1	2.423323E1	-5.941192E-1
1.130000E1	2.419215E1	-6.132844E-1
1.133333E1	2.414721E1	-6.987952E-1
1.136667E1	2.414225E1	-7.450295E-1
1.140000E1	2.416949E1	-7.500588E-1
1.143333E1	2.425031E1	-7.513206E-1
1.146667E1	2.429169E1	-7.673095E-1
1.150000E1	2.450490E1	-7.582623E-1
1.153333E1	2.468172E1	-7.546805E-1
1.156667E1	2.482203E1	-7.304213E-1
1.160000E1	2.506580E1	-7.120838E-1
1.163333E1	2.515426E1	-7.057026E-1
1.166667E1	2.541508E1	-6.414317E-1
1.170000E1	2.557678E1	-5.995081E-1
1.173333E1	2.564558E1	-5.689633E-1
1.176667E1	2.577958E1	-5.451384E-1
1.180000E1	2.585239E1	-5.079680E-1
1.183333E1	2.600500E1	-4.428215E-1
1.186667E1	2.607427E1	-4.202419E-1
1.190000E1	2.611826E1	-4.090485E-1
1.193333E1	2.619486E1	-4.032542E-1
1.196667E1	2.624377E1	-3.852981E-1
1.200000E1	2.634566E1	-3.570564E-1
1.203333E1	2.640584E1	-3.546127E-1
1.206667E1	2.646001E1	-3.710847E-1
1.210000E1	2.651648E1	-3.842689E-1
1.213333E1	2.653293E1	-4.012188E-1
1.216667E1	2.652954E1	-4.636249E-1
1.220000E1	2.649652E1	-4.872117E-1
1.223333E1	2.648868E1	-5.090143E-1
1.226667E1	2.642738E1	-5.661358E-1
1.230000E1	2.642244E1	-5.804860E-1
1.233333E1	2.636512E1	-6.564017E-1
1.236667E1	2.635191E1	-6.878098E-1
1.240000E1	2.638821E1	-7.203491E-1
1.243333E1	2.647932E1	-7.267288E-1
1.246667E1	2.653071E1	-7.420738E-1
1.250000E1	2.675139E1	-7.239883E-1
1.253333E1	2.692395E1	-7.090552E-1
1.256667E1	2.700505E1	-7.056138E-1
1.260000E1	2.726013E1	-7.024643E-1
1.263333E1	2.739719E1	-6.553783E-1
1.266667E1	2.765164E1	-5.816237E-1
1.270000E1	2.779536E1	-5.492346E-1
1.273333E1	2.784541E1	-5.499360E-1
1.276667E1	2.806695E1	-4.534833E-1
1.280000E1	2.811596E1	-4.496050E-1
1.283333E1	2.825035E1	-4.065545E-1
1.286667E1	2.834994E1	-3.729665E-1
1.290000E1	2.839941E1	-3.720440E-1
1.293333E1	2.849406E1	-3.279609E-1
1.296667E1	2.853000E1	-3.236468E-1
1.300000E1	2.866417E1	-3.409768E-1
1.303333E1	2.875553E1	-3.520376E-1
1.306667E1	2.879975E1	-3.631854E-1
1.310000E1	2.890816E1	-3.772722E-1
1.313333E1	2.892895E1	-4.126348E-1
1.316667E1	2.896237E1	-4.877695E-1
1.320000E1	2.896471E1	-5.142785E-1
1.323333E1	2.896145E1	-5.297776E-1
1.326667E1	2.894296E1	-5.758180E-1
1.330000E1	2.894315E1	-5.915063E-1
1.333333E1	2.892446E1	-6.514793E-1
1.336667E1	2.893744E1	-7.023698E-1
1.340000E1	2.897093E1	-7.306018E-1
1.343333E1	2.907834E1	-7.363370E-1
1.346667E1	2.912453E1	-7.461942E-1
1.350000E1	2.935326E1	-7.183447E-1
1.353333E1	2.953334E1	-7.140807E-1
1.356667E1	2.962219E1	-7.079659E-1
1.360000E1	2.985532E1	-7.032778E-1
1.363333E1	3.001393E1	-6.599238E-1
1.366667E1	3.029111E1	-5.883994E-1
1.370000E1	3.044249E1	-5.474463E-1
1.373333E1	3.048541E1	-5.556249E-1
1.376667E1	3.068198E1	-4.555889E-1
1.380000E1	3.074052E1	-4.346513E-1
1.383333E1	3.089651E1	-3.829822E-1
1.386667E1	3.099106E1	-3.497750E-1
1.390000E1	3.102486E1	-3.368651E-1
1.393333E1	3.111250E1	-3.268949E-1
1.396667E1	3.115431E1	-3.006681E-1
1.400000E1	3.131281E1	-2.926590E-1
1.403333E1	3.140998E1	-3.020201E-1
1.406667E1	3.145725E1	-3.077873E-1
1.410000E1	3.157805E1	-3.111711E-1
1.413333E1	3.161484E1	-3.559871E-1
1.416667E1	3.166910E1	-4.184282E-1
1.420000E1	3.168796E1	-4.451546E-1
1.423333E1	3.168516E1	-4.528457E-1
1.426667E1	3.166948E1	-5.136714E-1
1.430000E1	3.167267E1	-5.263118E-1
1.433333E1	3.166305E1	-5.858238E-1
1.436667E1	3.167192E1	-6.344462E-1
1.440000E1	3.170325E1	-6.614614E-1
1.443333E1	3.181358E1	-6.645077E-1
1.446667E1	3.185827E1	-6.774950E-1
1.450000E1	3.208268E1	-6.583063E-1
1.453333E1	3.226357E1	-6.468683E-1
1.456667E1	3.236814E1	-6.307013E-1
1.460000E1	3.257179E1	-6.364759E-1
1.463333E1	3.266256E1	-6.110449E-1
1.466667E1	3.294529E1	-5.473757E-1
1.470000E1	3.309606E1	-5.211936E-1
1.473333E1	3.314772E1	-5.048895E-1
1.476667E1	3.325655E1	-4.737998E-1
1.480000E1	3.332530E1	-4.418714E-1
1.483333E1	3.341335E1	-3.981749E-1
1.486667E1	3.353451E1	-3.685006E-1
1.490000E1	3.356613E1	-3.614541E-1
1.493333E1	3.363193E1	-3.453903E-1
1.496667E1	3.368277E1	-3.071653E-1
1.500000E1	3.376022E1	-2.877231E-1
1.503333E1	3.388254E1	-2.994206E-1
1.506667E1	3.392487E1	-3.030938E-1
1.510000E1	3.400921E1	-3.043605E-1
1.513333E1	3.404970E1	-3.470686E-1
1.516667E1	3.407747E1	-3.993509E-1
1.520000E1	3.407789E1	-4.494365E-1
1.523333E1	3.405963E1	-4.488649E-1
1.526667E1	3.402766E1	-4.861094E-1
1.530000E1	3.401642E1	-5.181909E-1
1.533333E1	3.397545E1	-5.685802E-1
1.536667E1	3.394574E1	-6.197713E-1
1.540000E1	3.397792E1	-6.440983E-1
1.543333E1	3.404401E1	-6.606861E-1
1.546667E1	3.411166E1	-6.673004E-1
1.550000E1	3.422604E1	-6.548417E-1
1.553333E1	3.442170E1	-6.319069E-1
1.556667E1	3.446517E1	-6.274056E-1
1.560000E1	3.462546E1	-6.312197E-1
1.563333E1	3.478290E1	-5.596637E-1
1.566667E1	3.491986E1	-5.217251E-1
1.570000E1	3.507827E1	-4.507474E-1
1.573333E1	3.509043E1	-4.312338E-1
1.576667E1	3.518315E1	-3.537159E-1
1.580000E1	3.521363E1	-3.367177E-1
1.583333E1	3.528584E1	-3.006052E-1
1.586667E1	3.533564E1	-2.615080E-1
1.590000E1	3.535388E1	-2.611996E-1
1.593333E1	3.541588E1	-2.372302E-1
1.596667E1	3.543740E1	-2.009256E-1
1.600000E1	3.549989E1	-1.947221E-1
1.603333E1	3.561117E1	-2.089030E-1
1.606667E1	3.565077E1	-2.179858E-1
1.610000E1	3.573426E1	-2.342846E-1
1.613333E1	3.577158E1	-2.722923E-1
1.616667E1	3.578379E1	-3.351837E-1
1.620000E1	3.579033E1	-3.898992E-1
1.623333E1	3.577773E1	-3.844795E-1
1.626667E1	3.574268E1	-4.227978E-1
1.630000E1	3.574342E1	-4.466924E-1
1.633333E1	3.569977E1	-5.006389E-1
1.636667E1	3.566821E1	-5.777713E-1
1.640000E1	3.567423E1	-5.820951E-1
1.643333E1	3.575663E1	-5.931575E-1
1.646667E1	3.582054E1	-6.085036E-1
1.650000E1	3.594987E1	-6.008539E-1
1.653333E1	3.616107E1	-5.758823E-1
1.656667E1	3.619876E1	-5.707454E-1
1.660000E1	3.636103E1	-5.653123E-1
1.663333E1	3.652824E1	-5.237432E-1
1.666667E1	3.665830E1	-4.662266E-1
1.670000E1	3.678613E1	-4.096170E-1
1.673333E1	3.680443E1	-4.082856E-1
1.676667E1	3.690853E1	-3.322592E-1
1.680000E1	3.693352E1	-3.331105E-1
1.683333E1	3.700224E1	-3.027277E-1
1.686667E1	3.706063E1	-2.667198E-1
1.690000E1	3.707231E1	-2.627767E-1
1.693333E1	3.713469E1	-2.355624E-1
1.696667E1	3.715967E1	-2.041946E-1
1.700000E1	3.721523E1	-2.059761E-1
1.703333E1	3.733992E1	-2.211203E-1
1.706667E1	3.737776E1	-2.269427E-1
1.710000E1	3.744984E1	-2.490819E-1
1.713333E1	3.748679E1	-2.738364E-1
1.716667E1	3.750815E1	-3.346449E-1
1.720000E1	3.751598E1	-3.918266E-1
1.723333E1	3.750215E1	-3.913007E-1
1.726667E1	3.746545E1	-3.984106E-1
1.730000E1	3.745439E1	-4.585562E-1
1.733333E1	3.739005E1	-5.089561E-1
1.736667E1	3.735030E1	-5.749901E-1
1.740000E1	3.736920E1	-5.896278E-1
1.743333E1	3.747093E1	-5.973774E-1
1.746667E1	3.751489E1	-6.116998E-1
1.750000E1	3.763343E1	-6.171193E-1
1.753333E1	3.784358E1	-5.903173E-1
1.756667E1	3.792130E1	-5.744516E-1
1.760000E1	3.807556E1	-5.640284E-1
1.763333E1	3.820232E1	-5.008016E-1
1.766667E1	3.832979E1	-4.502607E-1
1.770000E1	3.844838E1	-3.930881E-1
1.773333E1	3.845807E1	-3.659662E-1
1.776667E1	3.849247E1	-3.234256E-1
1.780000E1	3.855301E1	-2.991534E-1
1.783333E1	3.859880E1	-2.658804E-1
1.786667E1	3.864613E1	-2.470200E-1
1.790000E1	3.865495E1	-2.223928E-1
1.793333E1	3.870217E1	-1.974439E-1
1.796667E1	3.874214E1	-1.863321E-1
1.800000E1	3.880871E1	-2.105690E-1
1.803333E1	3.892089E1	-2.163952E-1
1.806667E1	3.895751E1	-2.318282E-1
1.810000E1	3.904495E1	-2.504020E-1
1.813333E1	3.908955E1	-2.947010E-1
1.816667E1	3.910426E1	-3.397414E-1
1.820000E1	3.909386E1	-3.999542E-1
1.823333E1	3.908006E1	-4.278911E-1
1.826667E1	3.906566E1	-4.586887E-1
1.830000E1	3.903377E1	-5.095755E-1
1.833333E1	3.899263E1	-5.589080E-1
1.836667E1	3.900707E1	-6.194541E-1
1.840000E1	3.902753E1	-6.493806E-1
1.843333E1	3.912330E1	-6.563308E-1
1.846667E1	3.918378E1	-6.687878E-1
1.850000E1	3.929501E1	-6.545898E-1
1.853333E1	3.949892E1	-6.251583E-1
1.856667E1	3.956249E1	-6.278834E-1
1.860000E1	3.972879E1	-6.329515E-1
1.863333E1	3.985772E1	-5.542205E-1
1.866667E1	3.996475E1	-5.268412E-1
1.870000E1	4.007233E1	-4.536962E-1
1.873333E1	4.009711E1	-4.244653E-1
1.876667E1	4.015746E1	-3.680771E-1
1.880000E1	4.019217E1	-3.493858E-1
1.883333E1	4.022504E1	-3.094560E-1
1.886667E1	4.027635E1	-2.775601E-1
1.890000E1	4.029659E1	-2.672558E-1
1.893333E1	4.035316E1	-2.335470E-1
1.896667E1	4.039793E1	-2.108786E-1
1.900000E1	4.047501E1	-2.291806E-1
1.903333E1	4.058871E1	-2.391460E-1
1.906667E1	4.063485E1	-2.410941E-1
1.910000E1	4.073572E1	-2.447733E-1
1.913333E1	4.078878E1	-3.016946E-1
1.916667E1	4.080886E1	-3.433755E-1
1.920000E1	4.082993E1	-4.049555E-1
1.923333E1	4.081667E1	-4.338805E-1
1.926667E1	4.078468E1	-4.803252E-1
1.930000E1	4.078248E1	-5.177609E-1
1.933333E1	4.076137E1	-5.812199E-1
1.936667E1	4.076864E1	-6.528664E-1
1.940000E1	4.078019E1	-6.523004E-1
1.943333E1	4.088993E1	-6.625461E-1
1.946667E1	4.095978E1	-6.673076E-1
1.950000E1	4.107473E1	-6.572563E-1
1.953333E1	4.127894E1	-6.335354E-1
1.956667E1	4.136063E1	-6.317820E-1
1.960000E1	4.151826E1	-6.306812E-1
1.963333E1	4.162263E1	-5.788350E-1
1.966667E1	4.168940E1	-5.533818E-1
1.970000E1	4.177359E1	-5.108554E-1
1.973333E1	4.177665E1	-4.841661E-1
1.976667E1	4.183946E1	-4.592363E-1
1.980000E1	4.186136E1	-4.044692E-1
1.983333E1	4.189828E1	-3.817448E-1
1.986667E1	4.192353E1	-3.475598E-1
1.990000E1	4.194676E1	-3.409491E-1
1.993333E1	4.198582E1	-3.252339E-1
1.996667E1	4.201029E1	-3.023569E-1
2.000000E1	4.208105E1	-3.105502E-1
2.003333E1	4.218784E1	-3.168558E-1
2.006667E1	4.221597E1	-3.209026E-1
2.010000E1	4.229041E1	-3.694320E-1
2.013333E1	4.232345E1	-4.017850E-1
2.016667E1	4.233072E1	-4.594320E-1
2.020000E1	4.230112E1	-5.102843E-1
2.023333E1	4.229353E1	-5.225818E-1
2.026667E1	4.221112E1	-5.480011E-1
2.030000E1	4.218505E1	-5.939468E-1
2.033333E1	4.210956E1	-6.228892E-1
2.036667E1	4.207902E1	-6.719255E-1
2.040000E1	4.209209E1	-6.659572E-1
2.043333E1	4.211572E1	-6.756114E-1
2.046667E1	4.212647E1	-6.801246E-1
2.050000E1	4.219354E1	-6.647289E-1
2.053333E1	4.237117E1	-6.271211E-1
2.056667E1	4.240955E1	-6.311286E-1
2.060000E1	4.252363E1	-6.053781E-1
2.063333E1	4.255676E1	-5.578493E-1
2.066667E1	4.261699E1	-5.158667E-1
2.070000E1	4.261986E1	-4.495851E-1
2.073333E1	4.260485E1	-4.231689E-1
2.076667E1	4.258810E1	-3.723438E-1
2.080000E1	4.257589E1	-3.327449E-1
2.083333E1	4.255387E1	-3.069469E-1
2.086667E1	4.250584E1	-2.625805E-1
2.090000E1	4.250154E1	-2.603063E-1
2.093333E1	4.249180E1	-2.163131E-1
2.096667E1	4.247594E1	-1.916410E-1
2.100000E1	4.249106E1	-2.176238E-1
2.103333E1	4.251614E1	-2.080930E-1
2.106667E1	4.253798E1	-2.311391E-1
2.110000E1	4.253836E1	-2.641404E-1
2.113333E1	4.254170E1	-3.041751E-1
2.116667E1	4.249365E1	-3.406460E-1
2.120000E1	4.240748E1	-4.153650E-1
2.123333E1	4.236123E1	-4.244766E-1
2.126667E1	4.225205E1	-4.459164E-1
2.130000E1	4.213218E1	-5.104804E-1
2.133333E1	4.201441E1	-5.284924E-1
2.136667E1	4.192006E1	-5.534497E-1
2.140000E1	4.191738E1	-5.782037E-1
2.143333E1	4.189231E1	-5.850754E-1
2.146667E1	4.189713E1	-5.866802E-1
2.150000E1	4.193177E1	-5.683962E-1
2.153333E1	4.202455E1	-5.458132E-1
2.156667E1	4.205970E1	-5.369041E-1
2.160000E1	4.210962E1	-4.848684E-1
2.163333E1	4.214811E1	-4.387176E-1
2.166667E1	4.214750E1	-4.059813E-1
2.170000E1	4.211544E1	-3.447155E-1
2.173333E1	4.208381E1	-3.266464E-1
2.176667E1	4.201566E1	-2.601807E-1
2.180000E1	4.199336E1	-2.475273E-1
2.183333E1	4.193974E1	-1.933432E-1
2.186667E1	4.186160E1	-1.674211E-1
2.190000E1	4.184634E1	-1.373178E-1
2.193333E1	4.179055E1	-9.697979E-2
2.196667E1	4.179294E1	-6.213975E-2
2.200000E1	4.181277E1	-7.953118E-2
2.203333E1	4.183978E1	-7.767265E-2
2.206667E1	4.184270E1	-8.454575E-2
2.210000E1	4.183467E1	-1.341746E-1
2.213333E1	4.182399E1	-1.656606E-1
2.216667E1	4.178678E1	-2.105790E-1
2.220000E1	4.168883E1	-2.939255E-1
2.223333E1	4.165434E1	-2.995909E-1
2.226667E1	4.154656E1	-3.171796E-1
2.230000E1	4.142799E1	-3.694109E-1
2.233333E1	4.132418E1	-4.236458E-1
2.236667E1	4.121467E1	-4.769208E-1
2.240000E1	4.121607E1	-5.030304E-1
2.243333E1	4.122633E1	-5.232778E-1
2.246667E1	4.123758E1	-5.218538E-1
2.250000E1	4.128150E1	-5.026875E-1
2.253333E1	4.139086E1	-4.780046E-1
2.256667E1	4.140788E1	-4.828618E-1
2.260000E1	4.149301E1	-4.008721E-1
2.263333E1	4.151894E1	-4.010974E-1
2.266667E1	4.153601E1	-3.681847E-1
2.270000E1	4.151627E1	-2.854958E-1
2.273333E1	4.150660E1	-2.700727E-1
2.276667E1	4.148240E1	-2.260901E-1
2.280000E1	4.144881E1	-1.928725E-1
2.283333E1	4.142489E1	-1.602406E-1
2.286667E1	4.138163E1	-1.290600E-1
2.290000E1	4.136597E1	-1.156479E-1
2.293333E1	4.137635E1	-8.742286E-2
2.296667E1	4.138275E1	-5.698119E-2
2.300000E1	4.142901E1	-7.855650E-2
2.303333E1	4.152920E1	-8.464856E-2
2.306667E1	4.155650E1	-1.034264E-1
2.310000E1	4.160739E1	-1.774407E-1
2.313333E1	4.164246E1	-2.061041E-1
2.316667E1	4.165922E1	-2.705482E-1
2.320000E1	4.166562E1	-3.214220E-1
2.323333E1	4.165086E1	-3.372273E-1
2.326667E1	4.162714E1	-4.375752E-1
2.330000E1	4.159532E1	-4.500467E-1
2.333333E1	4.151713E1	-5.378686E-1
2.336667E1	4.150406E1	-5.790899E-1
2.340000E1	4.152593E1	-5.992299E-1
2.343333E1	4.156813E1	-6.416440E-1
2.346667E1	4.161249E1	-6.688215E-1
2.350000E1	4.174405E1	-6.618625E-1
2.353333E1	4.185639E1	-6.396654E-1
2.356667E1	4.192615E1	-6.310094E-1
2.360000E1	4.206313E1	-6.143724E-1
2.363333E1	4.211957E1	-6.069546E-1
2.366667E1	4.221203E1	-5.233707E-1
2.370000E1	4.224421E1	-4.827897E-1
2.373333E1	4.224400E1	-4.751301E-1
2.376667E1	4.225852E1	-4.339634E-1
2.380000E1	4.226078E1	-4.149237E-1
2.383333E1	4.226075E1	-3.684117E-1
2.386667E1	4.226535E1	-3.622203E-1
2.390000E1	4.225717E1	-3.450268E-1
2.393333E1	4.227140E1	-3.186086E-1
2.396667E1	4.227718E1	-2.918180E-1
2.400000E1	4.237576E1	-2.988397E-1
2.403333E1	4.247130E1	-2.993938E-1
2.406667E1	4.252426E1	-3.099928E-1
2.410000E1	4.264090E1	-3.139112E-1
2.413333E1	4.267607E1	-3.491797E-1
2.416667E1	4.276255E1	-4.378504E-1
2.420000E1	4.277395E1	-4.814706E-1
2.423333E1	4.276914E1	-5.257179E-1
2.426667E1	4.275713E1	-5.664584E-1
2.430000E1	4.275411E1	-5.935089E-1
2.433333E1	4.272696E1	-6.600614E-1
2.436667E1	4.273776E1	-7.015807E-1
2.440000E1	4.276842E1	-7.302637E-1
2.443333E1	4.285913E1	-7.380955E-1
2.446667E1	4.289805E1	-7.635084E-1
2.450000E1	4.306725E1	-7.734107E-1
2.453333E1	4.319887E1	-7.507323E-1
2.456667E1	4.329324E1	-6.921331E-1
2.460000E1	4.344915E1	-6.929951E-1
2.463333E1	4.350015E1	-6.594049E-1
2.466667E1	4.364437E1	-5.817363E-1
2.470000E1	4.371170E1	-5.478757E-1
2.473333E1	4.373466E1	-5.276348E-1
2.476667E1	4.380156E1	-4.635189E-1
2.480000E1	4.382728E1	-4.324407E-1
2.483333E1	4.387791E1	-3.630221E-1
2.486667E1	4.391313E1	-3.540446E-1
2.490000E1	4.392283E1	-3.492921E-1
2.493333E1	4.398318E1	-3.176864E-1
2.496667E1	4.400218E1	-2.677459E-1
2.500000E1	4.417091E1	-2.734433E-1
2.503333E1	4.430461E1	-2.888754E-1
2.506667E1	4.440549E1	-2.985952E-1
2.510000E1	4.455974E1	-3.016608E-1
2.513333E1	4.460741E1	-3.378276E-1
2.516667E1	4.474563E1	-4.315185E-1
2.520000E1	4.484183E1	-4.661830E-1
2.523333E1	4.487171E1	-4.590951E-1
2.526667E1	4.490873E1	-5.449193E-1
2.530000E1	4.492871E1	-5.669579E-1
2.533333E1	4.497368E1	-6.266962E-1
2.536667E1	4.498437E1	-6.924126E-1
2.540000E1	4.502928E1	-7.137117E-1
2.543333E1	4.516491E1	-7.271781E-1
2.546667E1	4.522724E1	-7.391184E-1
2.550000E1	4.546046E1	-7.219135E-1
2.553333E1	4.560626E1	-7.095596E-1
2.556667E1	4.573872E1	-6.866067E-1
2.560000E1	4.588156E1	-6.916497E-1
2.563333E1	4.591255E1	-6.897592E-1
2.566667E1	4.605813E1	-6.099638E-1
2.570000E1	4.610821E1	-5.683683E-1
2.573333E1	4.613426E1	-5.557832E-1
2.576667E1	4.618299E1	-4.852669E-1
2.580000E1	4.620138E1	-4.763088E-1
2.583333E1	4.626663E1	-4.268459E-1
2.586667E1	4.629799E1	-4.151041E-1
2.590000E1	4.633693E1	-4.121602E-1
2.593333E1	4.641516E1	-3.989576E-1
2.596667E1	4.643957E1	-3.752771E-1
2.600000E1	4.654973E1	-3.534776E-1
2.603333E1	4.674573E1	-3.678619E-1
2.606667E1	4.690556E1	-4.100875E-1
2.610000E1	4.704993E1	-4.372363E-1
2.613333E1	4.710311E1	-4.473314E-1
2.616667E1	4.727752E1	-5.141391E-1
2.620000E1	4.736641E1	-5.476800E-1
2.623333E1	4.743800E1	-5.918209E-1
2.626667E1	4.751670E1	-6.118469E-1
2.630000E1	4.754612E1	-6.141650E-1
2.633333E1	4.761471E1	-7.224078E-1
2.636667E1	4.766242E1	-7.551663E-1
2.640000E1	4.774217E1	-7.710814E-1
2.643333E1	4.785562E1	-8.033176E-1
2.646667E1	4.790026E1	-8.104229E-1
2.650000E1	4.808763E1	-8.028471E-1
2.653333E1	4.825131E1	-7.794699E-1
2.656667E1	4.837593E1	-7.690946E-1
2.660000E1	4.853694E1	-7.514607E-1
2.663333E1	4.856093E1	-7.212276E-1
2.666667E1	4.868896E1	-6.586342E-1
2.670000E1	4.872282E1	-6.207366E-1
2.673333E1	4.872795E1	-6.031340E-1
2.676667E1	4.872246E1	-5.574119E-1
2.680000E1	4.872439E1	-5.357952E-1
2.683333E1	4.875617E1	-4.553432E-1
2.686667E1	4.878156E1	-4.190588E-1
2.690000E1	4.879288E1	-4.116011E-1
2.693333E1	4.883433E1	-3.829754E-1
2.696667E1	4.885825E1	-3.529018E-1
2.700000E1	4.899265E1	-3.357975E-1
2.703333E1	4.909916E1	-3.643919E-1
2.706667E1	4.922392E1	-3.843463E-1
2.710000E1	4.938363E1	-3.835174E-1
2.713333E1	4.945095E1	-3.895131E-1
2.716667E1	4.961900E1	-4.527140E-1
2.720000E1	4.968374E1	-4.687568E-1
2.723333E1	4.973906E1	-4.823382E-1
2.726667E1	4.979171E1	-5.219756E-1
2.730000E1	4.979284E1	-5.229751E-1
2.733333E1	4.979997E1	-6.120306E-1
2.736667E1	4.982079E1	-6.541653E-1
2.740000E1	4.987271E1	-6.718719E-1
2.743333E1	4.993852E1	-6.800713E-1
2.746667E1	4.996072E1	-6.827350E-1
2.750000E1	5.013805E1	-6.632677E-1
2.753333E1	5.022499E1	-6.475453E-1
2.756667E1	5.027123E1	-6.337967E-1
2.760000E1	5.040294E1	-5.969756E-1
2.763333E1	5.043725E1	-5.722232E-1
2.766667E1	5.051121E1	-5.224770E-1
2.770000E1	5.049653E1	-4.936132E-1
2.773333E1	5.048554E1	-4.724586E-1
2.776667E1	5.047967E1	-4.090791E-1
2.780000E1	5.048324E1	-3.945737E-1
2.783333E1	5.046704E1	-3.387322E-1
2.786667E1	5.045838E1	-3.346427E-1
2.790000E1	5.047431E1	-3.272504E-1
2.793333E1	5.048893E1	-3.036069E-1
2.796667E1	5.049707E1	-2.748101E-1
2.800000E1	5.060212E1	-2.898067E-1
2.803333E1	5.068165E1	-3.079611E-1
2.806667E1	5.080523E1	-3.408955E-1
2.810000E1	5.091770E1	-3.735219E-1
2.813333E1	5.095185E1	-3.902024E-1
2.816667E1	5.105383E1	-4.657119E-1
2.820000E1	5.108914E1	-4.918984E-1
2.823333E1	5.108914E1	-5.168086E-1
2.826667E1	5.108407E1	-5.573170E-1
2.830000E1	5.107203E1	-5.836226E-1
2.833333E1	5.103042E1	-6.475480E-1
2.836667E1	5.104826E1	-6.932988E-1
2.840000E1	5.105900E1	-7.231634E-1
2.843333E1	5.107762E1	-7.432722E-1
2.846667E1	5.108803E1	-7.444530E-1
2.850000E1	5.117001E1	-7.265933E-1
2.853333E1	5.120904E1	-7.081769E-1
2.856667E1	5.123243E1	-7.024033E-1
2.860000E1	5.128290E1	-6.493001E-1
2.863333E1	5.128908E1	-6.300904E-1
2.866667E1	5.127494E1	-5.831053E-1
2.870000E1	5.122011E1	-5.532806E-1
2.873333E1	5.118178E1	-5.461149E-1
2.876667E1	5.108534E1	-4.651055E-1
2.880000E1	5.105200E1	-4.415103E-1
2.883333E1	5.094499E1	-3.853154E-1
2.886667E1	5.088454E1	-3.440774E-1
2.890000E1	5.085885E1	-3.205080E-1
2.893333E1	5.080678E1	-2.805217E-1
2.896667E1	5.079315E1	-2.671984E-1
2.900000E1	5.083281E1	-2.795387E-1
2.903333E1	5.089842E1	-2.902599E-1
2.906667E1	5.094919E1	-3.066603E-1
2.910000E1	5.102807E1	-3.259027E-1
2.913333E1	5.106685E1	-3.376136E-1
2.916667E1	5.109969E1	-4.415337E-1
2.920000E1	5.109017E1	-4.687737E-1
2.923333E1	5.106551E1	-4.724702E-1
2.926667E1	5.103911E1	-5.360100E-1
2.930000E1	5.101174E1	-5.573043E-1
2.933333E1	5.088629E1	-6.258180E-1
2.936667E1	5.085804E1	-6.801293E-1
2.940000E1	5.080561E1	-7.002931E-1
2.943333E1	5.078610E1	-7.316162E-1
2.946667E1	5.078582E1	-7.337433E-1
2.950000E1	5.078965E1	-7.142756E-1
2.953333E1	5.079473E1	-7.021069E-1
2.956667E1	5.079825E1	-6.825988E-1
2.960000E1	5.078638E1	-6.182949E-1
2.963333E1	5.078156E1	-6.034559E-1
2.966667E1	5.069618E1	-5.264720E-1
2.970000E1	5.061493E1	-4.706252E-1
2.973333E1	5.053399E1	-4.657365E-1
2.976667E1	5.041904E1	-4.044444E-1
2.980000E1	5.037249E1	-3.734189E-1
2.983333E1	5.021171E1	-3.005728E-1
2.986667E1	5.010147E1	-2.794956E-1
2.990000E1	5.007247E1	-2.684479E-1
2.993333E1	5.000270E1	-2.296308E-1
2.996667E1	4.998929E1	-2.042114E-1
3.000000E1	5.001784E1	-2.189325E-1
3.003333E1	5.006417E1	-2.129964E-1
3.006667E1	5.011714E1	-2.362797E-1
3.010000E1	5.021410E1	-2.550475E-1
3.013333E1	5.022308E1	-3.040781E-1
3.016667E1	5.027129E1	-3.716375E-1
3.020000E1	5.028686E1	-4.203092E-1
3.023333E1	5.028410E1	-4.468065E-1
3.026667E1	5.027338E1	-4.796916E-1
3.030000E1	5.027099E1	-5.071713E-1
3.033333E1	5.025878E1	-5.280430E-1
3.036667E1	5.026060E1	-5.315161E-1
3.040000E1	5.025995E1	-5.219383E-1
3.043333E1	5.024363E1	-5.204062E-1
3.046667E1	5.024439E1	-5.185753E-1
3.050000E1	5.017714E1	-5.102720E-1
3.053333E1	5.012122E1	-4.937136E-1
3.056667E1	5.009437E1	-4.828963E-1
3.060000E1	5.001149E1	-4.362175E-1
