	masse A		
t	x	y	
0.000000E0	-1.424302E-2	3.552714E-15
3.333333E-2	-1.804220E-2	-4.443430E-4
6.666667E-2	-1.705136E-2	-7.640831E-4
1.000000E-1	-2.022616E-2	-2.134825E-4
1.333333E-1	-2.331734E-2	-2.126979E-3
1.666667E-1	-3.702542E-2	-9.108684E-4
2.000000E-1	-9.049429E-2	-1.290980E-3
2.333333E-1	-1.351890E-1	-4.202790E-3
2.666667E-1	-1.952330E-1	-7.958460E-3
3.000000E-1	-2.522605E-1	-7.465991E-3
3.333333E-1	-3.306661E-1	-2.832544E-3
3.666667E-1	-4.477369E-1	-1.516906E-2
4.000000E-1	-4.706348E-1	-1.137014E-2
4.333333E-1	-5.178985E-1	-2.268908E-2
4.666667E-1	-5.723476E-1	-4.661564E-2
5.000000E-1	-5.755940E-1	-6.062501E-2
5.333333E-1	-5.180683E-1	-6.171534E-2
5.666667E-1	-4.714655E-1	-7.189307E-2
6.000000E-1	-3.371357E-1	-7.205769E-2
6.333333E-1	-2.371967E-1	-7.369305E-2
6.666667E-1	-7.067666E-2	-7.603933E-2
7.000000E-1	2.063299E-1	-6.267600E-2
7.333333E-1	2.945538E-1	-6.701976E-2
7.666667E-1	4.987885E-1	-6.703678E-2
8.000000E-1	5.938822E-1	-6.464343E-2
8.333333E-1	7.196097E-1	-6.016674E-2
8.666667E-1	8.862900E-1	-4.942558E-2
9.000000E-1	9.562482E-1	-5.902538E-2
9.333333E-1	1.078541E0	-5.843440E-2
9.666667E-1	1.132911E0	-2.947861E-2
1.000000E0	1.160715E0	1.492987E-2
1.033333E0	1.183680E0	4.128145E-2
1.066667E0	1.195170E0	5.095750E-2
1.100000E0	1.183791E0	4.185278E-2
1.133333E0	1.181799E0	4.320161E-2
1.166667E0	1.147617E0	2.531946E-2
1.200000E0	1.035032E0	-3.328165E-2
1.233333E0	9.853844E-1	-4.099435E-2
1.266667E0	8.416827E-1	-7.843034E-2
1.300000E0	7.522035E-1	-1.030975E-1
1.333333E0	6.409279E-1	-1.405069E-1
1.366667E0	4.680907E-1	-2.105360E-1
1.400000E0	4.588467E-1	-2.236356E-1
1.433333E0	3.735991E-1	-2.984266E-1
1.466667E0	3.342408E-1	-3.247377E-1
1.500000E0	3.613783E-1	-3.826337E-1
1.533333E0	4.760756E-1	-4.038729E-1
1.566667E0	5.236945E-1	-4.219056E-1
1.600000E0	6.421157E-1	-4.272380E-1
1.633333E0	7.390348E-1	-4.348045E-1
1.666667E0	1.005315E0	-4.239890E-1
1.700000E0	1.185893E0	-4.143827E-1
1.733333E0	1.328247E0	-4.207101E-1
1.766667E0	1.587430E0	-4.223005E-1
1.800000E0	1.671941E0	-4.116976E-1
1.833333E0	1.903915E0	-4.010608E-1
1.866667E0	2.062737E0	-4.071986E-1
1.900000E0	2.160050E0	-4.144562E-1
1.933333E0	2.293344E0	-4.146540E-1
1.966667E0	2.338475E0	-4.040460E-1
2.000000E0	2.440995E0	-3.919736E-1
2.033333E0	2.449398E0	-3.624519E-1
2.066667E0	2.443198E0	-3.563162E-1
2.100000E0	2.434121E0	-3.620102E-1
2.133333E0	2.428754E0	-3.703126E-1
2.166667E0	2.392342E0	-3.819111E-1
2.200000E0	2.323812E0	-4.066398E-1
2.233333E0	2.279506E0	-4.475855E-1
2.266667E0	2.160354E0	-4.796002E-1
2.300000E0	2.121650E0	-5.091807E-1
2.333333E0	1.964855E0	-5.764558E-1
2.366667E0	1.853019E0	-6.317078E-1
2.400000E0	1.804175E0	-6.768410E-1
2.433333E0	1.706091E0	-7.267669E-1
2.466667E0	1.696695E0	-7.450855E-1
2.500000E0	1.711333E0	-8.173672E-1
2.533333E0	1.777564E0	-8.277910E-1
2.566667E0	1.854378E0	-8.536406E-1
2.600000E0	2.026286E0	-8.582064E-1
2.633333E0	2.121062E0	-8.510473E-1
2.666667E0	2.436472E0	-8.350795E-1
2.700000E0	2.690763E0	-8.200311E-1
2.733333E0	2.761429E0	-8.294538E-1
2.766667E0	3.085447E0	-8.414728E-1
2.800000E0	3.251875E0	-7.728598E-1
2.833333E0	3.549310E0	-7.566329E-1
2.866667E0	3.733254E0	-7.599978E-1
2.900000E0	3.880461E0	-7.357528E-1
2.933333E0	4.035484E0	-7.143471E-1
2.966667E0	4.118903E0	-6.881192E-1
3.000000E0	4.284248E0	-6.704575E-1
3.033333E0	4.336812E0	-6.339748E-1
3.066667E0	4.393460E0	-6.285288E-1
3.100000E0	4.434959E0	-6.274960E-1
3.133333E0	4.447520E0	-6.369389E-1
3.166667E0	4.451833E0	-6.539627E-1
3.200000E0	4.437629E0	-6.698140E-1
3.233333E0	4.415774E0	-6.758482E-1
3.266667E0	4.307898E0	-7.581378E-1
3.300000E0	4.282435E0	-7.749480E-1
3.333333E0	4.143102E0	-8.255853E-1
3.366667E0	4.045448E0	-8.738124E-1
3.400000E0	3.987880E0	-9.030830E-1
3.433333E0	3.916149E0	-9.460301E-1
3.466667E0	3.886403E0	-9.868932E-1
3.500000E0	3.877904E0	-1.053302E0
3.533333E0	3.946489E0	-1.074118E0
3.566667E0	4.009770E0	-1.072069E0
3.600000E0	4.183082E0	-1.073256E0
3.633333E0	4.276053E0	-1.060891E0
3.666667E0	4.597860E0	-1.029582E0
3.700000E0	4.834483E0	-9.834302E-1
3.733333E0	4.901466E0	-1.006651E0
3.766667E0	5.189037E0	-9.925114E-1
3.800000E0	5.343303E0	-9.245561E-1
3.833333E0	5.671643E0	-8.807156E-1
3.866667E0	5.824343E0	-8.568332E-1
3.900000E0	5.913693E0	-8.430254E-1
3.933333E0	6.113182E0	-8.487110E-1
3.966667E0	6.217382E0	-7.861030E-1
4.000000E0	6.389418E0	-7.488928E-1
4.033333E0	6.466750E0	-7.213751E-1
4.066667E0	6.488537E0	-7.009144E-1
4.100000E0	6.577233E0	-6.990090E-1
4.133333E0	6.609844E0	-7.109025E-1
4.166667E0	6.641260E0	-7.106791E-1
4.200000E0	6.656381E0	-7.290998E-1
4.233333E0	6.646720E0	-7.449938E-1
4.266667E0	6.601307E0	-7.721659E-1
4.300000E0	6.570608E0	-7.925188E-1
4.333333E0	6.465982E0	-8.521897E-1
4.366667E0	6.390935E0	-8.775404E-1
4.400000E0	6.313570E0	-9.019966E-1
4.433333E0	6.246878E0	-9.416382E-1
4.466667E0	6.223468E0	-9.520476E-1
4.500000E0	6.225928E0	-9.923318E-1
4.533333E0	6.279721E0	-1.010329E0
4.566667E0	6.377074E0	-1.006067E0
4.600000E0	6.552520E0	-1.004405E0
4.633333E0	6.641585E0	-9.918832E-1
4.666667E0	6.964025E0	-9.562577E-1
4.700000E0	7.205940E0	-9.092032E-1
4.733333E0	7.484557E0	-8.451691E-1
4.766667E0	7.762532E0	-8.431421E-1
4.800000E0	7.880809E0	-8.190846E-1
4.833333E0	8.209085E0	-7.997891E-1
4.866667E0	8.374109E0	-7.601448E-1
4.900000E0	8.491022E0	-8.232629E-1
4.933333E0	8.653256E0	-8.239546E-1
4.966667E0	8.760339E0	-7.470401E-1
5.000000E0	8.933980E0	-7.194493E-1
5.033333E0	9.028231E0	-7.013920E-1
5.066667E0	9.081781E0	-6.764491E-1
5.100000E0	9.190908E0	-6.613910E-1
5.133333E0	9.210037E0	-6.431624E-1
5.166667E0	9.250667E0	-6.383799E-1
5.200000E0	9.272364E0	-6.457886E-1
5.233333E0	9.259689E0	-6.530636E-1
5.266667E0	9.223838E0	-6.707940E-1
5.300000E0	9.200334E0	-7.044786E-1
5.333333E0	9.095275E0	-7.491998E-1
5.366667E0	9.018467E0	-7.911124E-1
5.400000E0	8.963868E0	-7.943287E-1
5.433333E0	8.875674E0	-8.409181E-1
5.466667E0	8.848437E0	-8.573841E-1
5.500000E0	8.839399E0	-8.941756E-1
5.533333E0	8.881264E0	-9.256020E-1
5.566667E0	8.976707E0	-9.196514E-1
5.600000E0	9.138515E0	-9.121146E-1
5.633333E0	9.211084E0	-9.049328E-1
5.666667E0	9.533100E0	-8.716694E-1
5.700000E0	9.733453E0	-8.333968E-1
5.733333E0	1.000910E1	-8.461314E-1
5.766667E0	1.024299E1	-8.354569E-1
5.800000E0	1.027773E1	-8.128530E-1
5.833333E0	1.056062E1	-7.805289E-1
5.866667E0	1.072276E1	-7.530294E-1
5.900000E0	1.084306E1	-8.188597E-1
5.933333E0	1.102174E1	-8.229125E-1
5.966667E0	1.110978E1	-7.336141E-1
6.000000E0	1.129831E1	-6.983647E-1
6.033333E0	1.140119E1	-6.898570E-1
6.066667E0	1.147064E1	-6.518642E-1
6.100000E0	1.157698E1	-6.305455E-1
6.133333E0	1.159241E1	-6.252493E-1
6.166667E0	1.164961E1	-6.253101E-1
6.200000E0	1.167622E1	-6.437337E-1
6.233333E0	1.165480E1	-6.547435E-1
6.266667E0	1.165066E1	-6.833637E-1
6.300000E0	1.163576E1	-7.199746E-1
6.333333E0	1.157016E1	-7.628311E-1
6.366667E0	1.152241E1	-7.846518E-1
6.400000E0	1.149552E1	-7.923273E-1
6.433333E0	1.144842E1	-8.811320E-1
6.466667E0	1.141500E1	-9.126310E-1
6.500000E0	1.143500E1	-9.463043E-1
6.533333E0	1.150353E1	-9.499215E-1
6.566667E0	1.165177E1	-9.298938E-1
6.600000E0	1.181070E1	-9.228934E-1
6.633333E0	1.187154E1	-9.253304E-1
6.666667E0	1.219172E1	-9.118752E-1
6.700000E0	1.244937E1	-8.928670E-1
6.733333E0	1.265661E1	-9.019794E-1
6.766667E0	1.291598E1	-9.026646E-1
6.800000E0	1.300927E1	-8.982244E-1
6.833333E0	1.327713E1	-8.405035E-1
6.866667E0	1.344118E1	-8.069629E-1
6.900000E0	1.360678E1	-7.922788E-1
6.933333E0	1.378730E1	-7.644610E-1
6.966667E0	1.388149E1	-7.500041E-1
7.000000E0	1.399933E1	-7.217723E-1
7.033333E0	1.409231E1	-6.778109E-1
7.066667E0	1.415006E1	-6.539309E-1
7.100000E0	1.424529E1	-6.269358E-1
7.133333E0	1.425801E1	-6.171388E-1
7.166667E0	1.430953E1	-6.260550E-1
7.200000E0	1.432076E1	-6.428798E-1
7.233333E0	1.431263E1	-6.615282E-1
7.266667E0	1.431063E1	-7.229268E-1
7.300000E0	1.429507E1	-7.288860E-1
7.333333E0	1.424974E1	-7.667064E-1
7.366667E0	1.416897E1	-7.993115E-1
7.400000E0	1.415128E1	-8.070880E-1
7.433333E0	1.408309E1	-8.676597E-1
7.466667E0	1.406743E1	-8.795654E-1
7.500000E0	1.408371E1	-9.307989E-1
7.533333E0	1.414300E1	-9.601535E-1
7.566667E0	1.425282E1	-9.805072E-1
7.600000E0	1.439776E1	-9.877844E-1
7.633333E0	1.447294E1	-9.830240E-1
7.666667E0	1.475481E1	-9.792849E-1
7.700000E0	1.495052E1	-9.709648E-1
7.733333E0	1.508408E1	-9.770674E-1
7.766667E0	1.533977E1	-9.789819E-1
7.800000E0	1.539477E1	-9.403131E-1
7.833333E0	1.561268E1	-8.784724E-1
7.866667E0	1.572946E1	-8.359644E-1
7.900000E0	1.584437E1	-8.452685E-1
7.933333E0	1.597748E1	-8.315016E-1
7.966667E0	1.602195E1	-7.953890E-1
8.000000E0	1.612053E1	-7.340897E-1
8.033333E0	1.616812E1	-7.022500E-1
8.066667E0	1.620341E1	-6.907227E-1
8.100000E0	1.625793E1	-6.796486E-1
8.133333E0	1.627108E1	-6.915267E-1
8.166667E0	1.627849E1	-7.004304E-1
8.200000E0	1.628437E1	-7.232624E-1
8.233333E0	1.629227E1	-7.461227E-1
8.266667E0	1.623288E1	-7.965973E-1
8.300000E0	1.621235E1	-8.171127E-1
8.333333E0	1.608459E1	-8.676450E-1
8.366667E0	1.598444E1	-8.724804E-1
8.400000E0	1.595511E1	-8.795053E-1
8.433333E0	1.582255E1	-8.957860E-1
8.466667E0	1.578650E1	-9.447984E-1
8.500000E0	1.575457E1	-9.725497E-1
8.533333E0	1.577027E1	-9.948103E-1
8.566667E0	1.582607E1	-9.947916E-1
8.600000E0	1.593856E1	-9.917387E-1
8.633333E0	1.598109E1	-9.831385E-1
8.666667E0	1.623161E1	-9.767724E-1
8.700000E0	1.639816E1	-9.543580E-1
8.733333E0	1.651961E1	-9.653450E-1
8.766667E0	1.670498E1	-9.603496E-1
8.800000E0	1.679087E1	-9.154344E-1
8.833333E0	1.694969E1	-8.555728E-1
8.866667E0	1.706034E1	-8.247313E-1
8.900000E0	1.710952E1	-8.313400E-1
8.933333E0	1.723486E1	-7.313570E-1
8.966667E0	1.725513E1	-7.134237E-1
9.000000E0	1.732076E1	-6.851372E-1
9.033333E0	1.733954E1	-6.480302E-1
9.066667E0	1.734386E1	-5.953600E-1
9.100000E0	1.733406E1	-5.799948E-1
9.133333E0	1.733048E1	-5.715666E-1
9.166667E0	1.732519E1	-5.515995E-1
9.200000E0	1.729153E1	-5.762667E-1
9.233333E0	1.726928E1	-5.866018E-1
9.266667E0	1.716817E1	-6.313767E-1
9.300000E0	1.712609E1	-6.470851E-1
9.333333E0	1.695877E1	-6.907478E-1
9.366667E0	1.683205E1	-7.135241E-1
9.400000E0	1.679694E1	-7.212969E-1
9.433333E0	1.665059E1	-7.333896E-1
9.466667E0	1.655595E1	-7.880317E-1
9.500000E0	1.647803E1	-8.336669E-1
9.533333E0	1.646919E1	-8.512519E-1
9.566667E0	1.651267E1	-8.541193E-1
9.600000E0	1.662747E1	-8.516778E-1
9.633333E0	1.666975E1	-8.447495E-1
9.666667E0	1.690182E1	-8.247348E-1
9.700000E0	1.705386E1	-8.141948E-1
9.733333E0	1.717088E1	-8.332612E-1
9.766667E0	1.733598E1	-8.261736E-1
9.800000E0	1.740524E1	-7.699336E-1
9.833333E0	1.756186E1	-7.065984E-1
9.866667E0	1.766754E1	-6.734790E-1
9.900000E0	1.774028E1	-6.768900E-1
9.933333E0	1.785763E1	-5.858426E-1
9.966667E0	1.790152E1	-5.787555E-1
1.000000E1	1.794495E1	-5.667541E-1
1.003333E1	1.803000E1	-5.229367E-1
1.006667E1	1.805177E1	-5.233092E-1
1.010000E1	1.809782E1	-5.359700E-1
1.013333E1	1.812497E1	-5.378092E-1
1.016667E1	1.813957E1	-5.484188E-1
1.020000E1	1.812012E1	-5.877667E-1
1.023333E1	1.811470E1	-5.940132E-1
1.026667E1	1.808210E1	-6.584634E-1
1.030000E1	1.803914E1	-7.072319E-1
1.033333E1	1.797281E1	-7.460504E-1
1.036667E1	1.785460E1	-8.287392E-1
1.040000E1	1.781488E1	-8.566958E-1
1.043333E1	1.776306E1	-9.206267E-1
1.046667E1	1.770619E1	-9.604109E-1
1.050000E1	1.769273E1	-1.001294E0
1.053333E1	1.777252E1	-1.033442E0
1.056667E1	1.782291E1	-1.054383E0
1.060000E1	1.802926E1	-1.064528E0
1.063333E1	1.811793E1	-1.056150E0
1.066667E1	1.830257E1	-1.042882E0
1.070000E1	1.861162E1	-1.011935E0
1.073333E1	1.871571E1	-9.988651E-1
1.076667E1	1.887720E1	-9.843859E-1
1.080000E1	1.903214E1	-9.250146E-1
1.083333E1	1.916454E1	-8.975420E-1
1.086667E1	1.936675E1	-8.717076E-1
1.090000E1	1.945276E1	-8.439039E-1
1.093333E1	1.960833E1	-8.389192E-1
1.096667E1	1.966737E1	-8.119347E-1
1.100000E1	1.975870E1	-8.105215E-1
1.103333E1	1.987855E1	-7.602633E-1
1.106667E1	1.991081E1	-7.372324E-1
1.110000E1	1.998845E1	-7.173485E-1
1.113333E1	2.001210E1	-7.235879E-1
1.116667E1	2.008057E1	-7.082590E-1
1.120000E1	2.011211E1	-7.653574E-1
1.123333E1	2.011016E1	-7.891344E-1
1.126667E1	2.009581E1	-8.353064E-1
1.130000E1	2.009128E1	-8.733669E-1
1.133333E1	2.006090E1	-8.958449E-1
1.136667E1	1.996031E1	-9.759861E-1
1.140000E1	1.995051E1	-1.003728E0
1.143333E1	1.990842E1	-1.018335E0
1.146667E1	1.986089E1	-1.077770E0
1.150000E1	1.985192E1	-1.102859E0
1.153333E1	1.994629E1	-1.137756E0
1.156667E1	2.000198E1	-1.140832E0
1.160000E1	2.013896E1	-1.134910E0
1.163333E1	2.026442E1	-1.121169E0
1.166667E1	2.043586E1	-1.113540E0
1.170000E1	2.070658E1	-1.066818E0
1.173333E1	2.081124E1	-1.098640E0
1.176667E1	2.100356E1	-1.115163E0
1.180000E1	2.111980E1	-1.015064E0
1.183333E1	2.127080E1	-9.724993E-1
1.186667E1	2.144036E1	-9.117043E-1
1.190000E1	2.151977E1	-8.763355E-1
1.193333E1	2.168273E1	-8.503633E-1
1.196667E1	2.171638E1	-8.368719E-1
1.200000E1	2.179707E1	-8.243640E-1
1.203333E1	2.187365E1	-7.637820E-1
1.206667E1	2.189446E1	-7.375860E-1
1.210000E1	2.198529E1	-7.606541E-1
1.213333E1	2.202327E1	-7.689684E-1
1.216667E1	2.208623E1	-7.610319E-1
1.220000E1	2.214475E1	-8.218437E-1
1.223333E1	2.213618E1	-8.499501E-1
1.226667E1	2.212284E1	-9.020913E-1
1.230000E1	2.211756E1	-9.299561E-1
1.233333E1	2.210027E1	-9.512741E-1
1.236667E1	2.202477E1	-1.006189E0
1.240000E1	2.201634E1	-1.018130E0
1.243333E1	2.197451E1	-1.043306E0
1.246667E1	2.196154E1	-1.090457E0
1.250000E1	2.198878E1	-1.095974E0
1.253333E1	2.210804E1	-1.102396E0
1.256667E1	2.217262E1	-1.127111E0
1.260000E1	2.240802E1	-1.136071E0
1.263333E1	2.251578E1	-1.120877E0
1.266667E1	2.258564E1	-1.114225E0
1.270000E1	2.298445E1	-1.053001E0
1.273333E1	2.311313E1	-1.015094E0
1.276667E1	2.330023E1	-9.964398E-1
1.280000E1	2.341193E1	-9.543600E-1
1.283333E1	2.356789E1	-9.321636E-1
1.286667E1	2.375892E1	-8.671944E-1
1.290000E1	2.384537E1	-8.432615E-1
1.293333E1	2.399187E1	-8.361814E-1
1.296667E1	2.405316E1	-7.809871E-1
1.300000E1	2.414369E1	-7.527183E-1
1.303333E1	2.424361E1	-6.970605E-1
1.306667E1	2.427921E1	-6.895538E-1
1.310000E1	2.439205E1	-6.933559E-1
1.313333E1	2.444079E1	-6.821688E-1
1.316667E1	2.450907E1	-6.943612E-1
1.320000E1	2.458259E1	-7.397519E-1
1.323333E1	2.458381E1	-7.745761E-1
1.326667E1	2.457271E1	-7.954224E-1
1.330000E1	2.456869E1	-8.190290E-1
1.333333E1	2.455256E1	-8.583914E-1
1.336667E1	2.449616E1	-9.139493E-1
1.340000E1	2.447761E1	-9.334576E-1
1.343333E1	2.443697E1	-9.570300E-1
1.346667E1	2.441897E1	-1.011577E0
1.350000E1	2.443360E1	-1.018922E0
1.353333E1	2.452076E1	-1.050431E0
1.356667E1	2.456876E1	-1.058022E0
1.360000E1	2.474118E1	-1.068079E0
1.363333E1	2.484941E1	-1.048448E0
1.366667E1	2.502251E1	-1.036706E0
1.370000E1	2.528756E1	-9.927646E-1
1.373333E1	2.539511E1	-9.890857E-1
1.376667E1	2.557128E1	-9.753461E-1
1.380000E1	2.570852E1	-9.108167E-1
1.383333E1	2.583443E1	-8.792555E-1
1.386667E1	2.600647E1	-8.196903E-1
1.390000E1	2.603345E1	-8.224977E-1
1.393333E1	2.615201E1	-8.164946E-1
1.396667E1	2.619839E1	-7.494395E-1
1.400000E1	2.627915E1	-7.447440E-1
1.403333E1	2.637226E1	-6.829482E-1
1.406667E1	2.640488E1	-6.863586E-1
1.410000E1	2.651175E1	-6.875290E-1
1.413333E1	2.655316E1	-6.976534E-1
1.416667E1	2.662465E1	-7.001084E-1
1.420000E1	2.671954E1	-7.577259E-1
1.423333E1	2.672276E1	-7.727820E-1
1.426667E1	2.671346E1	-7.914456E-1
1.430000E1	2.670568E1	-8.090391E-1
1.433333E1	2.669882E1	-8.525318E-1
1.436667E1	2.665869E1	-8.950936E-1
1.440000E1	2.663179E1	-9.312050E-1
1.443333E1	2.661445E1	-9.461933E-1
1.446667E1	2.659337E1	-1.009453E0
1.450000E1	2.658061E1	-1.047581E0
1.453333E1	2.668079E1	-1.073063E0
1.456667E1	2.674114E1	-1.078321E0
1.460000E1	2.693003E1	-1.075485E0
1.463333E1	2.703980E1	-1.075746E0
1.466667E1	2.721417E1	-1.066746E0
1.470000E1	2.748261E1	-1.039310E0
1.473333E1	2.752371E1	-1.062282E0
1.476667E1	2.768916E1	-1.059815E0
1.480000E1	2.790633E1	-9.590987E-1
1.483333E1	2.802023E1	-9.349273E-1
1.486667E1	2.813981E1	-8.956226E-1
1.490000E1	2.817427E1	-9.159197E-1
1.493333E1	2.826841E1	-9.018652E-1
1.496667E1	2.835760E1	-8.672084E-1
1.500000E1	2.842357E1	-8.406608E-1
1.503333E1	2.852511E1	-7.907403E-1
1.506667E1	2.854828E1	-7.763456E-1
1.510000E1	2.864850E1	-7.804896E-1
1.513333E1	2.870009E1	-7.825617E-1
1.516667E1	2.879236E1	-7.832273E-1
1.520000E1	2.888314E1	-8.283356E-1
1.523333E1	2.888564E1	-8.621375E-1
1.526667E1	2.888928E1	-9.076796E-1
1.530000E1	2.888043E1	-9.376463E-1
1.533333E1	2.886006E1	-9.469687E-1
1.536667E1	2.882053E1	-1.006905E0
1.540000E1	2.878673E1	-1.019050E0
1.543333E1	2.874070E1	-1.065854E0
1.546667E1	2.871711E1	-1.092501E0
1.550000E1	2.872643E1	-1.127020E0
1.553333E1	2.883402E1	-1.158448E0
1.556667E1	2.888601E1	-1.162863E0
1.560000E1	2.901573E1	-1.148186E0
1.563333E1	2.915286E1	-1.141130E0
1.566667E1	2.931186E1	-1.134531E0
1.570000E1	2.955734E1	-1.083211E0
1.573333E1	2.959650E1	-1.091647E0
1.576667E1	2.976148E1	-1.053196E0
1.580000E1	2.989865E1	-9.914320E-1
1.583333E1	3.001496E1	-9.668323E-1
1.586667E1	3.012141E1	-9.028161E-1
1.590000E1	3.015506E1	-9.111379E-1
1.593333E1	3.025998E1	-8.653353E-1
1.596667E1	3.030021E1	-8.533285E-1
1.600000E1	3.033321E1	-8.377773E-1
1.603333E1	3.041697E1	-7.847946E-1
1.606667E1	3.044762E1	-7.793041E-1
1.610000E1	3.052625E1	-7.813201E-1
1.613333E1	3.057495E1	-7.881206E-1
1.616667E1	3.064913E1	-7.822241E-1
1.620000E1	3.073704E1	-8.376886E-1
1.623333E1	3.074975E1	-8.696611E-1
1.626667E1	3.074815E1	-9.165006E-1
1.630000E1	3.073874E1	-9.367186E-1
1.633333E1	3.072511E1	-9.489775E-1
1.636667E1	3.066883E1	-9.989839E-1
1.640000E1	3.065130E1	-1.022824E0
1.643333E1	3.061023E1	-1.061026E0
1.646667E1	3.058833E1	-1.094416E0
1.650000E1	3.058991E1	-1.118590E0
1.653333E1	3.070278E1	-1.145390E0
1.656667E1	3.074418E1	-1.156916E0
1.660000E1	3.087801E1	-1.148948E0
1.663333E1	3.100612E1	-1.136759E0
1.666667E1	3.116486E1	-1.134887E0
1.670000E1	3.142553E1	-1.075756E0
1.673333E1	3.147045E1	-1.091404E0
1.676667E1	3.163213E1	-1.052851E0
1.680000E1	3.175824E1	-1.022051E0
1.683333E1	3.185551E1	-9.634108E-1
1.686667E1	3.196311E1	-9.114998E-1
1.690000E1	3.198742E1	-8.989125E-1
1.693333E1	3.207725E1	-8.964981E-1
1.696667E1	3.212542E1	-8.650963E-1
1.700000E1	3.218317E1	-8.508313E-1
1.703333E1	3.225422E1	-7.930315E-1
1.706667E1	3.228157E1	-7.765141E-1
1.710000E1	3.238532E1	-7.827582E-1
1.713333E1	3.243777E1	-7.871134E-1
1.716667E1	3.252215E1	-7.859241E-1
1.720000E1	3.264130E1	-8.479226E-1
1.723333E1	3.266496E1	-8.792683E-1
1.726667E1	3.268869E1	-9.242180E-1
1.730000E1	3.269452E1	-9.513375E-1
1.733333E1	3.266696E1	-9.671546E-1
1.736667E1	3.264466E1	-1.023907E0
1.740000E1	3.265028E1	-1.027558E0
1.743333E1	3.262811E1	-1.054888E0
1.746667E1	3.263976E1	-1.102157E0
1.750000E1	3.265951E1	-1.123435E0
1.753333E1	3.277260E1	-1.157522E0
1.756667E1	3.281787E1	-1.161718E0
1.760000E1	3.295371E1	-1.148680E0
1.763333E1	3.308266E1	-1.134967E0
1.766667E1	3.322446E1	-1.125387E0
1.770000E1	3.346628E1	-1.087759E0
1.773333E1	3.350611E1	-1.066020E0
1.776667E1	3.366935E1	-1.028410E0
1.780000E1	3.372665E1	-9.864551E-1
1.783333E1	3.380810E1	-9.587395E-1
1.786667E1	3.390184E1	-8.949118E-1
1.790000E1	3.391786E1	-8.591806E-1
1.793333E1	3.397382E1	-8.339167E-1
1.796667E1	3.401006E1	-8.134739E-1
1.800000E1	3.404418E1	-7.906256E-1
1.803333E1	3.411323E1	-7.259606E-1
1.806667E1	3.412950E1	-7.145358E-1
1.810000E1	3.420158E1	-7.134246E-1
1.813333E1	3.424528E1	-7.194965E-1
1.816667E1	3.431698E1	-7.154657E-1
1.820000E1	3.442227E1	-7.596621E-1
1.823333E1	3.445032E1	-7.879393E-1
1.826667E1	3.447553E1	-8.411802E-1
1.830000E1	3.447670E1	-8.670072E-1
1.833333E1	3.447019E1	-8.836882E-1
1.836667E1	3.443639E1	-9.153424E-1
1.840000E1	3.442591E1	-9.356228E-1
1.843333E1	3.437558E1	-9.959603E-1
1.846667E1	3.436906E1	-1.014665E0
1.850000E1	3.438678E1	-1.066603E0
1.853333E1	3.444464E1	-1.090623E0
1.856667E1	3.452643E1	-1.091032E0
1.860000E1	3.467418E1	-1.081570E0
1.863333E1	3.475028E1	-1.075378E0
1.866667E1	3.496466E1	-1.058856E0
1.870000E1	3.512226E1	-1.049314E0
1.873333E1	3.520901E1	-1.057593E0
1.876667E1	3.541459E1	-9.658998E-1
1.880000E1	3.547246E1	-9.422058E-1
1.883333E1	3.558895E1	-9.024223E-1
1.886667E1	3.566967E1	-8.760782E-1
1.890000E1	3.570838E1	-8.511660E-1
1.893333E1	3.580487E1	-8.001879E-1
1.896667E1	3.582433E1	-7.863954E-1
1.900000E1	3.588883E1	-7.582226E-1
1.903333E1	3.595273E1	-7.296534E-1
1.906667E1	3.599285E1	-6.974716E-1
1.910000E1	3.608893E1	-6.969916E-1
1.913333E1	3.613608E1	-7.109082E-1
1.916667E1	3.625948E1	-7.135411E-1
1.920000E1	3.636041E1	-7.401002E-1
1.923333E1	3.640585E1	-7.445350E-1
1.926667E1	3.647957E1	-8.285782E-1
1.930000E1	3.648964E1	-8.485003E-1
1.933333E1	3.651074E1	-8.775440E-1
1.936667E1	3.652547E1	-8.933637E-1
1.940000E1	3.652083E1	-8.940070E-1
1.943333E1	3.646488E1	-9.688704E-1
1.946667E1	3.645915E1	-9.953218E-1
1.950000E1	3.648767E1	-1.055592E0
1.953333E1	3.654383E1	-1.097736E0
1.956667E1	3.661068E1	-1.094703E0
1.960000E1	3.674417E1	-1.077653E0
1.963333E1	3.679571E1	-1.073685E0
1.966667E1	3.703088E1	-1.063374E0
1.970000E1	3.717708E1	-1.046018E0
1.973333E1	3.725221E1	-1.050329E0
1.976667E1	3.739061E1	-1.040033E0
1.980000E1	3.746466E1	-9.868589E-1
1.983333E1	3.756768E1	-9.432452E-1
1.986667E1	3.759773E1	-9.135001E-1
1.990000E1	3.762931E1	-9.056868E-1
1.993333E1	3.769475E1	-8.505624E-1
1.996667E1	3.770441E1	-8.412530E-1
2.000000E1	3.775668E1	-8.089775E-1
2.003333E1	3.778759E1	-7.678347E-1
2.006667E1	3.783356E1	-7.442485E-1
2.010000E1	3.792165E1	-7.225776E-1
2.013333E1	3.795363E1	-7.263126E-1
2.016667E1	3.810452E1	-7.186857E-1
2.020000E1	3.820896E1	-7.484126E-1
2.023333E1	3.823898E1	-7.476937E-1
2.026667E1	3.831341E1	-8.246805E-1
2.030000E1	3.834183E1	-8.447491E-1
2.033333E1	3.836481E1	-8.868011E-1
2.036667E1	3.834516E1	-9.142334E-1
2.040000E1	3.833318E1	-9.461491E-1
2.043333E1	3.830468E1	-9.852400E-1
2.046667E1	3.830911E1	-1.007253E0
2.050000E1	3.833903E1	-1.077265E0
2.053333E1	3.840649E1	-1.097121E0
2.056667E1	3.847772E1	-1.089426E0
2.060000E1	3.861584E1	-1.079667E0
2.063333E1	3.866328E1	-1.078540E0
2.066667E1	3.890190E1	-1.062940E0
2.070000E1	3.904121E1	-1.052990E0
2.073333E1	3.909086E1	-1.051679E0
2.076667E1	3.923469E1	-1.039272E0
2.080000E1	3.931078E1	-1.001446E0
2.083333E1	3.942099E1	-9.464971E-1
2.086667E1	3.945114E1	-9.111878E-1
2.090000E1	3.947947E1	-9.036690E-1
2.093333E1	3.954364E1	-8.503076E-1
2.096667E1	3.955974E1	-8.443846E-1
2.100000E1	3.962044E1	-8.150284E-1
2.103333E1	3.966416E1	-7.619195E-1
2.106667E1	3.970950E1	-7.587759E-1
2.110000E1	3.980959E1	-7.582151E-1
2.113333E1	3.986408E1	-7.703903E-1
2.116667E1	4.000865E1	-7.764749E-1
2.120000E1	4.011937E1	-8.029563E-1
2.123333E1	4.016568E1	-8.106798E-1
2.126667E1	4.027274E1	-8.647026E-1
2.130000E1	4.028930E1	-8.749634E-1
2.133333E1	4.032140E1	-9.070140E-1
2.136667E1	4.033381E1	-9.479877E-1
2.140000E1	4.033411E1	-9.554553E-1
2.143333E1	4.031299E1	-9.795994E-1
2.146667E1	4.032141E1	-1.015432E0
2.150000E1	4.033341E1	-1.063645E0
2.153333E1	4.037754E1	-1.084712E0
2.156667E1	4.045621E1	-1.084348E0
2.160000E1	4.059591E1	-1.078596E0
2.163333E1	4.064443E1	-1.081878E0
2.166667E1	4.079853E1	-1.063463E0
2.170000E1	4.091007E1	-1.040565E0
2.173333E1	4.097347E1	-1.013138E0
2.176667E1	4.107092E1	-9.781509E-1
2.180000E1	4.111719E1	-9.556545E-1
2.183333E1	4.117848E1	-8.812356E-1
2.186667E1	4.120479E1	-8.436879E-1
2.190000E1	4.122115E1	-8.217509E-1
2.193333E1	4.123159E1	-7.801553E-1
2.196667E1	4.122537E1	-7.660356E-1
2.200000E1	4.125418E1	-7.355554E-1
2.203333E1	4.129475E1	-6.850683E-1
2.206667E1	4.133832E1	-6.666098E-1
2.210000E1	4.142799E1	-6.498276E-1
2.213333E1	4.146396E1	-6.528875E-1
2.216667E1	4.163269E1	-6.602001E-1
2.220000E1	4.175137E1	-6.774115E-1
2.223333E1	4.181355E1	-6.992858E-1
2.226667E1	4.192199E1	-7.565419E-1
2.230000E1	4.194303E1	-7.930580E-1
2.233333E1	4.198696E1	-8.243001E-1
2.236667E1	4.200329E1	-8.830098E-1
2.240000E1	4.199496E1	-9.005659E-1
2.243333E1	4.198927E1	-9.705797E-1
2.246667E1	4.199059E1	-1.012496E0
2.250000E1	4.201673E1	-1.069410E0
2.253333E1	4.208452E1	-1.091023E0
2.256667E1	4.214672E1	-1.088672E0
2.260000E1	4.228001E1	-1.080087E0
2.263333E1	4.233414E1	-1.075208E0
2.266667E1	4.253261E1	-1.045991E0
2.270000E1	4.267628E1	-1.015793E0
2.273333E1	4.272895E1	-9.966842E-1
2.276667E1	4.286268E1	-9.568286E-1
2.280000E1	4.288057E1	-9.312073E-1
2.283333E1	4.296386E1	-8.688268E-1
2.286667E1	4.298518E1	-8.350965E-1
2.290000E1	4.301033E1	-8.152020E-1
2.293333E1	4.303161E1	-7.823181E-1
2.296667E1	4.302429E1	-7.697658E-1
2.300000E1	4.306239E1	-7.424596E-1
2.303333E1	4.309934E1	-7.005348E-1
2.306667E1	4.314764E1	-6.642498E-1
2.310000E1	4.323701E1	-6.480703E-1
2.313333E1	4.327507E1	-6.462348E-1
2.316667E1	4.343954E1	-6.534771E-1
2.320000E1	4.356661E1	-6.735655E-1
2.323333E1	4.361639E1	-6.786948E-1
2.326667E1	4.374133E1	-7.611656E-1
2.330000E1	4.376677E1	-7.756362E-1
2.333333E1	4.385227E1	-8.189850E-1
2.336667E1	4.385857E1	-8.520641E-1
2.340000E1	4.386007E1	-8.981868E-1
2.343333E1	4.387483E1	-9.543786E-1
2.346667E1	4.386072E1	-9.757288E-1
2.350000E1	4.388529E1	-1.059256E0
2.353333E1	4.397236E1	-1.077387E0
2.356667E1	4.406013E1	-1.085553E0
2.360000E1	4.419037E1	-1.080544E0
2.363333E1	4.425310E1	-1.077583E0
2.366667E1	4.444112E1	-1.051547E0
2.370000E1	4.456340E1	-1.007314E0
2.373333E1	4.459784E1	-9.906473E-1
2.376667E1	4.471634E1	-9.289002E-1
2.380000E1	4.472937E1	-9.133488E-1
2.383333E1	4.476768E1	-8.436625E-1
2.386667E1	4.480340E1	-8.096963E-1
2.390000E1	4.480078E1	-7.805214E-1
2.393333E1	4.480346E1	-7.638948E-1
2.396667E1	4.480111E1	-7.551040E-1
2.400000E1	4.482198E1	-7.466459E-1
2.403333E1	4.482020E1	-6.966636E-1
2.406667E1	4.486701E1	-6.760765E-1
2.410000E1	4.495237E1	-6.534511E-1
2.413333E1	4.499643E1	-6.508576E-1
2.416667E1	4.515246E1	-6.602534E-1
2.420000E1	4.528295E1	-6.788889E-1
2.423333E1	4.536015E1	-6.963518E-1
2.426667E1	4.547362E1	-7.595860E-1
2.430000E1	4.551832E1	-7.932950E-1
2.433333E1	4.559522E1	-8.426783E-1
2.436667E1	4.561877E1	-8.866004E-1
2.440000E1	4.563570E1	-9.230572E-1
2.443333E1	4.566102E1	-9.976648E-1
2.446667E1	4.566736E1	-1.024513E0
2.450000E1	4.571861E1	-1.090688E0
2.453333E1	4.580816E1	-1.109700E0
2.456667E1	4.587243E1	-1.119803E0
2.460000E1	4.600997E1	-1.138316E0
2.463333E1	4.605277E1	-1.132554E0
2.466667E1	4.627342E1	-1.095234E0
2.470000E1	4.644741E1	-1.032094E0
2.473333E1	4.650495E1	-1.003157E0
2.476667E1	4.658642E1	-9.717281E-1
2.480000E1	4.660187E1	-9.692968E-1
2.483333E1	4.665315E1	-9.170363E-1
2.486667E1	4.667666E1	-8.939045E-1
2.490000E1	4.668487E1	-8.641840E-1
2.493333E1	4.670955E1	-8.286555E-1
2.496667E1	4.673130E1	-8.376915E-1
2.500000E1	4.677470E1	-8.047685E-1
2.503333E1	4.683897E1	-7.560670E-1
2.506667E1	4.689419E1	-7.639161E-1
2.510000E1	4.701328E1	-7.647137E-1
2.513333E1	4.705656E1	-7.611996E-1
2.516667E1	4.724160E1	-7.830211E-1
2.520000E1	4.736908E1	-8.201308E-1
2.523333E1	4.742484E1	-8.537718E-1
2.526667E1	4.752847E1	-8.944321E-1
2.530000E1	4.755339E1	-9.070727E-1
2.533333E1	4.761349E1	-9.726345E-1
2.536667E1	4.762074E1	-1.028177E0
2.540000E1	4.760649E1	-1.064502E0
2.543333E1	4.760412E1	-1.135560E0
2.546667E1	4.760766E1	-1.158751E0
2.550000E1	4.765561E1	-1.210317E0
2.553333E1	4.774216E1	-1.244298E0
2.556667E1	4.781213E1	-1.233452E0
2.560000E1	4.792972E1	-1.213099E0
2.563333E1	4.797910E1	-1.214566E0
2.566667E1	4.812292E1	-1.160518E0
2.570000E1	4.820794E1	-1.098983E0
2.573333E1	4.823924E1	-1.080161E0
2.576667E1	4.826576E1	-1.053678E0
2.580000E1	4.830065E1	-1.013926E0
2.583333E1	4.829908E1	-9.347319E-1
2.586667E1	4.829252E1	-9.027290E-1
2.590000E1	4.829175E1	-8.963994E-1
2.593333E1	4.829223E1	-8.443259E-1
2.596667E1	4.829692E1	-8.422217E-1
2.600000E1	4.829565E1	-7.919798E-1
2.603333E1	4.831585E1	-7.455040E-1
2.606667E1	4.834282E1	-7.269657E-1
2.610000E1	4.844349E1	-7.021710E-1
2.613333E1	4.847882E1	-7.071461E-1
2.616667E1	4.862195E1	-6.995809E-1
2.620000E1	4.873313E1	-7.392412E-1
2.623333E1	4.877286E1	-7.478312E-1
2.626667E1	4.886317E1	-7.874093E-1
2.630000E1	4.889250E1	-8.043590E-1
2.633333E1	4.890819E1	-8.619345E-1
2.636667E1	4.889755E1	-9.022299E-1
2.640000E1	4.890055E1	-9.467052E-1
2.643333E1	4.887741E1	-1.040967E0
2.646667E1	4.888426E1	-1.071241E0
2.650000E1	4.890204E1	-1.111734E0
2.653333E1	4.896109E1	-1.157113E0
2.656667E1	4.901920E1	-1.143067E0
2.660000E1	4.913526E1	-1.129298E0
2.663333E1	4.916881E1	-1.127365E0
2.666667E1	4.924954E1	-1.116434E0
2.670000E1	4.936495E1	-1.042663E0
2.673333E1	4.940411E1	-1.038693E0
2.676667E1	4.941540E1	-9.884875E-1
2.680000E1	4.943960E1	-9.594718E-1
2.683333E1	4.944768E1	-9.029054E-1
2.686667E1	4.944784E1	-8.637141E-1
2.690000E1	4.945320E1	-8.511590E-1
2.693333E1	4.945809E1	-8.296178E-1
2.696667E1	4.946750E1	-8.199704E-1
2.700000E1	4.947634E1	-7.890409E-1
2.703333E1	4.952522E1	-7.156117E-1
2.706667E1	4.957580E1	-7.071258E-1
2.710000E1	4.972033E1	-7.126557E-1
2.713333E1	4.980084E1	-7.170594E-1
2.716667E1	4.993569E1	-7.195407E-1
2.720000E1	5.014268E1	-7.788922E-1
2.723333E1	5.020441E1	-8.145053E-1
2.726667E1	5.030965E1	-9.005154E-1
2.730000E1	5.036021E1	-9.247387E-1
2.733333E1	5.043711E1	-9.510934E-1
2.736667E1	5.047869E1	-1.020348E0
2.740000E1	5.046917E1	-1.045484E0
2.743333E1	5.048034E1	-1.106786E0
2.746667E1	5.046916E1	-1.143516E0
2.750000E1	5.047475E1	-1.204831E0
2.753333E1	5.057288E1	-1.234354E0
2.756667E1	5.061065E1	-1.235525E0
2.760000E1	5.071690E1	-1.219761E0
2.763333E1	5.076192E1	-1.218315E0
2.766667E1	5.084481E1	-1.198409E0
2.770000E1	5.090998E1	-1.146021E0
2.773333E1	5.090941E1	-1.135905E0
2.776667E1	5.091527E1	-1.102288E0
2.780000E1	5.089757E1	-1.067137E0
2.783333E1	5.087705E1	-1.016817E0
2.786667E1	5.082913E1	-9.545303E-1
2.790000E1	5.080494E1	-9.290545E-1
2.793333E1	5.075546E1	-9.021516E-1
2.796667E1	5.072997E1	-8.791540E-1
2.800000E1	5.071324E1	-8.470324E-1
2.803333E1	5.072077E1	-7.849887E-1
2.806667E1	5.074507E1	-7.711136E-1
2.810000E1	5.080817E1	-7.708956E-1
2.813333E1	5.086147E1	-7.769577E-1
2.816667E1	5.096484E1	-7.830047E-1
2.820000E1	5.110678E1	-8.281910E-1
2.823333E1	5.113410E1	-8.727453E-1
2.826667E1	5.119575E1	-9.312433E-1
2.830000E1	5.122079E1	-9.589721E-1
2.833333E1	5.123643E1	-9.929531E-1
2.836667E1	5.122410E1	-1.060298E0
2.840000E1	5.123024E1	-1.083428E0
2.843333E1	5.118515E1	-1.145680E0
2.846667E1	5.116216E1	-1.183243E0
2.850000E1	5.115763E1	-1.233266E0
2.853333E1	5.118057E1	-1.246405E0
2.856667E1	5.119071E1	-1.236075E0
2.860000E1	5.119779E1	-1.223685E0
2.863333E1	5.120082E1	-1.212343E0
2.866667E1	5.120849E1	-1.193611E0
2.870000E1	5.120781E1	-1.122387E0
2.873333E1	5.119094E1	-1.117605E0
2.876667E1	5.115080E1	-1.082030E0
2.880000E1	5.110003E1	-1.045879E0
2.883333E1	5.102847E1	-9.977271E-1
2.886667E1	5.090373E1	-9.478615E-1
2.890000E1	5.087318E1	-9.216230E-1
2.893333E1	5.075796E1	-9.039925E-1
2.896667E1	5.072394E1	-8.681806E-1
2.900000E1	5.065325E1	-8.293242E-1
2.903333E1	5.061474E1	-7.478826E-1
2.906667E1	5.061779E1	-7.268194E-1
2.910000E1	5.065785E1	-7.187017E-1
2.913333E1	5.071629E1	-7.171747E-1
2.916667E1	5.080165E1	-7.093469E-1
2.920000E1	5.089377E1	-7.350238E-1
2.923333E1	5.092373E1	-7.708271E-1
2.926667E1	5.097196E1	-8.700466E-1
2.930000E1	5.098102E1	-8.926910E-1
2.933333E1	5.097308E1	-9.344807E-1
2.936667E1	5.093403E1	-9.972478E-1
2.940000E1	5.093815E1	-1.015252E0
2.943333E1	5.086828E1	-1.068434E0
2.946667E1	5.085054E1	-1.121427E0
2.950000E1	5.080367E1	-1.153325E0
2.953333E1	5.080571E1	-1.175506E0
2.956667E1	5.081441E1	-1.164893E0
2.960000E1	5.082470E1	-1.147979E0
2.963333E1	5.082419E1	-1.138788E0
2.966667E1	5.083721E1	-1.117700E0
2.970000E1	5.081421E1	-1.047423E0
2.973333E1	5.080452E1	-1.040203E0
2.976667E1	5.070701E1	-9.854657E-1
2.980000E1	5.066752E1	-9.643582E-1
2.983333E1	5.055192E1	-9.076342E-1
2.986667E1	5.038548E1	-8.413169E-1
2.990000E1	5.033991E1	-8.403663E-1
2.993333E1	5.021013E1	-8.330588E-1
2.996667E1	5.012552E1	-7.851595E-1
3.000000E1	5.003977E1	-7.692180E-1
3.003333E1	4.997887E1	-6.900532E-1
3.006667E1	4.997366E1	-6.934001E-1
3.010000E1	5.000881E1	-6.916701E-1
3.013333E1	5.004594E1	-6.977655E-1
3.016667E1	5.012658E1	-7.050850E-1
3.020000E1	5.020213E1	-7.454359E-1
3.023333E1	5.021857E1	-7.550508E-1
3.026667E1	5.026964E1	-8.215497E-1
3.030000E1	5.028155E1	-8.351343E-1
3.033333E1	5.026932E1	-8.849941E-1
3.036667E1	5.025913E1	-9.159047E-1
