	masse A		
t	x	y	
0.000000E0	3.692677E1	7.925135E-2
1.739063E-2	3.692937E1	7.551325E-2
3.478125E-2	3.693177E1	7.423500E-2
5.217188E-2	3.693369E1	7.334096E-2
6.956251E-2	3.693375E1	7.455578E-2
8.695313E-2	3.693242E1	7.331887E-2
1.043438E-1	3.692632E1	7.631749E-2
1.217344E-1	3.693063E1	5.254434E-3
1.391250E-1	3.692208E1	-1.234798E-1
1.565156E-1	3.690269E1	-2.792411E-1
1.739063E-1	3.688101E1	-4.587101E-1
1.912969E-1	3.685502E1	-6.315445E-1
2.086875E-1	3.682698E1	-8.303950E-1
2.260781E-1	3.678974E1	-1.049747E0
2.434688E-1	3.674592E1	-1.268097E0
2.608594E-1	3.670171E1	-1.471867E0
2.782500E-1	3.666375E1	-1.683969E0
2.956407E-1	3.662199E1	-1.882960E0
3.130313E-1	3.658836E1	-2.073166E0
3.304219E-1	3.656196E1	-2.245752E0
3.478125E-1	3.654552E1	-2.408289E0
3.652032E-1	3.653814E1	-2.529794E0
3.825938E-1	3.653011E1	-2.626282E0
3.999844E-1	3.654067E1	-2.681258E0
4.173750E-1	3.657042E1	-2.699675E0
4.347657E-1	3.659932E1	-2.700680E0
4.521563E-1	3.663762E1	-2.691117E0
4.695469E-1	3.667762E1	-2.652373E0
4.869375E-1	3.671362E1	-2.599268E0
5.043282E-1	3.674338E1	-2.520472E0
5.217188E-1	3.676579E1	-2.427588E0
5.391094E-1	3.678808E1	-2.326596E0
5.565001E-1	3.686567E1	-2.021693E0
5.738907E-1	3.691765E1	-1.786977E0
5.912813E-1	3.698989E1	-1.494298E0
6.086719E-1	3.705369E1	-1.167789E0
6.260626E-1	3.709307E1	-7.958893E-1
6.434532E-1	3.712928E1	-4.199843E-1
6.608438E-1	3.713846E1	-2.661292E-2
6.782344E-1	3.712034E1	3.825976E-1
6.956251E-1	3.707751E1	7.685043E-1
7.130157E-1	3.700922E1	1.134657E0
7.304063E-1	3.692753E1	1.516443E0
7.477970E-1	3.683271E1	1.859155E0
7.651876E-1	3.673583E1	2.165430E0
7.825782E-1	3.658665E1	2.550659E0
7.999688E-1	3.653133E1	2.677504E0
8.173595E-1	3.648178E1	2.733879E0
8.347501E-1	3.645139E1	2.771764E0
8.521407E-1	3.643549E1	2.763970E0
8.695313E-1	3.641969E1	2.713323E0
8.869220E-1	3.642882E1	2.653278E0
9.043126E-1	3.642454E1	2.494724E0
9.217032E-1	3.643550E1	2.384302E0
9.390938E-1	3.646510E1	2.229191E0
9.564845E-1	3.650521E1	2.021900E0
9.738751E-1	3.657447E1	1.781473E0
9.912657E-1	3.664563E1	1.512862E0
1.008656E0	3.671612E1	1.233133E0
1.026047E0	3.677626E1	9.165622E-1
1.043438E0	3.683853E1	5.883624E-1
1.060828E0	3.689866E1	2.305536E-1
1.078219E0	3.695195E1	-1.733618E-1
1.095609E0	3.698566E1	-6.078520E-1
1.113000E0	3.699836E1	-1.040092E0
1.130391E0	3.698724E1	-1.498198E0
1.147781E0	3.695638E1	-1.924621E0
1.165172E0	3.690216E1	-2.309044E0
1.182563E0	3.683296E1	-2.665499E0
1.199953E0	3.675305E1	-3.008056E0
1.217344E0	3.666258E1	-3.293342E0
1.234735E0	3.657609E1	-3.523567E0
1.252125E0	3.648150E1	-3.734167E0
1.269516E0	3.639559E1	-3.912494E0
1.286906E0	3.631790E1	-4.056731E0
1.304297E0	3.624944E1	-4.156612E0
1.321688E0	3.619849E1	-4.207350E0
1.339078E0	3.615259E1	-4.249754E0
1.356469E0	3.610741E1	-4.252513E0
1.373860E0	3.604286E1	-4.153990E0
1.391250E0	3.598771E1	-3.963293E0
1.408641E0	3.596716E1	-3.851972E0
1.426031E0	3.595473E1	-3.723913E0
1.443422E0	3.595503E1	-3.555677E0
1.460813E0	3.597546E1	-3.345325E0
1.478203E0	3.602204E1	-3.096952E0
1.495594E0	3.607724E1	-2.831752E0
1.512985E0	3.613375E1	-2.549302E0
1.530375E0	3.618556E1	-2.259784E0
1.547766E0	3.624813E1	-1.904524E0
1.565156E0	3.630171E1	-1.511164E0
1.582547E0	3.633975E1	-1.100419E0
1.599938E0	3.637782E1	-6.678303E-1
1.617328E0	3.638735E1	-2.187982E-1
1.634719E0	3.637413E1	2.362031E-1
1.652110E0	3.632817E1	6.806582E-1
1.669500E0	3.624972E1	1.127769E0
1.686891E0	3.614848E1	1.560251E0
1.704281E0	3.600702E1	2.005513E0
1.721672E0	3.586802E1	2.365477E0
1.739063E0	3.572805E1	2.646538E0
1.756453E0	3.560599E1	2.830211E0
1.773844E0	3.550402E1	2.957723E0
1.791235E0	3.541423E1	3.052072E0
1.808625E0	3.526042E1	3.114925E0
1.826016E0	3.519090E1	3.089525E0
1.843406E0	3.513925E1	3.019289E0
1.860797E0	3.510833E1	2.904836E0
1.878188E0	3.508783E1	2.781632E0
1.895578E0	3.507087E1	2.648393E0
1.912969E0	3.506489E1	2.499754E0
1.930360E0	3.508173E1	2.306405E0
1.947750E0	3.510841E1	2.088259E0
1.965141E0	3.514395E1	1.848317E0
1.982531E0	3.517991E1	1.572601E0
1.999922E0	3.522803E1	1.274243E0
2.017313E0	3.527969E1	9.441364E-1
2.034703E0	3.532792E1	5.744152E-1
2.052094E0	3.537423E1	1.936186E-1
2.069485E0	3.541714E1	-2.304505E-1
2.086875E0	3.543167E1	-1.129391E0
2.104266E0	3.541794E1	-1.591043E0
2.121656E0	3.538138E1	-2.041647E0
2.139047E0	3.532491E1	-2.473166E0
2.156438E0	3.524166E1	-2.862208E0
2.173828E0	3.514559E1	-3.232648E0
2.191219E0	3.504210E1	-3.573360E0
2.208610E0	3.483432E1	-4.143841E0
2.226000E0	3.473578E1	-4.360206E0
2.243391E0	3.464449E1	-4.548571E0
2.260781E0	3.456574E1	-4.673433E0
2.278172E0	3.449757E1	-4.763190E0
2.295563E0	3.443855E1	-4.817265E0
2.312953E0	3.438838E1	-4.832791E0
2.330344E0	3.434022E1	-4.831786E0
2.347735E0	3.429800E1	-4.792993E0
2.365125E0	3.426389E1	-4.727246E0
2.382516E0	3.423865E1	-4.645280E0
2.399906E0	3.420640E1	-4.538828E0
2.417297E0	3.418298E1	-4.421640E0
2.434688E0	3.415751E1	-4.291946E0
2.452078E0	3.415609E1	-4.132328E0
2.469469E0	3.418756E1	-3.930577E0
2.486860E0	3.424847E1	-3.650173E0
2.504250E0	3.431529E1	-3.364708E0
2.521641E0	3.439808E1	-3.025655E0
2.539032E0	3.448228E1	-2.684388E0
2.556422E0	3.462323E1	-2.333680E0
2.573813E0	3.469923E1	-1.908031E0
2.591203E0	3.474449E1	-1.462236E0
2.608594E0	3.478414E1	-9.883570E-1
2.625985E0	3.479427E1	-5.283271E-1
2.643375E0	3.477954E1	-5.602345E-2
2.660766E0	3.477007E1	4.774268E-1
2.678157E0	3.464420E1	9.179735E-1
2.695547E0	3.454767E1	1.377242E0
2.712938E0	3.441437E1	1.765421E0
2.730328E0	3.430576E1	2.044411E0
2.747719E0	3.421416E1	2.237278E0
2.765110E0	3.411963E1	2.398886E0
2.782500E0	3.402599E1	2.544968E0
2.799891E0	3.393734E1	2.650702E0
2.817282E0	3.384884E1	2.724950E0
2.834672E0	3.376961E1	2.736222E0
2.852063E0	3.371234E1	2.683220E0
2.869453E0	3.366239E1	2.607578E0
2.886844E0	3.363028E1	2.518115E0
2.904235E0	3.361278E1	2.412330E0
2.921625E0	3.360789E1	2.261404E0
2.939016E0	3.362585E1	2.080154E0
2.956407E0	3.367026E1	1.851621E0
2.973797E0	3.372481E1	1.614848E0
2.991188E0	3.378448E1	1.358089E0
3.008578E0	3.384505E1	1.079764E0
3.025969E0	3.392010E1	7.584768E-1
3.043360E0	3.399392E1	3.875967E-1
3.060750E0	3.405621E1	-5.588870E-3
3.078141E0	3.410762E1	-4.089545E-1
3.095532E0	3.415474E1	-8.425548E-1
3.112922E0	3.420291E1	-1.746730E0
3.130313E0	3.419326E1	-2.692759E0
3.147703E0	3.415624E1	-3.076379E0
3.165094E0	3.409797E1	-3.477039E0
3.182485E0	3.401981E1	-3.848780E0
3.199875E0	3.392918E1	-4.178695E0
3.217266E0	3.385122E1	-4.463146E0
3.234657E0	3.376151E1	-4.719250E0
3.252047E0	3.369217E1	-4.901929E0
3.269438E0	3.362658E1	-5.064406E0
3.286828E0	3.357903E1	-5.182620E0
3.304219E0	3.349209E1	-5.320688E0
3.321610E0	3.345889E1	-5.338881E0
3.339000E0	3.344119E1	-5.336485E0
3.356391E0	3.341022E1	-5.328305E0
3.373782E0	3.338901E1	-5.290517E0
3.391172E0	3.337063E1	-5.243658E0
3.408563E0	3.335416E1	-5.173209E0
3.425953E0	3.334067E1	-5.085098E0
3.443344E0	3.335462E1	-4.947928E0
3.460735E0	3.339872E1	-4.762061E0
3.478125E0	3.347517E1	-4.528468E0
3.495516E0	3.356372E1	-4.241489E0
3.512907E0	3.366587E1	-3.934038E0
3.530297E0	3.377146E1	-3.597060E0
3.547688E0	3.388762E1	-3.228120E0
3.565078E0	3.399203E1	-2.839617E0
3.582469E0	3.414919E1	-1.993371E0
3.599860E0	3.419941E1	-1.530426E0
3.617250E0	3.422308E1	-1.051513E0
3.634641E0	3.420809E1	-5.814050E-1
3.652032E0	3.416036E1	-1.540296E-1
3.669422E0	3.409250E1	2.553127E-1
3.686813E0	3.400638E1	6.245656E-1
3.704204E0	3.392051E1	9.110387E-1
3.721594E0	3.383412E1	1.122109E0
3.738985E0	3.377179E1	1.289114E0
3.756375E0	3.370355E1	1.425184E0
3.773766E0	3.363406E1	1.535139E0
3.791157E0	3.356801E1	1.600952E0
3.808547E0	3.351022E1	1.608420E0
3.825938E0	3.346867E1	1.567252E0
3.843329E0	3.343570E1	1.520971E0
3.860719E0	3.341754E1	1.453262E0
3.878110E0	3.340780E1	1.359608E0
3.895500E0	3.340718E1	1.231471E0
3.912891E0	3.343758E1	1.047001E0
3.930282E0	3.349142E1	8.167451E-1
3.947672E0	3.355783E1	5.592131E-1
3.965063E0	3.363220E1	2.917362E-1
3.982454E0	3.371211E1	-1.569712E-3
3.999844E0	3.377973E1	-3.158969E-1
4.017235E0	3.385943E1	-6.889354E-1
4.034625E0	3.392752E1	-1.066888E0
4.052016E0	3.401188E1	-1.472550E0
4.069407E0	3.406427E1	-1.870742E0
4.086797E0	3.410539E1	-2.287025E0
4.104188E0	3.414736E1	-2.716805E0
4.121579E0	3.415449E1	-3.141880E0
4.138969E0	3.411254E1	-3.999631E0
4.156360E0	3.405740E1	-4.395812E0
4.173750E0	3.399685E1	-4.767213E0
4.191141E0	3.392879E1	-5.085851E0
4.208532E0	3.386014E1	-5.381918E0
4.225922E0	3.378880E1	-5.635600E0
4.243313E0	3.373311E1	-5.836234E0
4.260704E0	3.368985E1	-5.969039E0
4.278094E0	3.364926E1	-6.100800E0
4.295485E0	3.362486E1	-6.171513E0
4.312875E0	3.360733E1	-6.219469E0
4.330266E0	3.359046E1	-6.240845E0
4.347657E0	3.357860E1	-6.236348E0
4.365047E0	3.355813E1	-6.225702E0
4.382438E0	3.353544E1	-6.193598E0
4.399829E0	3.351942E1	-6.147988E0
4.417219E0	3.350991E1	-6.007806E0
4.434610E0	3.353601E1	-5.891185E0
4.452000E0	3.359143E1	-5.737266E0
4.469391E0	3.367823E1	-5.533619E0
4.486782E0	3.378010E1	-5.274563E0
4.504172E0	3.390754E1	-5.005161E0
4.521563E0	3.404812E1	-4.698576E0
4.538954E0	3.418740E1	-4.352274E0
4.556344E0	3.433035E1	-3.958342E0
4.573735E0	3.445119E1	-3.538721E0
4.591125E0	3.455181E1	-3.110666E0
4.608516E0	3.462122E1	-2.669938E0
4.625907E0	3.466369E1	-2.205453E0
4.643297E0	3.468621E1	-1.755873E0
4.660688E0	3.468166E1	-1.319654E0
4.678079E0	3.465104E1	-8.883147E-1
4.695469E0	3.459434E1	-5.298281E-1
4.712860E0	3.454651E1	-2.359076E-1
4.730250E0	3.450483E1	3.645247E-4
4.747641E0	3.445570E1	1.913515E-1
4.765032E0	3.440662E1	3.545258E-1
4.782422E0	3.436137E1	4.755395E-1
4.799813E0	3.431454E1	5.619326E-1
4.817204E0	3.427121E1	5.854246E-1
4.834594E0	3.424533E1	5.687879E-1
4.851985E0	3.422082E1	5.224549E-1
4.869375E0	3.421242E1	4.462393E-1
4.886766E0	3.421516E1	3.444388E-1
4.904157E0	3.422713E1	2.086340E-1
4.921547E0	3.426343E1	2.564800E-2
4.938938E0	3.431189E1	-1.883317E-1
4.956329E0	3.436836E1	-4.513852E-1
4.973719E0	3.443905E1	-7.269225E-1
4.991110E0	3.450828E1	-1.050423E0
5.008501E0	3.458345E1	-1.395324E0
5.025891E0	3.465535E1	-1.761504E0
5.043282E0	3.471489E1	-2.150645E0
5.060672E0	3.477214E1	-2.538729E0
5.078063E0	3.481660E1	-2.927334E0
5.095454E0	3.485807E1	-3.333861E0
5.112844E0	3.489149E1	-3.770457E0
5.130235E0	3.490083E1	-4.226176E0
5.147626E0	3.487820E1	-4.701017E0
5.165016E0	3.483730E1	-5.135469E0
5.182407E0	3.477623E1	-5.527764E0
5.199797E0	3.469782E1	-5.891242E0
5.217188E0	3.460762E1	-6.225068E0
5.234579E0	3.451175E1	-6.508855E0
5.251969E0	3.442762E1	-6.754988E0
5.269360E0	3.436758E1	-6.937780E0
5.286751E0	3.431560E1	-7.079169E0
5.304141E0	3.428622E1	-7.174805E0
5.321532E0	3.426612E1	-7.250770E0
5.338922E0	3.424907E1	-7.286466E0
5.356313E0	3.423786E1	-7.296987E0
5.373704E0	3.423272E1	-7.294553E0
5.391094E0	3.422328E1	-7.278917E0
5.408485E0	3.420680E1	-7.241391E0
5.425876E0	3.419153E1	-7.195017E0
5.443266E0	3.419523E1	-7.118304E0
5.460657E0	3.420622E1	-7.008010E0
5.478047E0	3.424062E1	-6.874255E0
5.495438E0	3.431758E1	-6.682555E0
5.512829E0	3.441681E1	-6.453669E0
5.530219E0	3.467307E1	-5.884983E0
5.547610E0	3.481029E1	-5.553744E0
5.565001E0	3.495288E1	-5.204711E0
5.582391E0	3.509069E1	-4.818359E0
5.599782E0	3.523320E1	-4.396623E0
5.617172E0	3.535239E1	-3.972804E0
5.634563E0	3.543995E1	-3.506697E0
5.651954E0	3.550489E1	-3.031126E0
5.669344E0	3.554844E1	-2.578396E0
5.686735E0	3.554112E1	-2.129610E0
5.704126E0	3.551761E1	-1.681431E0
5.721516E0	3.547663E1	-1.299159E0
5.738907E0	3.542343E1	-1.000997E0
5.756297E0	3.537602E1	-7.743999E-1
5.773688E0	3.532954E1	-5.772417E-1
5.791079E0	3.527869E1	-4.257102E-1
5.808469E0	3.523263E1	-2.867086E-1
5.825860E0	3.518156E1	-1.979411E-1
5.843251E0	3.513679E1	-1.630708E-1
5.860641E0	3.509605E1	-1.811179E-1
5.878032E0	3.506288E1	-2.293417E-1
5.895422E0	3.505211E1	-3.048011E-1
5.912813E0	3.504488E1	-4.045530E-1
5.930204E0	3.506159E1	-5.468120E-1
5.947594E0	3.510230E1	-7.360186E-1
5.964985E0	3.514442E1	-9.625357E-1
5.982376E0	3.520465E1	-1.226299E0
5.999766E0	3.526900E1	-1.510167E0
6.017157E0	3.535034E1	-1.822891E0
6.034547E0	3.543417E1	-2.171321E0
6.051938E0	3.550231E1	-2.514234E0
6.069329E0	3.556170E1	-2.893123E0
6.086719E0	3.562566E1	-3.281805E0
6.104110E0	3.568387E1	-3.677376E0
6.121501E0	3.573118E1	-4.088783E0
6.138891E0	3.576448E1	-4.531845E0
6.156282E0	3.576780E1	-5.019433E0
6.173673E0	3.573659E1	-5.495642E0
6.191063E0	3.563269E1	-6.367402E0
6.208454E0	3.553963E1	-6.769735E0
6.225844E0	3.545220E1	-7.119886E0
6.243235E0	3.535910E1	-7.427693E0
6.260626E0	3.527085E1	-7.678766E0
6.278016E0	3.522115E1	-7.874787E0
6.295407E0	3.518233E1	-8.012457E0
6.312798E0	3.515644E1	-8.107350E0
6.330188E0	3.514696E1	-8.168926E0
6.347579E0	3.514319E1	-8.209179E0
6.364969E0	3.514284E1	-8.217243E0
6.382360E0	3.514011E1	-8.200034E0
6.399751E0	3.513892E1	-8.167720E0
6.417141E0	3.513615E1	-8.138940E0
6.434532E0	3.513410E1	-8.098472E0
6.451923E0	3.513994E1	-8.027297E0
6.469313E0	3.515164E1	-7.936145E0
6.486704E0	3.520215E1	-7.809645E0
6.504094E0	3.528193E1	-7.630611E0
6.521485E0	3.539660E1	-7.397674E0
6.538876E0	3.553605E1	-7.131264E0
6.556266E0	3.568403E1	-6.811398E0
6.573657E0	3.585939E1	-6.461634E0
6.591048E0	3.603254E1	-6.076893E0
6.608438E0	3.618596E1	-5.688662E0
6.625829E0	3.632693E1	-5.280569E0
6.643219E0	3.644894E1	-4.841870E0
6.660610E0	3.655034E1	-4.390582E0
6.678001E0	3.660819E1	-3.907690E0
6.695391E0	3.664598E1	-3.436611E0
6.712782E0	3.664890E1	-2.973803E0
6.730173E0	3.663339E1	-2.533629E0
6.747563E0	3.653031E1	-1.863908E0
6.764954E0	3.648306E1	-1.613066E0
6.782344E0	3.643704E1	-1.430203E0
