	masse A		
t	x	y	
0.000000E0	-1.262810E-2	3.830842E-3
3.333333E-2	-1.234702E-2	3.432091E-3
6.666667E-2	-1.254906E-2	3.533635E-3
1.000000E-1	-1.557746E-2	3.454739E-3
1.333333E-1	-1.602268E-2	2.286140E-3
1.666667E-1	-4.568503E-2	-1.117399E-2
2.000000E-1	-7.332438E-2	-7.088441E-3
2.333333E-1	-1.112897E-1	-1.028874E-2
2.666667E-1	-1.561096E-1	-4.541841E-3
3.000000E-1	-1.806570E-1	-5.848474E-3
3.333333E-1	-2.691441E-1	7.488370E-3
3.666667E-1	-2.979913E-1	-1.433421E-2
4.000000E-1	-2.995170E-1	-1.704433E-2
4.333333E-1	-2.901683E-1	-2.677407E-2
4.666667E-1	-2.835008E-1	-1.795352E-2
5.000000E-1	-2.067848E-1	-1.252218E-2
5.333333E-1	-1.477326E-1	-6.475792E-3
5.666667E-1	-9.911086E-2	9.413316E-4
6.000000E-1	-1.403297E-2	1.594202E-2
6.333333E-1	6.794491E-3	2.955458E-2
6.666667E-1	3.990634E-2	3.519334E-2
7.000000E-1	5.976127E-2	5.812315E-2
7.333333E-1	6.185247E-2	9.619292E-2
7.666667E-1	3.962934E-2	1.171831E-1
8.000000E-1	3.802148E-2	1.474777E-1
8.333333E-1	-2.433622E-2	1.928437E-1
8.666667E-1	-1.033249E-1	1.884099E-1
9.000000E-1	-1.313769E-1	1.455418E-1
9.333333E-1	-1.783425E-1	3.584520E-2
9.666667E-1	-1.934256E-1	1.105549E-2
1.000000E0	-2.331603E-1	-1.009184E-1
1.033333E0	-1.846656E-1	-1.138996E-1
1.066667E0	-1.386136E-1	-1.024117E-1
1.100000E0	-3.979274E-2	-5.756127E-2
1.133333E0	8.175981E-3	-4.025541E-2
1.166667E0	6.061553E-2	-2.431547E-3
1.200000E0	6.458786E-2	-6.610478E-4
1.233333E0	6.862121E-2	2.823287E-3
1.266667E0	6.988341E-2	1.196883E-2
1.300000E0	6.568328E-2	1.266951E-2
1.333333E0	1.044842E-2	8.830905E-2
1.366667E0	-5.414149E-2	1.502587E-1
1.400000E0	-7.212300E-2	1.561616E-1
1.433333E0	-9.198945E-2	1.401391E-1
1.466667E0	-9.216547E-2	1.303634E-1
1.500000E0	-9.107184E-2	3.877079E-2
1.533333E0	-7.516707E-2	-2.554884E-2
1.566667E0	-3.075963E-2	-3.474956E-2
1.600000E0	4.292695E-2	-5.296640E-2
1.633333E0	8.019445E-2	-3.931006E-2
1.666667E0	8.116912E-2	-9.934615E-3
1.700000E0	7.091908E-2	1.092280E-2
1.733333E0	6.679071E-2	1.772668E-2
1.766667E0	5.304743E-2	3.210159E-2
1.800000E0	4.870805E-2	3.560410E-2
1.833333E0	-4.700484E-2	1.294571E-1
1.866667E0	-8.212416E-2	1.782851E-1
1.900000E0	-1.181271E-1	1.464177E-1
1.933333E0	-1.635051E-1	1.215834E-1
1.966667E0	-1.718377E-1	1.031337E-1
2.000000E0	-1.805642E-1	6.937323E-3
2.033333E0	-1.438152E-1	-3.633909E-3
2.066667E0	-1.113032E-1	-2.425336E-3
2.100000E0	-2.086990E-2	1.272151E-2
2.133333E0	1.360712E-2	2.445094E-2
2.166667E0	3.439364E-2	4.212301E-2
2.200000E0	4.263571E-2	6.375559E-2
2.233333E0	4.900269E-2	7.497578E-2
2.266667E0	4.463700E-2	8.149551E-2
2.300000E0	3.787963E-2	8.295508E-2
2.333333E0	-2.745074E-2	1.731555E-1
2.366667E0	-9.534075E-2	2.255356E-1
2.400000E0	-1.270768E-1	2.228462E-1
2.433333E0	-1.635829E-1	1.838918E-1
2.466667E0	-1.840192E-1	1.406915E-1
2.500000E0	-2.057034E-1	7.423973E-2
2.533333E0	-1.695894E-1	3.118800E-2
2.566667E0	-1.403268E-1	2.591497E-2
2.600000E0	-7.400261E-2	2.196577E-2
2.633333E0	-3.754396E-2	2.473739E-2
2.666667E0	-1.436588E-2	4.304208E-2
2.700000E0	-2.039881E-2	6.389179E-2
2.733333E0	-1.602390E-2	7.456673E-2
2.766667E0	-1.999361E-2	9.390506E-2
2.800000E0	-2.395222E-2	1.028466E-1
2.833333E0	-1.142849E-1	2.070756E-1
2.866667E0	-1.637162E-1	2.704112E-1
2.900000E0	-1.736780E-1	2.495356E-1
2.933333E0	-2.271573E-1	2.114054E-1
2.966667E0	-2.252732E-1	1.828537E-1
3.000000E0	-2.532279E-1	9.015889E-2
3.033333E0	-2.113387E-1	7.918961E-2
3.066667E0	-1.904137E-1	7.188112E-2
3.100000E0	-9.754758E-2	8.482063E-2
3.133333E0	-4.144311E-2	9.500292E-2
3.166667E0	-8.148886E-3	1.035469E-1
3.200000E0	-6.490533E-3	9.250717E-2
3.233333E0	-7.066244E-3	8.970630E-2
3.266667E0	-8.649816E-3	1.030666E-1
3.300000E0	-1.198703E-2	1.111428E-1
3.333333E0	-4.631864E-2	1.527240E-1
3.366667E0	-1.364598E-1	2.756966E-1
3.400000E0	-1.567533E-1	2.694266E-1
3.433333E0	-1.788968E-1	2.199076E-1
3.466667E0	-1.730950E-1	1.716427E-1
3.500000E0	-2.001396E-1	1.423989E-1
3.533333E0	-1.731068E-1	9.560447E-2
3.566667E0	-1.308534E-1	9.341297E-2
3.600000E0	-3.143949E-2	8.813211E-2
3.633333E0	2.267085E-2	1.053459E-1
3.666667E0	5.517457E-2	9.883788E-2
3.700000E0	7.715762E-2	8.382337E-2
3.733333E0	7.993816E-2	8.624604E-2
3.766667E0	8.360581E-2	1.067540E-1
3.800000E0	7.027898E-2	1.128018E-1
3.833333E0	4.315728E-2	1.922375E-1
3.866667E0	-9.374502E-3	2.992002E-1
3.900000E0	-2.437560E-2	2.841146E-1
3.933333E0	-3.997475E-2	2.430297E-1
3.966667E0	-2.468931E-2	1.830202E-1
4.000000E0	-4.846830E-2	1.235501E-1
4.033333E0	2.082462E-2	1.082170E-1
4.066667E0	5.265343E-2	8.409711E-2
4.100000E0	1.535112E-1	8.460344E-2
4.133333E0	2.279005E-1	1.032511E-1
4.166667E0	2.628947E-1	9.594177E-2
4.200000E0	2.950626E-1	7.498327E-2
4.233333E0	2.954166E-1	7.925628E-2
4.266667E0	3.023645E-1	8.727263E-2
4.300000E0	2.969957E-1	9.770214E-2
4.333333E0	2.829828E-1	1.547511E-1
4.366667E0	2.128067E-1	2.606774E-1
4.400000E0	2.028265E-1	2.605131E-1
4.433333E0	1.892435E-1	2.207581E-1
4.466667E0	1.977079E-1	1.739357E-1
4.500000E0	1.852240E-1	1.226066E-1
4.533333E0	2.649438E-1	7.708427E-2
4.566667E0	3.015782E-1	7.789051E-2
4.600000E0	3.982320E-1	7.368053E-2
4.633333E0	4.880862E-1	8.614103E-2
4.666667E0	5.414969E-1	7.651614E-2
4.700000E0	5.697339E-1	5.558168E-2
4.733333E0	5.751347E-1	6.687468E-2
4.766667E0	5.883236E-1	8.024820E-2
4.800000E0	5.897776E-1	9.200801E-2
4.833333E0	5.647571E-1	1.471494E-1
4.866667E0	5.184258E-1	2.527495E-1
4.900000E0	4.931328E-1	2.270509E-1
4.933333E0	4.786429E-1	1.744505E-1
4.966667E0	4.669430E-1	1.308076E-1
5.000000E0	4.759852E-1	8.195177E-2
5.033333E0	5.493566E-1	3.298503E-2
5.066667E0	5.868430E-1	2.647283E-2
5.100000E0	6.794521E-1	1.989361E-2
5.133333E0	7.509060E-1	2.623096E-2
5.166667E0	8.061378E-1	3.155360E-2
5.200000E0	8.184729E-1	9.833208E-3
5.233333E0	8.420696E-1	1.097866E-2
5.266667E0	8.604443E-1	2.043343E-2
5.300000E0	8.653929E-1	2.813075E-2
5.333333E0	8.505167E-1	8.296785E-2
5.366667E0	7.967186E-1	1.806239E-1
5.400000E0	7.810237E-1	1.597641E-1
5.433333E0	7.641090E-1	1.080810E-1
5.466667E0	7.604934E-1	6.614743E-2
5.500000E0	7.694757E-1	1.963104E-2
5.533333E0	8.263690E-1	-1.291172E-2
5.566667E0	8.691383E-1	2.486957E-3
5.600000E0	9.724966E-1	1.168299E-2
5.633333E0	1.039820E0	1.678460E-2
5.666667E0	1.093936E0	2.111906E-2
5.700000E0	1.113768E0	-1.878224E-3
5.733333E0	1.135763E0	2.489117E-3
5.766667E0	1.156411E0	1.905281E-2
5.800000E0	1.160187E0	2.641302E-2
5.833333E0	1.143679E0	8.247829E-2
5.866667E0	1.105111E0	1.819423E-1
5.900000E0	1.080368E0	1.579520E-1
5.933333E0	1.068569E0	1.086389E-1
5.966667E0	1.064406E0	6.836562E-2
6.000000E0	1.069959E0	2.448112E-2
6.033333E0	1.133470E0	-1.364451E-2
6.066667E0	1.169661E0	-5.889094E-4
6.100000E0	1.268457E0	8.762698E-3
6.133333E0	1.356480E0	1.479912E-2
6.166667E0	1.405026E0	1.401564E-2
6.200000E0	1.443901E0	1.237646E-3
6.233333E0	1.450365E0	5.144583E-3
6.266667E0	1.471496E0	8.582606E-3
6.300000E0	1.495668E0	1.525182E-2
6.333333E0	1.489590E0	6.471281E-2
6.366667E0	1.446147E0	1.637473E-1
6.400000E0	1.434587E0	1.492353E-1
6.433333E0	1.428552E0	1.107785E-1
6.466667E0	1.421661E0	6.052395E-2
6.500000E0	1.431417E0	1.591888E-2
6.533333E0	1.492282E0	-1.683658E-2
6.566667E0	1.538759E0	-5.647042E-3
6.600000E0	1.632701E0	7.706660E-4
6.633333E0	1.725754E0	8.847134E-4
6.666667E0	1.767428E0	6.477094E-3
6.700000E0	1.817089E0	-7.012598E-3
6.733333E0	1.823685E0	-4.058048E-4
6.766667E0	1.850023E0	1.302197E-3
6.800000E0	1.870824E0	1.001820E-2
6.833333E0	1.860489E0	6.133830E-2
6.866667E0	1.825141E0	1.651657E-1
6.900000E0	1.806624E0	1.506496E-1
6.933333E0	1.792049E0	1.163668E-1
6.966667E0	1.799457E0	7.863797E-2
7.000000E0	1.804052E0	2.250800E-2
7.033333E0	1.871245E0	-1.622706E-2
7.066667E0	1.917956E0	-1.631628E-2
7.100000E0	2.057953E0	-3.979145E-4
7.133333E0	2.129021E0	1.118137E-3
7.166667E0	2.185084E0	7.894011E-3
7.200000E0	2.219300E0	-1.504055E-2
7.233333E0	2.239035E0	-5.930834E-3
7.266667E0	2.275613E0	-6.013908E-3
7.300000E0	2.300700E0	3.651192E-3
7.333333E0	2.295171E0	5.530248E-2
7.366667E0	2.257104E0	1.569422E-1
7.400000E0	2.243213E0	1.468051E-1
7.433333E0	2.242966E0	1.110392E-1
7.466667E0	2.233832E0	5.871833E-2
7.500000E0	2.241998E0	9.846821E-3
7.533333E0	2.314706E0	-2.309959E-2
7.566667E0	2.360838E0	-2.713485E-2
7.600000E0	2.492852E0	-5.524970E-3
7.633333E0	2.572598E0	-5.836081E-3
7.666667E0	2.632433E0	-3.647899E-3
7.700000E0	2.696047E0	-3.148238E-2
7.733333E0	2.724850E0	-1.192011E-2
7.766667E0	2.761656E0	-1.075604E-3
7.800000E0	2.772381E0	2.032968E-3
7.833333E0	2.774122E0	4.388871E-2
7.866667E0	2.755046E0	1.625235E-1
7.900000E0	2.740981E0	1.451065E-1
7.933333E0	2.745072E0	1.056053E-1
7.966667E0	2.738366E0	5.600350E-2
8.000000E0	2.744845E0	8.599302E-3
8.033333E0	2.829848E0	-2.361831E-2
8.066667E0	2.868533E0	-2.624479E-2
8.100000E0	3.006080E0	-7.099045E-3
8.133333E0	3.080862E0	-6.251104E-3
8.166667E0	3.146295E0	7.476801E-4
8.200000E0	3.203122E0	-1.992503E-2
8.233333E0	3.235918E0	-1.052797E-2
8.266667E0	3.282885E0	-2.128685E-3
8.300000E0	3.311655E0	8.544007E-3
8.333333E0	3.310669E0	5.776009E-2
8.366667E0	3.297028E0	1.466804E-1
8.400000E0	3.297974E0	1.374891E-1
8.433333E0	3.314700E0	9.817920E-2
8.466667E0	3.312346E0	5.203121E-2
8.500000E0	3.325235E0	1.141058E-2
8.533333E0	3.407840E0	-1.937214E-2
8.566667E0	3.449170E0	-2.466140E-2
8.600000E0	3.592641E0	-8.961337E-3
8.633333E0	3.664874E0	-6.801982E-3
8.666667E0	3.735736E0	9.831711E-4
8.700000E0	3.797734E0	-2.034963E-2
8.733333E0	3.826536E0	-8.351866E-3
8.766667E0	3.875576E0	-1.095985E-3
8.800000E0	3.903622E0	1.282573E-2
8.833333E0	3.905095E0	6.046917E-2
8.866667E0	3.899532E0	1.544147E-1
8.900000E0	3.896971E0	1.434061E-1
8.933333E0	3.899460E0	1.178052E-1
8.966667E0	3.913511E0	7.487218E-2
9.000000E0	3.939781E0	1.226330E-2
9.033333E0	4.038222E0	-2.066408E-2
9.066667E0	4.096596E0	-2.176615E-2
9.100000E0	4.230156E0	-4.124800E-3
9.133333E0	4.317526E0	-4.900481E-3
9.166667E0	4.381733E0	-1.988134E-4
9.200000E0	4.457337E0	-1.880515E-2
9.233333E0	4.480590E0	-7.182515E-3
9.266667E0	4.533797E0	-2.493490E-3
9.300000E0	4.563654E0	1.098741E-2
9.333333E0	4.566025E0	6.743316E-2
9.366667E0	4.551478E0	1.572226E-1
9.400000E0	4.548993E0	1.495643E-1
9.433333E0	4.555794E0	1.211282E-1
9.466667E0	4.578743E0	6.030497E-2
9.500000E0	4.617268E0	1.756426E-2
9.533333E0	4.701511E0	-1.766521E-2
9.566667E0	4.758873E0	-2.105665E-2
9.600000E0	4.897263E0	-4.840379E-3
9.633333E0	4.982709E0	-1.819533E-3
9.666667E0	5.042541E0	3.454125E-3
9.700000E0	5.111247E0	-1.669133E-2
9.733333E0	5.137650E0	-6.191020E-3
9.766667E0	5.188058E0	-1.437155E-3
9.800000E0	5.217189E0	1.572658E-2
9.833333E0	5.216559E0	7.204672E-2
9.866667E0	5.207490E0	1.621066E-1
9.900000E0	5.206443E0	1.510515E-1
9.933333E0	5.210994E0	1.252819E-1
9.966667E0	5.237547E0	7.315910E-2
1.000000E1	5.279976E0	2.456068E-2
1.003333E1	5.360603E0	-8.675039E-3
1.006667E1	5.418411E0	-1.119659E-2
1.010000E1	5.554358E0	-5.160014E-3
1.013333E1	5.630149E0	9.954890E-4
1.016667E1	5.697986E0	6.371626E-3
1.020000E1	5.769160E0	-1.636319E-2
1.023333E1	5.793611E0	-7.441306E-3
1.026667E1	5.844312E0	-2.874185E-4
1.030000E1	5.881668E0	4.379716E-4
1.033333E1	5.899130E0	6.120920E-2
1.036667E1	5.889225E0	1.553940E-1
1.040000E1	5.898096E0	1.467224E-1
1.043333E1	5.908416E0	1.188838E-1
1.046667E1	5.925923E0	8.654773E-2
1.050000E1	5.945834E0	1.884266E-2
1.053333E1	6.051761E0	-1.041930E-2
1.056667E1	6.107662E0	-1.023451E-2
1.060000E1	6.258950E0	3.085035E-3
1.063333E1	6.312992E0	5.664549E-4
1.066667E1	6.387093E0	4.776883E-3
1.070000E1	6.468191E0	-1.509674E-2
1.073333E1	6.494792E0	-6.810351E-3
1.076667E1	6.546452E0	4.100399E-3
1.080000E1	6.576382E0	1.726014E-2
1.083333E1	6.576137E0	7.769336E-2
1.086667E1	6.572624E0	1.654699E-1
1.090000E1	6.571970E0	1.548312E-1
1.093333E1	6.576756E0	1.240396E-1
1.096667E1	6.592238E0	9.652410E-2
1.100000E1	6.613322E0	3.255404E-2
1.103333E1	6.705325E0	-5.511329E-3
1.106667E1	6.765099E0	-7.232569E-3
1.110000E1	6.906516E0	7.041060E-3
1.113333E1	6.954797E0	1.479986E-2
1.116667E1	7.009494E0	1.416632E-2
1.120000E1	7.066241E0	-1.123824E-2
1.123333E1	7.092325E0	-2.696499E-3
1.126667E1	7.135845E0	7.760044E-3
1.130000E1	7.159646E0	2.362834E-2
1.133333E1	7.168009E0	8.032288E-2
1.136667E1	7.159411E0	1.523219E-1
1.140000E1	7.157438E0	1.535763E-1
1.143333E1	7.160042E0	1.356939E-1
1.146667E1	7.162172E0	1.284065E-1
1.150000E1	7.174580E0	4.236828E-2
1.153333E1	7.243931E0	2.964267E-2
1.156667E1	7.334800E0	4.917914E-3
1.160000E1	7.460994E0	3.116480E-3
1.163333E1	7.508577E0	8.832296E-3
1.166667E1	7.615087E0	1.116372E-2
1.170000E1	7.659135E0	4.830191E-3
1.173333E1	7.694727E0	-5.142964E-3
1.176667E1	7.755899E0	1.289108E-3
1.180000E1	7.781677E0	5.784008E-3
1.183333E1	7.795032E0	8.660888E-2
1.186667E1	7.787848E0	1.533622E-1
1.190000E1	7.788243E0	1.514680E-1
1.193333E1	7.788011E0	1.316649E-1
1.196667E1	7.788322E0	1.244843E-1
1.200000E1	7.797181E0	5.782700E-2
1.203333E1	7.855321E0	2.463580E-2
1.206667E1	7.933459E0	3.925984E-3
1.210000E1	8.050138E0	1.781562E-3
1.213333E1	8.091324E0	7.841895E-3
1.216667E1	8.191778E0	1.176860E-2
1.220000E1	8.235315E0	5.154223E-3
1.223333E1	8.265696E0	-6.860846E-3
1.226667E1	8.325417E0	6.595342E-3
1.230000E1	8.327704E0	-1.884844E-3
1.233333E1	8.352250E0	7.849892E-2
1.236667E1	8.350593E0	1.428499E-1
1.240000E1	8.353653E0	1.419811E-1
1.243333E1	8.359385E0	1.240504E-1
1.246667E1	8.362606E0	1.168706E-1
1.250000E1	8.370762E0	5.145417E-2
1.253333E1	8.421237E0	1.690543E-2
1.256667E1	8.500882E0	3.371753E-3
1.260000E1	8.617952E0	3.181388E-3
1.263333E1	8.657457E0	4.077360E-3
1.266667E1	8.748572E0	1.804442E-2
1.270000E1	8.777761E0	-8.067810E-3
1.273333E1	8.811545E0	-6.536429E-3
1.276667E1	8.855910E0	-5.782241E-3
1.280000E1	8.874442E0	2.852983E-3
1.283333E1	8.879435E0	7.927627E-2
1.286667E1	8.877533E0	1.495002E-1
1.290000E1	8.872605E0	1.484201E-1
1.293333E1	8.871711E0	1.267580E-1
1.296667E1	8.868559E0	1.200520E-1
1.300000E1	8.874543E0	5.343794E-2
1.303333E1	8.920467E0	9.900288E-3
1.306667E1	9.007744E0	1.150214E-3
1.310000E1	9.113291E0	6.596582E-3
1.313333E1	9.140737E0	3.796230E-3
1.316667E1	9.241438E0	1.699116E-2
1.320000E1	9.266854E0	-1.369932E-2
1.323333E1	9.309985E0	-9.085155E-3
1.326667E1	9.354380E0	-8.763818E-3
1.330000E1	9.373871E0	-3.730106E-4
1.333333E1	9.370307E0	7.170584E-2
1.336667E1	9.363684E0	1.398061E-1
1.340000E1	9.360890E0	1.359721E-1
1.343333E1	9.353441E0	1.134467E-1
1.346667E1	9.377454E0	1.050486E-1
1.350000E1	9.377151E0	1.300460E-2
1.353333E1	9.397316E0	-9.363933E-4
1.356667E1	9.466058E0	-1.356209E-2
1.360000E1	9.553446E0	-3.968043E-3
1.363333E1	9.586324E0	-1.808047E-3
1.366667E1	9.672475E0	9.898613E-3
1.370000E1	9.698388E0	-3.157128E-3
1.373333E1	9.714070E0	-1.569027E-2
1.376667E1	9.759926E0	-3.765062E-3
1.380000E1	9.765647E0	4.550484E-3
1.383333E1	9.747645E0	7.623968E-2
1.386667E1	9.737912E0	1.478837E-1
1.390000E1	9.732351E0	1.431334E-1
1.393333E1	9.718411E0	1.223397E-1
1.396667E1	9.738382E0	1.090100E-1
1.400000E1	9.738606E0	1.702936E-2
1.403333E1	9.762522E0	-4.621892E-3
1.406667E1	9.832940E0	-1.158814E-2
1.410000E1	9.920671E0	-8.654631E-3
1.413333E1	9.962221E0	-1.081272E-3
1.416667E1	1.004640E1	1.148919E-2
1.420000E1	1.007023E1	-1.683126E-2
1.423333E1	1.010277E1	-1.079154E-2
1.426667E1	1.012728E1	-3.872138E-3
1.430000E1	1.012671E1	2.269812E-3
1.433333E1	1.010784E1	7.331162E-2
1.436667E1	1.009554E1	1.407254E-1
1.440000E1	1.008756E1	1.340635E-1
1.443333E1	1.008711E1	1.003510E-1
1.446667E1	1.008325E1	6.092397E-2
1.450000E1	1.010153E1	-5.500828E-4
1.453333E1	1.013848E1	-1.781946E-2
1.456667E1	1.022779E1	-1.581265E-2
1.460000E1	1.031486E1	-3.950953E-3
1.463333E1	1.034085E1	3.974828E-3
1.466667E1	1.038871E1	-2.425913E-3
1.470000E1	1.040590E1	-1.607418E-2
1.473333E1	1.041794E1	-8.967981E-3
1.476667E1	1.043374E1	-7.719298E-3
1.480000E1	1.044795E1	6.711205E-3
1.483333E1	1.043955E1	8.741124E-2
1.486667E1	1.040398E1	1.474509E-1
1.490000E1	1.039329E1	1.303637E-1
1.493333E1	1.038960E1	9.143361E-2
1.496667E1	1.037943E1	5.539692E-2
1.500000E1	1.038465E1	-4.666387E-3
1.503333E1	1.042644E1	-2.502339E-2
1.506667E1	1.050742E1	-2.496797E-2
1.510000E1	1.059974E1	-5.496580E-3
1.513333E1	1.062902E1	2.721941E-3
1.516667E1	1.067496E1	-5.128326E-3
1.520000E1	1.068947E1	-1.791392E-2
1.523333E1	1.069701E1	-1.144436E-2
1.526667E1	1.070446E1	3.897620E-3
1.530000E1	1.069612E1	1.334035E-2
1.533333E1	1.067683E1	9.962281E-2
1.536667E1	1.064926E1	1.333904E-1
1.540000E1	1.065158E1	1.218765E-1
1.543333E1	1.065286E1	7.693813E-2
1.546667E1	1.067488E1	3.814176E-2
1.550000E1	1.065554E1	-2.741877E-2
1.553333E1	1.069511E1	-1.901694E-2
1.556667E1	1.075636E1	-1.608992E-2
1.560000E1	1.082820E1	-6.553866E-3
1.563333E1	1.085891E1	-7.866738E-3
1.566667E1	1.092571E1	6.873153E-4
1.570000E1	1.094825E1	-3.641743E-2
1.573333E1	1.096782E1	-4.588215E-2
1.576667E1	1.098307E1	-4.319495E-2
1.580000E1	1.097798E1	-4.500104E-2
1.583333E1	1.094926E1	6.264451E-2
1.586667E1	1.091882E1	1.342020E-1
1.590000E1	1.089853E1	1.179454E-1
1.593333E1	1.089614E1	8.086092E-2
1.596667E1	1.088661E1	5.073659E-2
1.600000E1	1.089363E1	-3.941902E-3
1.603333E1	1.094025E1	-2.390409E-2
1.606667E1	1.101271E1	-1.824468E-2
1.610000E1	1.110284E1	-4.770150E-3
1.613333E1	1.112667E1	3.822919E-3
1.616667E1	1.117938E1	-7.599970E-3
1.620000E1	1.120122E1	-2.171560E-2
1.623333E1	1.121494E1	-1.385847E-2
1.626667E1	1.122857E1	-1.395672E-2
1.630000E1	1.124200E1	1.381800E-3
1.633333E1	1.123012E1	8.520068E-2
1.636667E1	1.120348E1	1.497322E-1
1.640000E1	1.118747E1	1.320212E-1
1.643333E1	1.118232E1	8.669918E-2
1.646667E1	1.117365E1	5.358527E-2
1.650000E1	1.118519E1	-8.381148E-3
1.653333E1	1.122300E1	-2.921461E-2
1.656667E1	1.130805E1	-2.399035E-2
1.660000E1	1.139630E1	-8.717519E-3
1.663333E1	1.142297E1	-9.707265E-5
1.666667E1	1.147485E1	-7.804900E-3
1.670000E1	1.151656E1	-4.534133E-2
1.673333E1	1.154282E1	-5.259762E-2
1.676667E1	1.155978E1	-4.418143E-2
1.680000E1	1.155595E1	-3.282472E-2
1.683333E1	1.152762E1	5.456475E-2
1.686667E1	1.153123E1	9.842177E-2
1.690000E1	1.152460E1	7.197196E-2
1.693333E1	1.153076E1	2.885619E-2
1.696667E1	1.152443E1	-1.028657E-2
1.700000E1	1.153716E1	-7.282125E-2
1.703333E1	1.156834E1	-6.784995E-2
1.706667E1	1.163070E1	-7.618748E-2
1.710000E1	1.170328E1	-6.924117E-2
1.713333E1	1.172871E1	-6.613355E-2
1.716667E1	1.180338E1	-6.922760E-2
1.720000E1	1.182990E1	-8.393709E-2
1.723333E1	1.184376E1	-7.619901E-2
1.726667E1	1.185778E1	-6.051955E-2
1.730000E1	1.185030E1	-4.447343E-2
1.733333E1	1.181721E1	4.685739E-2
1.736667E1	1.182246E1	9.398442E-2
1.740000E1	1.181589E1	6.891869E-2
1.743333E1	1.182137E1	2.027418E-2
1.746667E1	1.181264E1	-1.087889E-2
1.750000E1	1.182720E1	-7.520086E-2
1.753333E1	1.185681E1	-7.454898E-2
1.756667E1	1.191654E1	-7.621820E-2
1.760000E1	1.199272E1	-6.607143E-2
1.763333E1	1.202676E1	-6.161110E-2
1.766667E1	1.209733E1	-6.503506E-2
1.770000E1	1.212133E1	-8.324123E-2
1.773333E1	1.213271E1	-7.490116E-2
1.776667E1	1.214786E1	-5.912125E-2
1.780000E1	1.213943E1	-4.440156E-2
1.783333E1	1.210516E1	5.507741E-2
1.786667E1	1.211098E1	9.704359E-2
1.790000E1	1.210456E1	7.361919E-2
1.793333E1	1.211377E1	2.314946E-2
1.796667E1	1.210532E1	-8.404487E-3
1.800000E1	1.211656E1	-7.331699E-2
1.803333E1	1.215254E1	-7.218713E-2
1.806667E1	1.220485E1	-7.757116E-2
1.810000E1	1.228361E1	-6.944529E-2
1.813333E1	1.231259E1	-6.348478E-2
1.816667E1	1.238959E1	-7.084470E-2
1.820000E1	1.241386E1	-8.152205E-2
1.823333E1	1.242858E1	-7.470724E-2
1.826667E1	1.245225E1	-7.520936E-2
1.830000E1	1.246759E1	-6.171044E-2
1.833333E1	1.243308E1	6.125538E-2
1.836667E1	1.241992E1	1.055351E-1
1.840000E1	1.241144E1	8.146433E-2
1.843333E1	1.241764E1	3.395433E-2
1.846667E1	1.241071E1	2.564876E-3
1.850000E1	1.242000E1	-6.463137E-2
1.853333E1	1.247234E1	-7.879653E-2
1.856667E1	1.254337E1	-8.014772E-2
1.860000E1	1.264208E1	-6.844951E-2
1.863333E1	1.267059E1	-6.586003E-2
1.866667E1	1.274955E1	-7.270241E-2
1.870000E1	1.278181E1	-8.765077E-2
1.873333E1	1.280140E1	-7.821720E-2
1.876667E1	1.282640E1	-6.790470E-2
1.880000E1	1.283962E1	-5.390596E-2
1.883333E1	1.281039E1	4.206711E-2
1.886667E1	1.282875E1	8.940798E-2
1.890000E1	1.282669E1	6.971748E-2
1.893333E1	1.284267E1	1.809975E-2
1.896667E1	1.283524E1	-6.808889E-3
1.900000E1	1.285185E1	-6.425948E-2
1.903333E1	1.290004E1	-8.756091E-2
1.906667E1	1.297381E1	-8.040873E-2
1.910000E1	1.307642E1	-6.850893E-2
1.913333E1	1.310498E1	-6.457052E-2
1.916667E1	1.319575E1	-6.907893E-2
1.920000E1	1.322501E1	-8.837897E-2
1.923333E1	1.324651E1	-8.882642E-2
1.926667E1	1.329208E1	-6.603243E-2
1.930000E1	1.329278E1	-4.930925E-2
1.933333E1	1.327247E1	5.675475E-2
1.936667E1	1.328196E1	1.067232E-1
1.940000E1	1.327929E1	8.178570E-2
1.943333E1	1.329467E1	3.759046E-2
1.946667E1	1.328864E1	4.534981E-3
1.950000E1	1.331874E1	-6.621332E-2
1.953333E1	1.339373E1	-8.201208E-2
1.956667E1	1.347174E1	-7.615230E-2
1.960000E1	1.357753E1	-6.810540E-2
1.963333E1	1.361371E1	-6.300683E-2
1.966667E1	1.371423E1	-7.133408E-2
1.970000E1	1.376136E1	-1.069373E-1
1.973333E1	1.378596E1	-1.187687E-1
1.976667E1	1.383155E1	-1.191528E-1
1.980000E1	1.384830E1	-9.939912E-2
1.983333E1	1.384528E1	-1.638907E-2
1.986667E1	1.385333E1	7.912819E-2
1.990000E1	1.385360E1	7.275837E-2
1.993333E1	1.385429E1	4.000357E-2
1.996667E1	1.386899E1	1.372421E-2
2.000000E1	1.386713E1	-2.552501E-2
2.003333E1	1.396411E1	-7.545963E-2
2.006667E1	1.401520E1	-6.847538E-2
2.010000E1	1.412618E1	-6.795797E-2
2.013333E1	1.419709E1	-5.771807E-2
2.016667E1	1.427338E1	-6.640476E-2
2.020000E1	1.433361E1	-1.033263E-1
2.023333E1	1.436100E1	-8.763360E-2
2.026667E1	1.440441E1	-7.581512E-2
2.030000E1	1.443226E1	-5.932655E-2
2.033333E1	1.442696E1	4.750380E-3
2.036667E1	1.442524E1	9.321936E-2
2.040000E1	1.442741E1	7.934975E-2
2.043333E1	1.443364E1	4.997651E-2
2.046667E1	1.444574E1	1.900660E-2
2.050000E1	1.444057E1	-2.437779E-2
2.053333E1	1.451960E1	-5.364002E-2
2.056667E1	1.455745E1	-7.063395E-2
2.060000E1	1.467270E1	-6.263509E-2
2.063333E1	1.472296E1	-4.555002E-2
2.066667E1	1.478796E1	-5.605250E-2
2.070000E1	1.484046E1	-9.087866E-2
2.073333E1	1.486546E1	-7.735172E-2
2.076667E1	1.489166E1	-6.197043E-2
2.080000E1	1.489831E1	-5.610368E-2
2.083333E1	1.490498E1	8.694095E-3
2.086667E1	1.487760E1	1.211822E-1
2.090000E1	1.487024E1	1.253221E-1
2.093333E1	1.488321E1	1.014759E-1
2.096667E1	1.487382E1	5.631897E-2
2.100000E1	1.487519E1	1.240483E-2
2.103333E1	1.493461E1	-1.613434E-2
2.106667E1	1.497384E1	-2.505074E-2
2.110000E1	1.508712E1	-1.678231E-3
2.113333E1	1.513875E1	3.376662E-3
2.116667E1	1.519751E1	-2.669940E-3
2.120000E1	1.523428E1	-2.237422E-2
2.123333E1	1.524504E1	-1.573473E-2
2.126667E1	1.527049E1	-5.891918E-3
2.130000E1	1.529164E1	9.032886E-3
2.133333E1	1.527852E1	6.983432E-2
2.136667E1	1.526077E1	1.496444E-1
2.140000E1	1.527048E1	1.395578E-1
2.143333E1	1.528972E1	9.536201E-2
2.146667E1	1.528322E1	5.329798E-2
2.150000E1	1.529187E1	1.587849E-2
2.153333E1	1.532754E1	3.455748E-3
2.156667E1	1.535442E1	-8.937294E-3
2.160000E1	1.545384E1	6.569632E-3
2.163333E1	1.549146E1	7.244132E-3
2.166667E1	1.555850E1	2.269879E-3
2.170000E1	1.558978E1	-1.594972E-2
2.173333E1	1.559916E1	-8.151681E-3
2.176667E1	1.561758E1	1.152954E-2
2.180000E1	1.562002E1	8.681383E-3
2.183333E1	1.561480E1	9.505556E-2
2.186667E1	1.559358E1	1.760656E-1
2.190000E1	1.558700E1	1.535721E-1
2.193333E1	1.557971E1	1.152436E-1
2.196667E1	1.558848E1	9.567673E-2
2.200000E1	1.558165E1	4.199698E-2
2.203333E1	1.559981E1	4.051047E-2
2.206667E1	1.567398E1	3.816407E-2
2.210000E1	1.576447E1	1.887865E-2
2.213333E1	1.582902E1	3.390675E-2
2.216667E1	1.588444E1	1.471473E-2
2.220000E1	1.591281E1	-1.851982E-2
2.223333E1	1.594435E1	-1.073449E-2
2.226667E1	1.596973E1	9.045068E-3
2.230000E1	1.597584E1	2.184768E-2
2.233333E1	1.595496E1	9.403610E-2
2.236667E1	1.594445E1	1.697600E-1
2.240000E1	1.594522E1	1.546409E-1
2.243333E1	1.594038E1	1.174899E-1
2.246667E1	1.594978E1	9.238591E-2
2.250000E1	1.594038E1	4.404303E-2
2.253333E1	1.601179E1	2.127386E-2
2.256667E1	1.604964E1	2.505336E-2
2.260000E1	1.613887E1	1.413424E-2
2.263333E1	1.620269E1	1.472848E-2
2.266667E1	1.626754E1	1.972071E-2
2.270000E1	1.629036E1	-1.994464E-2
2.273333E1	1.631311E1	-8.629243E-3
2.276667E1	1.633669E1	1.101472E-2
2.280000E1	1.634145E1	2.444346E-2
2.283333E1	1.632139E1	9.642161E-2
2.286667E1	1.630905E1	1.771834E-1
2.290000E1	1.630822E1	1.591009E-1
2.293333E1	1.630555E1	1.190329E-1
2.296667E1	1.631841E1	9.720698E-2
2.300000E1	1.630479E1	4.225667E-2
2.303333E1	1.638181E1	2.150114E-2
2.306667E1	1.641697E1	3.676343E-3
2.310000E1	1.653293E1	1.339384E-2
2.313333E1	1.658192E1	1.425532E-2
2.316667E1	1.664232E1	9.891554E-4
2.320000E1	1.668200E1	-1.625882E-2
2.323333E1	1.669225E1	-1.023007E-2
2.326667E1	1.671674E1	-2.280455E-3
2.330000E1	1.673864E1	1.068604E-2
2.333333E1	1.673393E1	7.841861E-2
2.336667E1	1.671695E1	1.634592E-1
2.340000E1	1.672710E1	1.472233E-1
2.343333E1	1.674201E1	9.841984E-2
2.346667E1	1.673498E1	5.654695E-2
2.350000E1	1.674328E1	1.519485E-2
2.353333E1	1.678159E1	-2.250691E-2
2.356667E1	1.682586E1	-1.146945E-2
2.360000E1	1.691504E1	2.181443E-4
2.363333E1	1.696332E1	9.033654E-3
2.366667E1	1.701401E1	1.864928E-4
2.370000E1	1.704732E1	-2.947579E-2
2.373333E1	1.705304E1	-1.694271E-2
2.376667E1	1.707318E1	-1.036203E-2
2.380000E1	1.709852E1	1.837357E-3
2.383333E1	1.709055E1	6.994940E-2
2.386667E1	1.706351E1	1.800898E-1
2.390000E1	1.704807E1	1.554379E-1
2.393333E1	1.704056E1	1.173113E-1
2.396667E1	1.704219E1	8.125000E-2
2.400000E1	1.704303E1	2.934277E-2
2.403333E1	1.709575E1	-1.299129E-2
2.406667E1	1.713525E1	-5.237133E-3
2.410000E1	1.722618E1	-3.514726E-4
2.413333E1	1.729134E1	-2.201933E-3
2.416667E1	1.734194E1	4.043651E-3
2.420000E1	1.737870E1	-3.927482E-2
2.423333E1	1.739751E1	-5.143653E-2
2.426667E1	1.741721E1	-4.174069E-2
2.430000E1	1.740891E1	-2.674490E-2
2.433333E1	1.739481E1	5.265575E-2
2.436667E1	1.736309E1	1.474425E-1
2.440000E1	1.736887E1	1.366021E-1
2.443333E1	1.738046E1	9.652767E-2
2.446667E1	1.737178E1	5.557511E-2
2.450000E1	1.738156E1	1.041004E-2
2.453333E1	1.741722E1	-9.170308E-3
2.456667E1	1.744187E1	-1.581393E-2
2.460000E1	1.753332E1	-6.590870E-4
2.463333E1	1.758595E1	1.827856E-3
2.466667E1	1.762672E1	-3.977884E-3
2.470000E1	1.765708E1	-4.657399E-2
2.473333E1	1.767382E1	-5.907134E-2
2.476667E1	1.768834E1	-4.320587E-2
2.480000E1	1.768467E1	-2.976944E-2
2.483333E1	1.766341E1	5.234869E-2
2.486667E1	1.762243E1	1.621764E-1
2.490000E1	1.761279E1	1.477732E-1
2.493333E1	1.761063E1	1.045319E-1
2.496667E1	1.759969E1	5.375062E-2
2.500000E1	1.759901E1	5.512638E-3
2.503333E1	1.762574E1	-7.866877E-3
2.506667E1	1.764162E1	-1.440751E-2
2.510000E1	1.774580E1	-1.276134E-3
2.513333E1	1.778833E1	-8.872302E-4
2.516667E1	1.783733E1	4.852270E-4
2.520000E1	1.785735E1	-3.521414E-2
2.523333E1	1.785016E1	-5.288276E-2
2.526667E1	1.785630E1	-4.677028E-2
2.530000E1	1.783881E1	-3.126479E-2
2.533333E1	1.781505E1	5.133271E-2
2.536667E1	1.777443E1	1.579169E-1
2.540000E1	1.776068E1	1.413457E-1
2.543333E1	1.775720E1	1.019353E-1
2.546667E1	1.774827E1	4.915425E-2
2.550000E1	1.774314E1	5.881140E-3
2.553333E1	1.777566E1	-9.795340E-3
2.556667E1	1.780332E1	-1.829552E-2
2.560000E1	1.789802E1	-2.505000E-3
2.563333E1	1.795239E1	6.171783E-4
2.566667E1	1.799630E1	-1.439200E-3
2.570000E1	1.802469E1	-5.144791E-2
2.573333E1	1.803713E1	-6.151010E-2
2.576667E1	1.805247E1	-4.723807E-2
2.580000E1	1.805441E1	-3.616542E-2
2.583333E1	1.803750E1	1.827182E-2
2.586667E1	1.798903E1	1.270395E-1
2.590000E1	1.797731E1	1.214441E-1
2.593333E1	1.797326E1	8.316276E-2
2.596667E1	1.797941E1	3.326978E-2
2.600000E1	1.796388E1	-1.397497E-2
2.603333E1	1.802155E1	-5.402951E-2
2.606667E1	1.805594E1	-5.296850E-2
2.610000E1	1.813008E1	-5.680171E-2
2.613333E1	1.818981E1	-4.617798E-2
2.616667E1	1.823464E1	-6.624456E-2
2.620000E1	1.825503E1	-8.186881E-2
2.623333E1	1.826473E1	-8.378210E-2
2.626667E1	1.828463E1	-7.672867E-2
2.630000E1	1.829269E1	-7.252023E-2
2.633333E1	1.828944E1	1.131350E-2
2.636667E1	1.823816E1	1.004029E-1
2.640000E1	1.824350E1	8.563280E-2
2.643333E1	1.824624E1	5.146563E-2
2.646667E1	1.825403E1	4.045630E-3
2.650000E1	1.825567E1	-4.580803E-2
2.653333E1	1.829085E1	-7.450847E-2
2.656667E1	1.831209E1	-8.570401E-2
2.660000E1	1.840050E1	-7.001386E-2
2.663333E1	1.846805E1	-6.628565E-2
2.666667E1	1.851183E1	-7.914820E-2
2.670000E1	1.855946E1	-1.074615E-1
2.673333E1	1.856691E1	-1.262895E-1
2.676667E1	1.858533E1	-1.247494E-1
2.680000E1	1.860888E1	-1.177550E-1
2.683333E1	1.860446E1	-4.585873E-2
2.686667E1	1.855759E1	5.652200E-2
2.690000E1	1.854775E1	5.802098E-2
2.693333E1	1.855554E1	1.372052E-2
2.696667E1	1.854783E1	-1.951873E-2
2.700000E1	1.855052E1	-6.356574E-2
2.703333E1	1.861357E1	-1.099885E-1
2.706667E1	1.864296E1	-1.150536E-1
2.710000E1	1.872408E1	-1.265732E-1
2.713333E1	1.879501E1	-1.129695E-1
2.716667E1	1.883414E1	-1.278802E-1
2.720000E1	1.886836E1	-1.530701E-1
2.723333E1	1.887563E1	-1.530430E-1
2.726667E1	1.891053E1	-1.376609E-1
2.730000E1	1.891586E1	-1.282144E-1
2.733333E1	1.890862E1	-6.058460E-2
2.736667E1	1.888656E1	3.007955E-2
2.740000E1	1.889294E1	1.574260E-2
2.743333E1	1.889604E1	-2.138621E-2
2.746667E1	1.891355E1	-4.414856E-2
2.750000E1	1.890480E1	-9.830877E-2
2.753333E1	1.896635E1	-1.329416E-1
2.756667E1	1.899595E1	-1.247168E-1
2.760000E1	1.907681E1	-1.307506E-1
2.763333E1	1.915815E1	-1.354974E-1
2.766667E1	1.922008E1	-1.288065E-1
2.770000E1	1.924220E1	-1.657447E-1
2.773333E1	1.926638E1	-1.572643E-1
2.776667E1	1.929132E1	-1.391005E-1
2.780000E1	1.929848E1	-1.272626E-1
2.783333E1	1.928102E1	-5.528199E-2
2.786667E1	1.925918E1	3.854023E-2
2.790000E1	1.926325E1	1.746850E-2
2.793333E1	1.926731E1	-2.136142E-2
2.796667E1	1.928029E1	-3.792300E-2
2.800000E1	1.927037E1	-9.893268E-2
2.803333E1	1.933244E1	-1.286624E-1
2.806667E1	1.936297E1	-1.236790E-1
2.810000E1	1.943404E1	-1.289658E-1
2.813333E1	1.947789E1	-1.286907E-1
2.816667E1	1.958153E1	-1.223727E-1
2.820000E1	1.960075E1	-1.490357E-1
2.823333E1	1.962943E1	-1.519543E-1
2.826667E1	1.965919E1	-1.450562E-1
2.830000E1	1.966291E1	-1.363686E-1
2.833333E1	1.965156E1	-4.780696E-2
2.836667E1	1.963230E1	2.265655E-2
2.840000E1	1.963135E1	2.365351E-2
2.843333E1	1.963180E1	7.271227E-3
2.846667E1	1.963347E1	-7.728571E-3
2.850000E1	1.963932E1	-7.192276E-2
2.853333E1	1.965888E1	-8.614087E-2
2.856667E1	1.970451E1	-8.719145E-2
2.860000E1	1.978973E1	-7.734894E-2
2.863333E1	1.983939E1	-7.942780E-2
2.866667E1	1.993381E1	-6.949397E-2
2.870000E1	1.995544E1	-9.887738E-2
2.873333E1	1.999176E1	-9.434705E-2
2.876667E1	2.002730E1	-9.072453E-2
2.880000E1	2.005427E1	-8.226652E-2
2.883333E1	2.005005E1	1.672298E-4
2.886667E1	2.004105E1	7.804582E-2
2.890000E1	2.004161E1	7.550012E-2
2.893333E1	2.004185E1	5.537058E-2
2.896667E1	2.005859E1	3.587826E-2
2.900000E1	2.006543E1	-6.785976E-2
2.903333E1	2.009245E1	-7.021525E-2
2.906667E1	2.014246E1	-7.275281E-2
2.910000E1	2.022927E1	-6.984996E-2
2.913333E1	2.028044E1	-6.463122E-2
2.916667E1	2.033806E1	-7.430723E-2
2.920000E1	2.035658E1	-9.646388E-2
2.923333E1	2.036790E1	-8.424087E-2
2.926667E1	2.039097E1	-7.639520E-2
2.930000E1	2.041189E1	-6.623188E-2
2.933333E1	2.039049E1	5.092388E-2
2.936667E1	2.037265E1	1.237064E-1
2.940000E1	2.035967E1	1.186388E-1
2.943333E1	2.035737E1	8.254603E-2
2.946667E1	2.035853E1	5.292208E-2
2.950000E1	2.036365E1	-4.673713E-3
2.953333E1	2.039563E1	-3.047172E-2
2.956667E1	2.046771E1	-2.047729E-2
2.960000E1	2.057024E1	-8.609259E-3
2.963333E1	2.061416E1	-9.296495E-3
2.966667E1	2.067269E1	-1.147090E-2
2.970000E1	2.069192E1	-4.309077E-2
2.973333E1	2.071518E1	-5.711572E-2
2.976667E1	2.073909E1	-5.019487E-2
2.980000E1	2.074058E1	-3.822636E-2
2.983333E1	2.070934E1	6.240317E-2
2.986667E1	2.068629E1	1.300072E-1
2.990000E1	2.069044E1	1.202634E-1
2.993333E1	2.069586E1	8.832766E-2
2.996667E1	2.069964E1	5.463192E-2
3.000000E1	2.071052E1	-4.664501E-3
3.003333E1	2.074048E1	-1.086768E-2
3.006667E1	2.079266E1	-7.587753E-3
3.010000E1	2.087870E1	-3.215267E-3
3.013333E1	2.092188E1	-5.688267E-3
3.016667E1	2.098028E1	-1.550720E-2
3.020000E1	2.101281E1	-3.735290E-2
3.023333E1	2.102690E1	-4.979304E-2
3.026667E1	2.104762E1	-4.822184E-2
3.030000E1	2.106568E1	-3.867375E-2
3.033333E1	2.104832E1	6.788302E-2
3.036667E1	2.102372E1	1.445779E-1
3.040000E1	2.101067E1	1.313095E-1
3.043333E1	2.100711E1	9.599625E-2
3.046667E1	2.100330E1	6.412643E-2
3.050000E1	2.101155E1	7.600113E-3
3.053333E1	2.104211E1	-1.146720E-2
3.056667E1	2.110056E1	-3.579853E-3
3.060000E1	2.118757E1	-1.464569E-3
3.063333E1	2.123581E1	5.535209E-3
3.066667E1	2.128137E1	-6.052670E-3
3.070000E1	2.130026E1	-3.161596E-2
3.073333E1	2.131235E1	-2.072384E-2
3.076667E1	2.133229E1	-1.166093E-2
3.080000E1	2.134490E1	2.409168E-4
3.083333E1	2.132444E1	1.147386E-1
3.086667E1	2.130980E1	1.821944E-1
3.090000E1	2.129077E1	1.495311E-1
3.093333E1	2.127952E1	1.221011E-1
3.096667E1	2.128130E1	8.815860E-2
3.100000E1	2.128494E1	1.652018E-2
3.103333E1	2.131238E1	4.932001E-3
3.106667E1	2.136223E1	-1.374078E-4
3.110000E1	2.144875E1	5.947558E-3
3.113333E1	2.148121E1	3.382561E-3
3.116667E1	2.152885E1	-3.502587E-3
3.120000E1	2.153030E1	-2.224566E-2
3.123333E1	2.153414E1	-1.637404E-2
3.126667E1	2.154236E1	-6.305140E-3
3.130000E1	2.156447E1	3.045488E-3
3.133333E1	2.153277E1	1.311407E-1
3.136667E1	2.150327E1	1.821259E-1
3.140000E1	2.149662E1	1.490372E-1
3.143333E1	2.148578E1	1.211133E-1
3.146667E1	2.149048E1	8.924746E-2
3.150000E1	2.150009E1	1.270232E-2
3.153333E1	2.151828E1	2.984858E-4
3.156667E1	2.156881E1	3.793121E-4
3.160000E1	2.166153E1	4.984859E-3
3.163333E1	2.169352E1	4.315929E-3
3.166667E1	2.174639E1	-3.796700E-3
3.170000E1	2.175078E1	-2.499884E-2
3.173333E1	2.175851E1	-2.409125E-2
3.176667E1	2.179139E1	-1.358510E-2
3.180000E1	2.179408E1	7.249860E-4
3.183333E1	2.176746E1	1.150223E-1
3.186667E1	2.174203E1	1.801000E-1
3.190000E1	2.172333E1	1.500681E-1
3.193333E1	2.170926E1	1.194421E-1
3.196667E1	2.171850E1	9.379222E-2
3.200000E1	2.171625E1	1.166576E-2
3.203333E1	2.174156E1	-5.850219E-4
3.206667E1	2.178890E1	-3.687561E-3
3.210000E1	2.187825E1	1.131177E-4
3.213333E1	2.191392E1	-4.892401E-3
3.216667E1	2.196107E1	-7.018762E-3
3.220000E1	2.196287E1	-2.914289E-2
3.223333E1	2.196786E1	-1.960274E-2
3.226667E1	2.198222E1	-1.152177E-2
3.230000E1	2.200257E1	1.691428E-4
3.233333E1	2.197747E1	1.141569E-1
3.236667E1	2.196417E1	1.842775E-1
3.240000E1	2.194537E1	1.498449E-1
3.243333E1	2.192937E1	1.200191E-1
3.246667E1	2.193459E1	8.577181E-2
3.250000E1	2.194022E1	1.063171E-2
3.253333E1	2.196692E1	-5.051364E-3
3.256667E1	2.201522E1	-5.885746E-3
3.260000E1	2.210457E1	-4.631546E-4
3.263333E1	2.214681E1	-7.372388E-4
3.266667E1	2.220346E1	-1.175080E-2
3.270000E1	2.223231E1	-3.620793E-2
3.273333E1	2.224276E1	-5.315378E-2
3.276667E1	2.225586E1	-5.390430E-2
3.280000E1	2.225028E1	-4.589863E-2
3.283333E1	2.222587E1	6.030000E-2
3.286667E1	2.220673E1	1.302785E-1
3.290000E1	2.220695E1	1.236009E-1
3.293333E1	2.220903E1	8.989911E-2
3.296667E1	2.221350E1	5.373286E-2
3.300000E1	2.221316E1	9.797230E-3
3.303333E1	2.224666E1	-1.882824E-2
3.306667E1	2.229733E1	-2.008596E-2
3.310000E1	2.239035E1	-1.004887E-2
3.313333E1	2.242739E1	-9.764567E-3
3.316667E1	2.248285E1	-2.717259E-2
3.320000E1	2.251484E1	-4.015026E-2
3.323333E1	2.252634E1	-5.649895E-2
3.326667E1	2.253755E1	-5.583196E-2
3.330000E1	2.253339E1	-4.618680E-2
3.333333E1	2.251388E1	6.550994E-2
3.336667E1	2.249197E1	1.273854E-1
3.340000E1	2.249077E1	1.162883E-1
3.343333E1	2.249548E1	8.604776E-2
3.346667E1	2.249822E1	5.242960E-2
3.350000E1	2.250984E1	-1.008146E-2
3.353333E1	2.253583E1	-1.774588E-2
3.356667E1	2.258729E1	-1.849060E-2
3.360000E1	2.267809E1	-1.137349E-2
3.363333E1	2.271691E1	-1.126053E-2
3.366667E1	2.277496E1	-2.264052E-2
3.370000E1	2.280443E1	-4.373158E-2
3.373333E1	2.281868E1	-5.513338E-2
3.376667E1	2.283852E1	-5.116937E-2
3.380000E1	2.283166E1	-4.228833E-2
3.383333E1	2.280908E1	6.643554E-2
3.386667E1	2.278984E1	1.325505E-1
3.390000E1	2.279218E1	1.223858E-1
3.393333E1	2.279850E1	9.174261E-2
3.396667E1	2.279827E1	5.588867E-2
3.400000E1	2.280672E1	-9.865166E-3
3.403333E1	2.283618E1	-1.397855E-2
3.406667E1	2.289183E1	-1.646278E-2
3.410000E1	2.298416E1	-1.088207E-2
3.413333E1	2.302360E1	-7.477417E-3
3.416667E1	2.308215E1	-1.907744E-2
3.420000E1	2.310679E1	-3.688152E-2
3.423333E1	2.312231E1	-5.425179E-2
3.426667E1	2.315475E1	-5.552762E-2
3.430000E1	2.316717E1	-4.685441E-2
3.433333E1	2.315439E1	5.928056E-2
3.436667E1	2.314040E1	1.237001E-1
3.440000E1	2.314684E1	1.179490E-1
3.443333E1	2.315125E1	8.424709E-2
3.446667E1	2.315412E1	5.327436E-2
3.450000E1	2.316663E1	-1.027818E-2
3.453333E1	2.321765E1	-3.230183E-2
3.456667E1	2.328313E1	-5.286148E-2
3.460000E1	2.339118E1	-6.236259E-2
3.463333E1	2.342779E1	-6.739533E-2
3.466667E1	2.349998E1	-7.840798E-2
3.470000E1	2.352529E1	-9.294993E-2
3.473333E1	2.353973E1	-8.169947E-2
3.476667E1	2.356835E1	-7.465577E-2
3.480000E1	2.359070E1	-6.247146E-2
3.483333E1	2.357506E1	5.258186E-2
3.486667E1	2.358178E1	8.848492E-2
3.490000E1	2.357919E1	7.991017E-2
3.493333E1	2.357092E1	5.326511E-2
3.496667E1	2.359055E1	2.848403E-2
3.500000E1	2.360548E1	-5.284489E-2
3.503333E1	2.364269E1	-8.074436E-2
3.506667E1	2.370338E1	-6.868936E-2
3.510000E1	2.379936E1	-7.368611E-2
3.513333E1	2.384678E1	-6.835174E-2
3.516667E1	2.390644E1	-7.527007E-2
3.520000E1	2.393009E1	-1.023402E-1
3.523333E1	2.396149E1	-8.712164E-2
3.526667E1	2.399746E1	-7.204013E-2
3.530000E1	2.402877E1	-6.414058E-2
3.533333E1	2.402547E1	5.143176E-2
3.536667E1	2.401585E1	1.269141E-1
3.540000E1	2.402202E1	1.168792E-1
3.543333E1	2.403263E1	8.156844E-2
3.546667E1	2.403246E1	4.896978E-2
3.550000E1	2.405591E1	-1.602917E-2
3.553333E1	2.411270E1	-3.392172E-2
3.556667E1	2.417639E1	-5.882837E-2
3.560000E1	2.428749E1	-6.879524E-2
3.563333E1	2.434618E1	-6.089724E-2
3.566667E1	2.441485E1	-6.798521E-2
3.570000E1	2.444895E1	-9.866014E-2
3.573333E1	2.448163E1	-8.664184E-2
3.576667E1	2.452703E1	-7.653663E-2
3.580000E1	2.454495E1	-6.663598E-2
3.583333E1	2.454588E1	4.293729E-2
3.586667E1	2.453984E1	1.133525E-1
3.590000E1	2.454183E1	1.155189E-1
3.593333E1	2.455952E1	7.844352E-2
3.596667E1	2.455617E1	5.529625E-2
3.600000E1	2.458150E1	-2.674031E-2
3.603333E1	2.466311E1	-4.718112E-2
3.606667E1	2.472408E1	-6.671814E-2
3.610000E1	2.485021E1	-6.995160E-2
3.613333E1	2.489974E1	-7.025185E-2
3.616667E1	2.498219E1	-6.961692E-2
3.620000E1	2.500895E1	-9.493557E-2
3.623333E1	2.505058E1	-8.497008E-2
3.626667E1	2.510134E1	-7.119620E-2
3.630000E1	2.512101E1	-6.698115E-2
3.633333E1	2.511971E1	4.900953E-2
3.636667E1	2.511298E1	1.144164E-1
3.640000E1	2.511213E1	1.242602E-1
3.643333E1	2.512539E1	9.178653E-2
3.646667E1	2.512778E1	4.799813E-2
3.650000E1	2.513698E1	2.084634E-3
3.653333E1	2.521054E1	-4.855982E-2
3.656667E1	2.524851E1	-6.760978E-2
3.660000E1	2.536283E1	-7.535339E-2
3.663333E1	2.543471E1	-6.205142E-2
3.666667E1	2.549047E1	-6.604691E-2
3.670000E1	2.553733E1	-9.889282E-2
3.673333E1	2.555668E1	-8.828357E-2
3.676667E1	2.559854E1	-7.289006E-2
3.680000E1	2.563448E1	-6.554196E-2
3.683333E1	2.563362E1	-2.955392E-3
3.686667E1	2.561755E1	1.129181E-1
3.690000E1	2.561944E1	1.249919E-1
3.693333E1	2.562763E1	8.987800E-2
3.696667E1	2.562993E1	4.792763E-2
3.700000E1	2.563813E1	1.382113E-3
3.703333E1	2.569858E1	-4.671559E-2
3.706667E1	2.573626E1	-6.959510E-2
3.710000E1	2.585000E1	-7.255971E-2
3.713333E1	2.592139E1	-6.457892E-2
3.716667E1	2.597117E1	-6.703571E-2
3.720000E1	2.600670E1	-8.953086E-2
3.723333E1	2.601363E1	-8.177059E-2
3.726667E1	2.603963E1	-7.237237E-2
3.730000E1	2.606449E1	-6.178059E-2
3.733333E1	2.606376E1	4.942273E-3
3.736667E1	2.603699E1	1.241210E-1
3.740000E1	2.603854E1	1.298552E-1
3.743333E1	2.604777E1	1.086960E-1
3.746667E1	2.604893E1	5.314459E-2
3.750000E1	2.605179E1	6.688451E-3
3.753333E1	2.610973E1	-3.710226E-2
3.756667E1	2.614705E1	-4.702590E-2
3.760000E1	2.622581E1	-6.281914E-2
3.763333E1	2.629541E1	-5.222498E-2
3.766667E1	2.634200E1	-5.527561E-2
3.770000E1	2.637592E1	-8.240442E-2
3.773333E1	2.637422E1	-7.482008E-2
3.776667E1	2.639622E1	-6.478456E-2
3.780000E1	2.642120E1	-4.760075E-2
3.783333E1	2.641405E1	1.901919E-2
3.786667E1	2.638806E1	1.280040E-1
3.790000E1	2.638952E1	1.340245E-1
3.793333E1	2.639041E1	1.153404E-1
3.796667E1	2.639769E1	8.348076E-2
3.800000E1	2.640018E1	2.385613E-2
3.803333E1	2.643382E1	-1.524247E-3
3.806667E1	2.645528E1	-8.504454E-3
3.810000E1	2.656849E1	-7.586766E-4
3.813333E1	2.662193E1	-3.702113E-3
3.816667E1	2.666097E1	2.482900E-3
3.820000E1	2.667446E1	-2.994231E-2
3.823333E1	2.669672E1	-2.115125E-2
3.826667E1	2.671444E1	-8.890536E-3
3.830000E1	2.671678E1	3.378403E-3
3.833333E1	2.670238E1	7.386482E-2
3.836667E1	2.668203E1	1.818319E-1
3.840000E1	2.668020E1	1.637300E-1
3.843333E1	2.667075E1	1.177681E-1
3.846667E1	2.668350E1	8.857988E-2
3.850000E1	2.668626E1	3.392689E-2
3.853333E1	2.671509E1	3.293766E-3
3.856667E1	2.673444E1	6.337309E-3
3.860000E1	2.682021E1	-1.118965E-3
3.863333E1	2.687435E1	7.488502E-3
3.866667E1	2.690403E1	1.337327E-3
3.870000E1	2.692466E1	-2.013653E-2
3.873333E1	2.693154E1	-1.030126E-2
3.876667E1	2.694137E1	3.851618E-3
3.880000E1	2.694197E1	1.286868E-2
3.883333E1	2.692593E1	8.190170E-2
3.886667E1	2.688001E1	2.039128E-1
3.890000E1	2.685690E1	2.059026E-1
3.893333E1	2.684471E1	1.549749E-1
3.896667E1	2.683934E1	1.296622E-1
3.900000E1	2.683688E1	7.997617E-2
3.903333E1	2.686598E1	4.773477E-2
3.906667E1	2.688327E1	5.923686E-2
3.910000E1	2.696315E1	5.543034E-2
3.913333E1	2.702060E1	6.333560E-2
3.916667E1	2.705441E1	5.382993E-2
3.920000E1	2.708356E1	2.244862E-2
3.923333E1	2.708545E1	1.240929E-2
3.926667E1	2.710023E1	2.170175E-2
3.930000E1	2.710007E1	2.514029E-2
3.933333E1	2.708033E1	9.350524E-2
3.936667E1	2.703238E1	2.079804E-1
3.940000E1	2.703845E1	2.115522E-1
3.943333E1	2.703874E1	1.588643E-1
3.946667E1	2.703317E1	1.297387E-1
3.950000E1	2.703905E1	7.607900E-2
3.953333E1	2.707412E1	4.514296E-2
3.956667E1	2.709751E1	5.588977E-2
3.960000E1	2.717382E1	5.521967E-2
3.963333E1	2.724088E1	6.268223E-2
3.966667E1	2.727187E1	6.055130E-2
3.970000E1	2.729992E1	2.948132E-2
3.973333E1	2.730251E1	1.481613E-2
3.976667E1	2.731813E1	1.680655E-2
3.980000E1	2.734773E1	2.019679E-2
3.983333E1	2.733819E1	9.743273E-2
3.986667E1	2.730040E1	2.107804E-1
3.990000E1	2.728168E1	2.086597E-1
3.993333E1	2.727648E1	1.527966E-1
3.996667E1	2.727115E1	1.274368E-1
4.000000E1	2.726812E1	7.918576E-2
4.003333E1	2.730581E1	5.451177E-2
4.006667E1	2.733158E1	5.052220E-2
4.010000E1	2.743357E1	5.954674E-2
4.013333E1	2.749796E1	5.952688E-2
4.016667E1	2.754015E1	4.832302E-2
4.020000E1	2.757889E1	1.310787E-2
4.023333E1	2.758661E1	4.683370E-3
4.026667E1	2.759942E1	1.524282E-2
4.030000E1	2.760480E1	2.207696E-2
4.033333E1	2.758982E1	8.753737E-2
4.036667E1	2.756920E1	2.021528E-1
4.040000E1	2.756242E1	2.029346E-1
4.043333E1	2.756410E1	1.521268E-1
4.046667E1	2.756570E1	1.257440E-1
4.050000E1	2.756944E1	8.003828E-2
4.053333E1	2.762642E1	2.824039E-2
4.056667E1	2.766191E1	1.882284E-2
4.060000E1	2.775284E1	5.546869E-3
4.063333E1	2.783843E1	4.867974E-3
4.066667E1	2.788911E1	4.267029E-3
4.070000E1	2.790997E1	-2.981123E-2
4.073333E1	2.793301E1	-1.786193E-2
4.076667E1	2.796399E1	-4.898879E-3
4.080000E1	2.797430E1	3.006417E-3
4.083333E1	2.798673E1	7.052151E-2
4.086667E1	2.797764E1	1.787775E-1
4.090000E1	2.797864E1	1.619587E-1
4.093333E1	2.797692E1	1.191315E-1
4.096667E1	2.799559E1	9.397015E-2
4.100000E1	2.799968E1	3.058943E-2
4.103333E1	2.803120E1	-7.518101E-3
4.106667E1	2.806159E1	-1.274124E-2
4.110000E1	2.816808E1	-5.563335E-3
4.113333E1	2.822733E1	-5.466770E-3
4.116667E1	2.825719E1	-7.218259E-3
4.120000E1	2.832807E1	-5.152453E-2
4.123333E1	2.835770E1	-6.008999E-2
4.126667E1	2.838697E1	-5.366293E-2
4.130000E1	2.839375E1	-4.606743E-2
4.133333E1	2.838270E1	1.642048E-2
4.136667E1	2.835445E1	1.394269E-1
4.140000E1	2.835028E1	1.408409E-1
4.143333E1	2.835863E1	1.082799E-1
4.146667E1	2.835990E1	5.758725E-2
4.150000E1	2.836486E1	8.916215E-3
4.153333E1	2.842166E1	-4.509980E-2
4.156667E1	2.845946E1	-4.813464E-2
4.160000E1	2.855014E1	-6.563348E-2
4.163333E1	2.864227E1	-6.098182E-2
4.166667E1	2.869935E1	-6.706839E-2
4.170000E1	2.873286E1	-9.544223E-2
4.173333E1	2.873989E1	-8.580059E-2
4.176667E1	2.877357E1	-7.619206E-2
4.180000E1	2.880277E1	-6.222957E-2
4.183333E1	2.879589E1	-1.963354E-3
4.186667E1	2.877122E1	1.248794E-1
4.190000E1	2.877198E1	1.363827E-1
4.193333E1	2.877568E1	1.125997E-1
4.196667E1	2.878727E1	6.661064E-2
4.200000E1	2.879405E1	1.241898E-2
4.203333E1	2.884741E1	-3.655331E-2
4.206667E1	2.888534E1	-5.200513E-2
4.210000E1	2.898161E1	-6.466274E-2
4.213333E1	2.904804E1	-6.389272E-2
4.216667E1	2.909382E1	-6.047811E-2
4.220000E1	2.912840E1	-1.013887E-1
4.223333E1	2.915133E1	-9.019890E-2
4.226667E1	2.917244E1	-7.616429E-2
4.230000E1	2.918119E1	-6.590890E-2
4.233333E1	2.916766E1	-8.266341E-4
4.236667E1	2.914155E1	1.213187E-1
4.240000E1	2.914200E1	1.304068E-1
4.243333E1	2.915147E1	1.066963E-1
4.246667E1	2.915290E1	5.249061E-2
4.250000E1	2.915504E1	3.981106E-3
4.253333E1	2.920438E1	-4.869297E-2
4.256667E1	2.924460E1	-5.463153E-2
4.260000E1	2.932526E1	-6.535381E-2
4.263333E1	2.941085E1	-5.813903E-2
4.266667E1	2.944685E1	-6.674818E-2
4.270000E1	2.947372E1	-9.336512E-2
4.273333E1	2.947669E1	-8.589735E-2
4.276667E1	2.949839E1	-7.548118E-2
4.280000E1	2.952321E1	-6.586217E-2
4.283333E1	2.951520E1	1.513204E-3
4.286667E1	2.948647E1	1.242669E-1
4.290000E1	2.949200E1	1.312403E-1
4.293333E1	2.949862E1	1.107788E-1
4.296667E1	2.950159E1	5.234377E-2
4.300000E1	2.950353E1	7.686026E-3
4.303333E1	2.953892E1	-2.519363E-2
4.306667E1	2.956486E1	-2.323277E-2
4.310000E1	2.966236E1	-1.240239E-2
4.313333E1	2.972949E1	-1.139540E-2
4.316667E1	2.976900E1	-8.454728E-3
4.320000E1	2.979756E1	-4.337822E-2
4.323333E1	2.981120E1	-5.993926E-2
4.326667E1	2.982746E1	-5.254603E-2
4.330000E1	2.983175E1	-4.278276E-2
4.333333E1	2.981578E1	1.955375E-2
4.336667E1	2.978404E1	1.360649E-1
4.340000E1	2.978054E1	1.372621E-1
4.343333E1	2.978320E1	1.169354E-1
4.346667E1	2.979443E1	7.847445E-2
4.350000E1	2.979179E1	2.489063E-2
4.353333E1	2.985876E1	-1.905409E-2
4.356667E1	2.990278E1	-8.069178E-3
4.360000E1	2.999456E1	-4.244837E-3
4.363333E1	3.005069E1	-1.861366E-3
4.366667E1	3.006119E1	-1.078446E-2
4.370000E1	3.011032E1	-3.571364E-2
4.373333E1	3.011923E1	-4.957907E-2
4.376667E1	3.013400E1	-2.889632E-2
4.380000E1	3.015476E1	8.575610E-3
4.383333E1	3.013829E1	8.690726E-2
4.386667E1	3.010706E1	1.669237E-1
4.390000E1	3.009725E1	1.456935E-1
4.393333E1	3.009939E1	1.109939E-1
4.396667E1	3.008965E1	5.383904E-2
4.400000E1	3.010194E1	1.934732E-2
4.403333E1	3.016528E1	-3.695809E-3
4.406667E1	3.020484E1	2.812509E-3
4.410000E1	3.029210E1	2.101972E-3
4.413333E1	3.035575E1	1.063736E-4
4.416667E1	3.040059E1	-2.806126E-3
4.420000E1	3.043099E1	-3.225883E-2
4.423333E1	3.045152E1	-1.684675E-2
4.426667E1	3.047324E1	9.783503E-3
4.430000E1	3.047293E1	2.281064E-2
4.433333E1	3.045383E1	1.148553E-1
4.436667E1	3.042500E1	1.909208E-1
4.440000E1	3.044293E1	1.749159E-1
4.443333E1	3.044884E1	1.306098E-1
4.446667E1	3.045765E1	9.137919E-2
4.450000E1	3.046006E1	4.317628E-2
4.453333E1	3.053775E1	2.413131E-2
4.456667E1	3.058226E1	9.451456E-3
4.460000E1	3.069803E1	5.299412E-3
4.463333E1	3.074993E1	4.768630E-3
4.466667E1	3.077329E1	8.570458E-4
4.470000E1	3.081411E1	-2.814153E-2
4.473333E1	3.083091E1	-1.405528E-2
4.476667E1	3.086107E1	-2.368335E-3
4.480000E1	3.088499E1	7.926059E-3
4.483333E1	3.088054E1	1.240380E-1
4.486667E1	3.087237E1	1.889230E-1
4.490000E1	3.088339E1	1.768851E-1
4.493333E1	3.088564E1	1.397307E-1
4.496667E1	3.088549E1	1.242649E-1
4.500000E1	3.090211E1	5.712434E-2
4.503333E1	3.095706E1	3.746717E-2
4.506667E1	3.103061E1	1.523640E-2
4.510000E1	3.114678E1	5.590405E-3
4.513333E1	3.119267E1	1.068093E-2
4.516667E1	3.126613E1	-3.703025E-3
4.520000E1	3.127331E1	-9.537930E-3
4.523333E1	3.130884E1	-1.421985E-2
4.526667E1	3.136357E1	-9.771364E-3
4.530000E1	3.138882E1	-7.214620E-4
4.533333E1	3.139264E1	1.209257E-1
4.536667E1	3.139503E1	1.824872E-1
4.540000E1	3.139394E1	1.585965E-1
4.543333E1	3.139755E1	1.356271E-1
4.546667E1	3.139837E1	1.173682E-1
4.550000E1	3.141998E1	5.990917E-2
4.553333E1	3.147003E1	3.167787E-2
4.556667E1	3.153385E1	1.229247E-2
4.560000E1	3.166044E1	4.441493E-3
4.563333E1	3.171050E1	7.243070E-3
4.566667E1	3.177939E1	-2.258587E-3
4.570000E1	3.180742E1	-2.603661E-2
4.573333E1	3.184511E1	-1.620721E-2
4.576667E1	3.188971E1	-9.424257E-3
4.580000E1	3.190679E1	2.267908E-3
4.583333E1	3.190370E1	1.218410E-1
4.586667E1	3.189951E1	1.845683E-1
4.590000E1	3.191176E1	1.828322E-1
4.593333E1	3.191287E1	1.463980E-1
4.596667E1	3.191248E1	1.279127E-1
4.600000E1	3.193024E1	6.071123E-2
4.603333E1	3.198018E1	4.386930E-2
4.606667E1	3.205850E1	3.931366E-2
4.610000E1	3.217827E1	1.437314E-2
4.613333E1	3.222566E1	1.651096E-2
4.616667E1	3.230879E1	-7.728441E-4
4.620000E1	3.234829E1	-1.950345E-2
4.623333E1	3.237557E1	-1.726007E-2
4.626667E1	3.245005E1	-6.158227E-3
4.630000E1	3.247607E1	2.433885E-3
4.633333E1	3.248471E1	1.223536E-1
4.636667E1	3.247957E1	1.845314E-1
4.640000E1	3.247934E1	1.864282E-1
4.643333E1	3.249719E1	1.666342E-1
4.646667E1	3.249631E1	1.376618E-1
4.650000E1	3.256246E1	7.476234E-2
4.653333E1	3.261567E1	4.568442E-2
4.656667E1	3.269224E1	3.807057E-2
4.660000E1	3.281426E1	1.579210E-2
4.663333E1	3.287617E1	2.018193E-2
4.666667E1	3.295147E1	1.627353E-3
4.670000E1	3.299733E1	-1.498265E-2
4.673333E1	3.302809E1	-1.455336E-2
4.676667E1	3.308540E1	-3.417791E-3
4.680000E1	3.308902E1	8.822601E-3
4.683333E1	3.308754E1	1.277358E-1
4.686667E1	3.307745E1	2.000310E-1
4.690000E1	3.307406E1	1.993356E-1
4.693333E1	3.309780E1	1.560613E-1
4.696667E1	3.311642E1	1.363745E-1
4.700000E1	3.314755E1	6.982187E-2
4.703333E1	3.319862E1	4.843221E-2
4.706667E1	3.327930E1	3.718754E-2
4.710000E1	3.339585E1	1.411869E-2
4.713333E1	3.345248E1	2.032304E-2
4.716667E1	3.352926E1	-7.792054E-4
4.720000E1	3.357094E1	-1.193664E-2
4.723333E1	3.359984E1	-1.366327E-2
4.726667E1	3.365959E1	-4.776993E-4
4.730000E1	3.366717E1	1.098933E-2
4.733333E1	3.366260E1	1.324982E-1
4.736667E1	3.365320E1	1.998699E-1
4.740000E1	3.365182E1	2.016090E-1
4.743333E1	3.367529E1	1.608122E-1
4.746667E1	3.369785E1	1.393692E-1
4.750000E1	3.372179E1	7.919215E-2
4.753333E1	3.377325E1	5.215178E-2
4.756667E1	3.383633E1	4.441629E-2
4.760000E1	3.396017E1	5.889635E-2
4.763333E1	3.402138E1	6.066307E-2
4.766667E1	3.408910E1	5.204441E-2
4.770000E1	3.412927E1	1.593413E-2
4.773333E1	3.416312E1	9.133881E-3
4.776667E1	3.420628E1	8.767750E-3
4.780000E1	3.422436E1	1.396108E-2
4.783333E1	3.422367E1	1.318666E-1
4.786667E1	3.421646E1	2.035681E-1
4.790000E1	3.422127E1	2.035991E-1
4.793333E1	3.424289E1	1.790482E-1
4.796667E1	3.423708E1	1.534716E-1
4.800000E1	3.426057E1	6.931629E-2
4.803333E1	3.433026E1	4.628798E-2
4.806667E1	3.438833E1	5.391672E-2
4.810000E1	3.449987E1	6.183360E-2
4.813333E1	3.455668E1	5.324691E-2
4.816667E1	3.465165E1	5.550214E-2
4.820000E1	3.468982E1	1.910523E-2
4.823333E1	3.473425E1	1.430881E-2
4.826667E1	3.478292E1	1.617104E-2
4.830000E1	3.480292E1	1.886670E-2
4.833333E1	3.481150E1	1.358695E-1
4.836667E1	3.480627E1	2.151229E-1
4.840000E1	3.480866E1	2.085257E-1
4.843333E1	3.483797E1	1.611881E-1
4.846667E1	3.485740E1	1.441356E-1
4.850000E1	3.488924E1	8.002986E-2
4.853333E1	3.493692E1	5.681176E-2
4.856667E1	3.500495E1	4.869383E-2
4.860000E1	3.513380E1	6.062027E-2
4.863333E1	3.519653E1	5.567771E-2
4.866667E1	3.528609E1	5.501604E-2
4.870000E1	3.534568E1	2.689833E-2
4.873333E1	3.538182E1	1.822382E-2
4.876667E1	3.544272E1	1.803766E-2
4.880000E1	3.547095E1	2.358997E-2
4.883333E1	3.549494E1	1.387903E-1
4.886667E1	3.550417E1	2.106102E-1
4.890000E1	3.552035E1	2.066055E-1
4.893333E1	3.555457E1	1.624567E-1
4.896667E1	3.557522E1	1.418127E-1
4.900000E1	3.561913E1	9.231135E-2
4.903333E1	3.567470E1	6.236524E-2
4.906667E1	3.574108E1	4.766703E-2
4.910000E1	3.587381E1	6.113503E-2
4.913333E1	3.594094E1	5.703333E-2
4.916667E1	3.604707E1	5.434820E-2
4.920000E1	3.609659E1	2.576334E-2
4.923333E1	3.613963E1	7.592834E-3
4.926667E1	3.622550E1	1.001923E-2
4.930000E1	3.625413E1	1.762035E-2
4.933333E1	3.631085E1	1.299863E-1
4.936667E1	3.633761E1	2.136720E-1
4.940000E1	3.635460E1	1.916968E-1
4.943333E1	3.641628E1	1.596662E-1
4.946667E1	3.645195E1	1.419877E-1
4.950000E1	3.651250E1	6.679102E-2
4.953333E1	3.659429E1	4.334342E-2
4.956667E1	3.667853E1	3.330427E-2
4.960000E1	3.682606E1	9.458737E-3
4.963333E1	3.690900E1	1.585247E-2
4.966667E1	3.702083E1	8.297066E-4
4.970000E1	3.708420E1	-2.346895E-2
4.973333E1	3.713751E1	-1.223074E-2
4.976667E1	3.724584E1	-4.798539E-3
4.980000E1	3.727336E1	5.039836E-3
4.983333E1	3.735763E1	1.139410E-1
4.986667E1	3.739258E1	1.846465E-1
4.990000E1	3.743867E1	1.788986E-1
4.993333E1	3.751139E1	1.441262E-1
4.996667E1	3.753443E1	1.275761E-1
5.000000E1	3.761166E1	5.335940E-2
5.003333E1	3.770232E1	3.267033E-2
5.006667E1	3.779093E1	1.647696E-3
5.010000E1	3.796230E1	-1.065202E-3
5.013333E1	3.802256E1	-2.493925E-3
5.016667E1	3.814553E1	-3.308119E-3
5.020000E1	3.820615E1	-2.172424E-2
5.023333E1	3.825358E1	-1.561622E-2
5.026667E1	3.835466E1	-4.331011E-3
5.030000E1	3.838952E1	3.564606E-3
5.033333E1	3.846970E1	1.132485E-1
5.036667E1	3.853174E1	1.696485E-1
5.040000E1	3.856743E1	1.620442E-1
5.043333E1	3.862122E1	1.407380E-1
5.046667E1	3.864298E1	1.249518E-1
5.050000E1	3.870391E1	4.944000E-2
5.053333E1	3.881346E1	1.136475E-2
5.056667E1	3.887642E1	2.196366E-3
5.060000E1	3.905704E1	-3.697773E-3
5.063333E1	3.913099E1	-1.905136E-3
5.066667E1	3.924812E1	-1.089571E-2
5.070000E1	3.931098E1	-2.587911E-2
5.073333E1	3.937700E1	-1.087646E-2
5.076667E1	3.948210E1	-3.773164E-3
5.080000E1	3.951851E1	4.136583E-3
5.083333E1	3.958251E1	1.192840E-1
5.086667E1	3.962539E1	1.756184E-1
5.090000E1	3.966272E1	1.609899E-1
5.093333E1	3.970614E1	1.424065E-1
5.096667E1	3.972396E1	1.303003E-1
5.100000E1	3.978280E1	4.819486E-2
5.103333E1	3.987772E1	2.856768E-2
5.106667E1	3.995212E1	2.697684E-3
5.110000E1	4.008307E1	-1.196110E-3
5.113333E1	4.014997E1	6.359788E-3
5.116667E1	4.026164E1	-1.017451E-3
5.120000E1	4.031926E1	-2.137033E-2
5.123333E1	4.037754E1	-9.294269E-3
5.126667E1	4.045196E1	-1.276177E-4
5.130000E1	4.047591E1	3.993698E-3
5.133333E1	4.055120E1	1.175637E-1
5.136667E1	4.058157E1	1.894034E-1
5.140000E1	4.060283E1	2.026176E-1
5.143333E1	4.065896E1	1.783770E-1
5.146667E1	4.066548E1	1.468477E-1
5.150000E1	4.070822E1	7.224296E-2
5.153333E1	4.078048E1	4.439526E-2
5.156667E1	4.085970E1	3.974576E-2
5.160000E1	4.099583E1	1.342570E-2
5.163333E1	4.105904E1	1.390117E-2
5.166667E1	4.115393E1	1.391122E-2
5.170000E1	4.119647E1	-8.418286E-3
5.173333E1	4.124259E1	-1.655117E-3
5.176667E1	4.130638E1	8.232989E-3
5.180000E1	4.132947E1	1.346398E-2
5.183333E1	4.139019E1	1.374294E-1
5.186667E1	4.139564E1	2.163573E-1
5.190000E1	4.140434E1	2.045463E-1
5.193333E1	4.145194E1	1.802706E-1
5.196667E1	4.145571E1	1.510503E-1
5.200000E1	4.148974E1	8.917716E-2
5.203333E1	4.155428E1	5.744573E-2
5.206667E1	4.161424E1	5.569696E-2
5.210000E1	4.174477E1	6.800411E-2
5.213333E1	4.178699E1	6.921021E-2
5.216667E1	4.185867E1	7.148967E-2
5.220000E1	4.188873E1	6.059555E-2
5.223333E1	4.191070E1	5.964419E-2
5.226667E1	4.197848E1	7.418243E-2
5.230000E1	4.200598E1	8.441774E-2
5.233333E1	4.202913E1	2.008734E-1
5.236667E1	4.202616E1	2.810370E-1
5.240000E1	4.202459E1	2.787023E-1
5.243333E1	4.202654E1	2.570618E-1
5.246667E1	4.203612E1	2.445759E-1
5.250000E1	4.204085E1	1.684560E-1
5.253333E1	4.208456E1	1.392815E-1
5.256667E1	4.214260E1	1.357801E-1
5.260000E1	4.224617E1	1.390342E-1
5.263333E1	4.228635E1	1.435665E-1
5.266667E1	4.234030E1	1.379866E-1
5.270000E1	4.236943E1	1.281834E-1
5.273333E1	4.238922E1	1.374298E-1
5.276667E1	4.242298E1	1.456365E-1
5.280000E1	4.244584E1	1.559977E-1
5.283333E1	4.244711E1	2.783593E-1
5.286667E1	4.243847E1	3.359336E-1
5.290000E1	4.243607E1	3.379092E-1
5.293333E1	4.244029E1	3.155903E-1
5.296667E1	4.243954E1	2.912628E-1
5.300000E1	4.243405E1	2.298360E-1
5.303333E1	4.245813E1	2.112535E-1
5.306667E1	4.247375E1	2.099917E-1
5.310000E1	4.255723E1	2.023934E-1
5.313333E1	4.260916E1	2.118105E-1
5.316667E1	4.263182E1	2.100351E-1
5.320000E1	4.266162E1	1.807785E-1
5.323333E1	4.266725E1	1.637410E-1
5.326667E1	4.268825E1	1.723611E-1
5.330000E1	4.269503E1	1.792947E-1
5.333333E1	4.268787E1	2.552633E-1
5.336667E1	4.265818E1	3.660326E-1
5.340000E1	4.265646E1	3.652884E-1
5.343333E1	4.264441E1	3.329934E-1
5.346667E1	4.265297E1	3.093352E-1
5.350000E1	4.263153E1	2.622684E-1
5.353333E1	4.267330E1	2.423939E-1
5.356667E1	4.269396E1	2.351590E-1
5.360000E1	4.276228E1	2.212297E-1
5.363333E1	4.281834E1	2.244849E-1
5.366667E1	4.284115E1	2.188553E-1
5.370000E1	4.283307E1	1.912311E-1
5.373333E1	4.283448E1	1.983062E-1
5.376667E1	4.285114E1	2.115883E-1
5.380000E1	4.287964E1	2.255324E-1
5.383333E1	4.287640E1	2.910862E-1
5.386667E1	4.285516E1	4.138061E-1
5.390000E1	4.285451E1	4.166955E-1
5.393333E1	4.285897E1	3.855463E-1
5.396667E1	4.285670E1	3.344195E-1
5.400000E1	4.284722E1	2.935631E-1
5.403333E1	4.287733E1	2.585398E-1
5.406667E1	4.289347E1	2.681662E-1
5.410000E1	4.298350E1	2.719979E-1
5.413333E1	4.302390E1	2.714427E-1
5.416667E1	4.305267E1	2.700780E-1
5.420000E1	4.306336E1	2.222848E-1
5.423333E1	4.308430E1	2.076834E-1
5.426667E1	4.310885E1	2.219236E-1
5.430000E1	4.312177E1	2.335878E-1
5.433333E1	4.311802E1	3.036369E-1
5.436667E1	4.308678E1	4.139055E-1
5.440000E1	4.308265E1	4.151199E-1
5.443333E1	4.308361E1	3.707175E-1
5.446667E1	4.309721E1	3.246964E-1
5.450000E1	4.307442E1	2.696905E-1
5.453333E1	4.311976E1	2.321986E-1
5.456667E1	4.314256E1	2.097072E-1
5.460000E1	4.322992E1	2.079068E-1
5.463333E1	4.330111E1	2.077707E-1
5.466667E1	4.333551E1	2.066307E-1
5.470000E1	4.335191E1	1.568277E-1
5.473333E1	4.337133E1	1.470243E-1
5.476667E1	4.340441E1	1.513356E-1
5.480000E1	4.341568E1	1.600149E-1
5.483333E1	4.341060E1	2.283893E-1
5.486667E1	4.337553E1	3.397386E-1
5.490000E1	4.337061E1	3.446298E-1
5.493333E1	4.337352E1	3.073146E-1
5.496667E1	4.337359E1	2.704569E-1
5.500000E1	4.337167E1	2.200889E-1
5.503333E1	4.340986E1	1.669024E-1
5.506667E1	4.343410E1	1.478333E-1
5.510000E1	4.351912E1	1.457421E-1
5.513333E1	4.358935E1	1.469333E-1
5.516667E1	4.362214E1	1.476341E-1
5.520000E1	4.364200E1	1.025963E-1
5.523333E1	4.366448E1	8.692491E-2
5.526667E1	4.368657E1	8.762802E-2
5.530000E1	4.369637E1	9.263518E-2
5.533333E1	4.369375E1	1.575671E-1
5.536667E1	4.366308E1	2.773091E-1
5.540000E1	4.365929E1	2.808327E-1
5.543333E1	4.365321E1	2.598688E-1
5.546667E1	4.366406E1	2.117409E-1
5.550000E1	4.365708E1	1.553630E-1
5.553333E1	4.370531E1	1.117170E-1
5.556667E1	4.372217E1	7.727875E-2
5.560000E1	4.381166E1	6.925513E-2
5.563333E1	4.388247E1	7.462845E-2
5.566667E1	4.392252E1	7.652057E-2
5.570000E1	4.392751E1	2.690251E-2
5.573333E1	4.395038E1	1.487235E-2
5.576667E1	4.397657E1	1.984309E-2
5.580000E1	4.398728E1	2.650256E-2
5.583333E1	4.398129E1	9.346713E-2
5.586667E1	4.395247E1	2.124163E-1
5.590000E1	4.394822E1	2.170810E-1
5.593333E1	4.394672E1	1.688325E-1
5.596667E1	4.394581E1	1.362816E-1
5.600000E1	4.394165E1	8.439260E-2
5.603333E1	4.398270E1	2.970254E-2
5.606667E1	4.400805E1	3.255442E-3
5.610000E1	4.410093E1	3.602589E-3
5.613333E1	4.415794E1	5.029015E-3
5.616667E1	4.418928E1	9.508183E-3
5.620000E1	4.418628E1	-1.253588E-2
5.623333E1	4.418756E1	-7.052285E-3
5.626667E1	4.419987E1	3.237731E-3
5.630000E1	4.420569E1	1.211124E-2
5.633333E1	4.419648E1	7.261658E-2
5.636667E1	4.416431E1	1.858511E-1
5.640000E1	4.416494E1	1.989735E-1
5.643333E1	4.416314E1	1.597152E-1
5.646667E1	4.416071E1	1.224844E-1
5.650000E1	4.415693E1	6.887925E-2
5.653333E1	4.419291E1	1.794747E-2
5.656667E1	4.420787E1	9.472284E-3
5.660000E1	4.428802E1	-6.881535E-4
5.663333E1	4.434131E1	4.616475E-3
5.666667E1	4.437138E1	8.694683E-4
5.670000E1	4.437794E1	-2.256672E-2
5.673333E1	4.438909E1	-1.511295E-2
5.676667E1	4.440505E1	-4.119744E-3
5.680000E1	4.440865E1	4.304003E-3
5.683333E1	4.439727E1	5.683624E-2
5.686667E1	4.437110E1	1.715436E-1
5.690000E1	4.436379E1	1.613775E-1
5.693333E1	4.434569E1	1.405523E-1
5.696667E1	4.432607E1	1.130531E-1
5.700000E1	4.431541E1	4.718870E-2
5.703333E1	4.434484E1	1.142504E-2
5.706667E1	4.436036E1	-3.781496E-3
5.710000E1	4.445116E1	-4.895022E-3
5.713333E1	4.450776E1	-7.313081E-4
5.716667E1	4.454259E1	6.473968E-3
5.720000E1	4.454081E1	-2.030506E-2
5.723333E1	4.454306E1	-1.284216E-2
5.726667E1	4.455723E1	-1.609491E-3
5.730000E1	4.455575E1	6.926941E-3
5.733333E1	4.454110E1	6.219304E-2
5.736667E1	4.451777E1	1.731663E-1
5.740000E1	4.451392E1	1.613645E-1
5.743333E1	4.449745E1	1.423650E-1
5.746667E1	4.448278E1	1.092282E-1
5.750000E1	4.446389E1	3.306360E-2
5.753333E1	4.448253E1	-1.170523E-2
5.756667E1	4.449871E1	-7.528747E-3
5.760000E1	4.457590E1	-1.092159E-2
5.763333E1	4.463351E1	-1.588534E-3
5.766667E1	4.465770E1	-7.576959E-4
5.770000E1	4.466741E1	-2.091593E-2
5.773333E1	4.467986E1	-1.355291E-2
5.776667E1	4.469669E1	-4.210529E-3
5.780000E1	4.470119E1	5.967697E-3
5.783333E1	4.468599E1	6.425737E-2
5.786667E1	4.466198E1	1.732730E-1
5.790000E1	4.465681E1	1.605159E-1
5.793333E1	4.464295E1	1.406648E-1
5.796667E1	4.461885E1	1.123503E-1
5.800000E1	4.460349E1	5.366185E-2
5.803333E1	4.464470E1	1.713846E-2
5.806667E1	4.465889E1	2.729320E-4
5.810000E1	4.475292E1	-4.057713E-3
5.813333E1	4.483799E1	5.473412E-3
5.816667E1	4.484279E1	4.622291E-3
5.820000E1	4.484687E1	-1.535513E-2
5.823333E1	4.484696E1	-6.572908E-3
5.826667E1	4.486621E1	7.079442E-3
5.830000E1	4.489223E1	1.951456E-2
5.833333E1	4.487736E1	1.226260E-1
5.836667E1	4.483328E1	2.017611E-1
5.840000E1	4.482368E1	1.844951E-1
5.843333E1	4.482400E1	1.487498E-1
5.846667E1	4.482108E1	1.084211E-1
5.850000E1	4.480996E1	4.194070E-2
5.853333E1	4.488547E1	1.822759E-2
5.856667E1	4.491731E1	1.316834E-2
5.860000E1	4.499524E1	6.474319E-3
5.863333E1	4.504694E1	1.268177E-2
5.866667E1	4.505416E1	2.985234E-3
5.870000E1	4.505400E1	-1.198450E-2
5.873333E1	4.505590E1	-5.607242E-3
5.876667E1	4.507118E1	1.734720E-2
5.880000E1	4.507392E1	3.552621E-2
5.883333E1	4.504834E1	1.311505E-1
5.886667E1	4.501558E1	2.064050E-1
5.890000E1	4.502367E1	1.927374E-1
5.893333E1	4.502694E1	1.536743E-1
5.896667E1	4.502000E1	1.192955E-1
5.900000E1	4.502504E1	6.785094E-2
5.903333E1	4.507328E1	5.714812E-2
5.906667E1	4.509770E1	4.920679E-2
5.910000E1	4.518728E1	6.185089E-2
5.913333E1	4.523214E1	6.262095E-2
5.916667E1	4.525446E1	6.403842E-2
5.920000E1	4.527011E1	3.377339E-2
5.923333E1	4.527439E1	2.068065E-2
5.926667E1	4.528275E1	4.312677E-2
5.930000E1	4.529206E1	8.689605E-2
5.933333E1	4.526470E1	1.722331E-1
5.936667E1	4.522547E1	2.425576E-1
5.940000E1	4.523450E1	2.166745E-1
5.943333E1	4.523553E1	1.557521E-1
5.946667E1	4.523474E1	1.233469E-1
5.950000E1	4.523769E1	7.755509E-2
5.953333E1	4.529828E1	5.161220E-2
5.956667E1	4.534041E1	5.943977E-2
5.960000E1	4.542249E1	6.558379E-2
5.963333E1	4.547250E1	6.807437E-2
5.966667E1	4.548640E1	6.259011E-2
5.970000E1	4.549676E1	4.947915E-2
5.973333E1	4.549759E1	5.919152E-2
5.976667E1	4.551294E1	8.588131E-2
5.980000E1	4.551306E1	1.003636E-1
5.983333E1	4.551176E1	2.027125E-1
5.986667E1	4.547204E1	2.858478E-1
5.990000E1	4.547263E1	2.738907E-1
5.993333E1	4.547643E1	2.116796E-1
5.996667E1	4.548136E1	1.807511E-1
6.000000E1	4.547311E1	1.249904E-1
6.003333E1	4.555565E1	1.047464E-1
6.006667E1	4.559117E1	8.159387E-2
6.010000E1	4.568717E1	7.837024E-2
6.013333E1	4.575663E1	8.484477E-2
6.016667E1	4.577297E1	7.550380E-2
6.020000E1	4.578814E1	5.479456E-2
6.023333E1	4.579069E1	6.544511E-2
6.026667E1	4.581196E1	8.638901E-2
6.030000E1	4.584232E1	1.089576E-1
6.033333E1	4.583037E1	1.931100E-1
6.036667E1	4.579370E1	2.908000E-1
6.040000E1	4.577877E1	2.753288E-1
6.043333E1	4.577757E1	2.256560E-1
6.046667E1	4.576766E1	1.885487E-1
6.050000E1	4.577064E1	1.514439E-1
6.053333E1	4.583496E1	1.230613E-1
6.056667E1	4.587500E1	1.202406E-1
6.060000E1	4.596707E1	1.332017E-1
6.063333E1	4.603297E1	1.362617E-1
6.066667E1	4.605073E1	1.374817E-1
6.070000E1	4.605511E1	1.129469E-1
6.073333E1	4.606437E1	1.279917E-1
6.076667E1	4.608326E1	1.515901E-1
6.080000E1	4.608178E1	1.660691E-1
6.083333E1	4.605819E1	2.654218E-1
6.086667E1	4.603707E1	3.224092E-1
6.090000E1	4.604213E1	2.971141E-1
6.093333E1	4.603630E1	2.664593E-1
6.096667E1	4.603921E1	2.206871E-1
6.100000E1	4.603665E1	1.643749E-1
6.103333E1	4.608135E1	1.480865E-1
6.106667E1	4.609948E1	1.394022E-1
6.110000E1	4.619256E1	1.418889E-1
6.113333E1	4.623728E1	1.404308E-1
6.116667E1	4.625490E1	1.378249E-1
6.120000E1	4.625899E1	1.139988E-1
6.123333E1	4.626495E1	1.236802E-1
6.126667E1	4.627804E1	1.471022E-1
6.130000E1	4.627905E1	1.644902E-1
6.133333E1	4.625725E1	2.610518E-1
6.136667E1	4.620222E1	3.448880E-1
6.140000E1	4.620030E1	3.284712E-1
6.143333E1	4.618302E1	2.858937E-1
6.146667E1	4.618100E1	2.665400E-1
6.150000E1	4.615720E1	2.114819E-1
6.153333E1	4.617434E1	1.784068E-1
6.156667E1	4.621112E1	1.660468E-1
6.160000E1	4.628261E1	1.545765E-1
6.163333E1	4.631437E1	1.498403E-1
6.166667E1	4.633836E1	1.398889E-1
6.170000E1	4.632468E1	1.253191E-1
6.173333E1	4.633039E1	1.288354E-1
6.176667E1	4.633851E1	1.404636E-1
6.180000E1	4.633945E1	1.480681E-1
6.183333E1	4.631064E1	2.695123E-1
6.186667E1	4.626579E1	3.438400E-1
6.190000E1	4.623395E1	3.381103E-1
6.193333E1	4.619579E1	3.107836E-1
6.196667E1	4.618849E1	2.813585E-1
6.200000E1	4.615338E1	2.172129E-1
6.203333E1	4.615723E1	2.008444E-1
6.206667E1	4.617954E1	1.879845E-1
6.210000E1	4.624901E1	1.939229E-1
6.213333E1	4.628625E1	2.007049E-1
6.216667E1	4.629320E1	1.999542E-1
6.220000E1	4.628688E1	1.710868E-1
6.223333E1	4.628487E1	1.548749E-1
6.226667E1	4.628552E1	1.539691E-1
6.230000E1	4.628020E1	1.604217E-1
6.233333E1	4.625325E1	2.749488E-1
6.236667E1	4.622149E1	3.455221E-1
6.240000E1	4.620320E1	3.269531E-1
6.243333E1	4.618221E1	2.844001E-1
6.246667E1	4.618281E1	2.628162E-1
6.250000E1	4.617027E1	1.801369E-1
6.253333E1	4.619833E1	1.542888E-1
6.256667E1	4.622566E1	1.526666E-1
6.260000E1	4.630497E1	1.488855E-1
6.263333E1	4.633125E1	1.439790E-1
6.266667E1	4.635853E1	1.366387E-1
6.270000E1	4.634983E1	1.172718E-1
6.273333E1	4.635331E1	1.276904E-1
6.276667E1	4.636418E1	1.410510E-1
6.280000E1	4.636332E1	1.496435E-1
6.283333E1	4.634199E1	2.727180E-1
6.286667E1	4.634129E1	3.182686E-1
6.290000E1	4.633235E1	2.964921E-1
6.293333E1	4.631884E1	2.690005E-1
6.296667E1	4.633195E1	2.462109E-1
6.300000E1	4.632533E1	1.532873E-1
6.303333E1	4.635375E1	1.382251E-1
6.306667E1	4.637820E1	1.360270E-1
6.310000E1	4.646992E1	1.290144E-1
6.313333E1	4.650562E1	1.351853E-1
6.316667E1	4.654197E1	1.214757E-1
6.320000E1	4.657191E1	9.791697E-2
6.323333E1	4.658367E1	7.765607E-2
6.326667E1	4.660560E1	8.053435E-2
6.330000E1	4.662757E1	8.260569E-2
6.333333E1	4.663412E1	1.967771E-1
6.336667E1	4.662220E1	2.666133E-1
6.340000E1	4.662131E1	2.590011E-1
6.343333E1	4.663064E1	2.217418E-1
6.346667E1	4.662866E1	1.947327E-1
6.350000E1	4.663564E1	1.304047E-1
6.353333E1	4.668801E1	9.674841E-2
6.356667E1	4.674634E1	7.302078E-2
6.360000E1	4.685869E1	7.121536E-2
6.363333E1	4.690477E1	7.219176E-2
6.366667E1	4.696178E1	5.246400E-2
6.370000E1	4.699282E1	2.501197E-2
6.373333E1	4.701476E1	1.093574E-2
6.376667E1	4.705090E1	1.020666E-2
6.380000E1	4.707122E1	1.507431E-2
6.383333E1	4.707468E1	1.318927E-1
6.386667E1	4.706804E1	1.947559E-1
6.390000E1	4.706530E1	1.929552E-1
6.393333E1	4.707382E1	1.687916E-1
6.396667E1	4.707265E1	1.398862E-1
6.400000E1	4.707798E1	5.851413E-2
6.403333E1	4.713403E1	1.826611E-2
6.406667E1	4.718995E1	4.055508E-3
6.410000E1	4.730240E1	-1.134233E-3
6.413333E1	4.734344E1	2.374218E-3
6.416667E1	4.740546E1	-2.001582E-3
6.420000E1	4.742204E1	-2.686156E-2
6.423333E1	4.744141E1	-1.575550E-2
6.426667E1	4.747109E1	-7.748311E-3
6.430000E1	4.749488E1	-1.077160E-3
6.433333E1	4.749006E1	9.273141E-2
6.436667E1	4.747520E1	1.502693E-1
6.440000E1	4.747434E1	1.435956E-1
6.443333E1	4.747069E1	1.233881E-1
6.446667E1	4.748367E1	9.814725E-2
6.450000E1	4.748273E1	6.452841E-3
6.453333E1	4.750329E1	-1.707636E-2
6.456667E1	4.752602E1	-1.472012E-2
6.460000E1	4.761665E1	-1.672447E-2
6.463333E1	4.764959E1	-7.969468E-3
6.466667E1	4.767632E1	-3.303035E-3
6.470000E1	4.766279E1	-1.602098E-2
6.473333E1	4.765561E1	-1.128151E-2
6.476667E1	4.765847E1	-2.294742E-3
6.480000E1	4.766071E1	3.904423E-3
6.483333E1	4.763593E1	1.184268E-1
6.486667E1	4.762682E1	1.708612E-1
6.490000E1	4.761985E1	1.543281E-1
6.493333E1	4.759059E1	1.398315E-1
6.496667E1	4.756453E1	1.196545E-1
6.500000E1	4.755057E1	2.532996E-2
6.503333E1	4.756563E1	1.602544E-3
6.506667E1	4.759578E1	5.047399E-4
6.510000E1	4.765564E1	-1.909159E-3
6.513333E1	4.768758E1	6.911440E-4
6.516667E1	4.769453E1	-8.468592E-4
6.520000E1	4.768533E1	-1.834469E-2
6.523333E1	4.769141E1	-1.092913E-2
6.526667E1	4.768428E1	1.065384E-3
6.530000E1	4.768791E1	6.856184E-3
6.533333E1	4.763810E1	1.249277E-1
6.536667E1	4.758114E1	1.911365E-1
6.540000E1	4.753578E1	1.857863E-1
6.543333E1	4.749934E1	1.761313E-1
6.546667E1	4.748189E1	1.388720E-1
6.550000E1	4.742178E1	6.950327E-2
6.553333E1	4.742512E1	4.823897E-2
6.556667E1	4.744672E1	5.830121E-2
6.560000E1	4.748716E1	6.132981E-2
6.563333E1	4.750603E1	6.818950E-2
6.566667E1	4.748815E1	6.140133E-2
6.570000E1	4.747603E1	3.968078E-2
6.573333E1	4.746988E1	2.139760E-2
6.576667E1	4.745165E1	2.878643E-2
6.580000E1	4.742816E1	2.683252E-2
6.583333E1	4.735523E1	1.498476E-1
6.586667E1	4.728872E1	2.273407E-1
6.590000E1	4.724615E1	2.147403E-1
6.593333E1	4.719267E1	1.860286E-1
6.596667E1	4.718322E1	1.700444E-1
6.600000E1	4.712154E1	9.044348E-2
6.603333E1	4.712072E1	6.233028E-2
6.606667E1	4.713771E1	6.933479E-2
6.610000E1	4.717415E1	7.266754E-2
6.613333E1	4.720747E1	7.716251E-2
6.616667E1	4.718584E1	7.123208E-2
6.620000E1	4.715818E1	5.753973E-2
6.623333E1	4.713284E1	5.772454E-2
6.626667E1	4.711306E1	6.891680E-2
6.630000E1	4.711147E1	7.934729E-2
6.633333E1	4.704727E1	2.036838E-1
6.636667E1	4.697947E1	2.806223E-1
6.640000E1	4.693914E1	2.783254E-1
6.643333E1	4.688974E1	2.409737E-1
6.646667E1	4.687744E1	2.112866E-1
6.650000E1	4.679378E1	1.421091E-1
6.653333E1	4.678267E1	1.226325E-1
6.656667E1	4.680068E1	1.297667E-1
6.660000E1	4.684829E1	1.304570E-1
6.663333E1	4.687334E1	1.401425E-1
6.666667E1	4.685942E1	1.313372E-1
6.670000E1	4.684811E1	1.056826E-1
6.673333E1	4.684287E1	8.157350E-2
6.676667E1	4.683568E1	8.904439E-2
6.680000E1	4.684141E1	9.403419E-2
6.683333E1	4.678599E1	2.174301E-1
6.686667E1	4.673392E1	2.921671E-1
6.690000E1	4.669026E1	2.729109E-1
6.693333E1	4.665586E1	2.424394E-1
6.696667E1	4.663671E1	2.077393E-1
6.700000E1	4.659463E1	1.386366E-1
6.703333E1	4.661126E1	1.010952E-1
6.706667E1	4.664280E1	9.134845E-2
6.710000E1	4.671431E1	8.098011E-2
6.713333E1	4.675279E1	8.341753E-2
6.716667E1	4.679334E1	7.942332E-2
6.720000E1	4.678790E1	6.122076E-2
6.723333E1	4.679184E1	6.498722E-2
6.726667E1	4.680270E1	7.574805E-2
6.730000E1	4.680196E1	8.629015E-2
6.733333E1	4.680588E1	1.822401E-1
6.736667E1	4.681064E1	2.255986E-1
6.740000E1	4.680599E1	2.292840E-1
6.743333E1	4.680446E1	2.195279E-1
6.746667E1	4.680181E1	2.117048E-1
6.750000E1	4.682336E1	1.538498E-1
6.753333E1	4.684264E1	1.238712E-1
6.756667E1	4.685413E1	1.228206E-1
6.760000E1	4.689281E1	8.681472E-2
