	masse A		
t	x	y	
0.000000E0	-4.813537E-3	-9.057337E-5
3.333333E-2	-1.098801E-2	-1.098337E-2
6.666667E-2	-1.295167E-2	-1.049151E-2
1.000000E-1	-2.803606E-2	-2.139806E-2
1.333333E-1	-4.000878E-2	-3.360311E-2
1.666667E-1	-6.051084E-2	-2.373895E-2
2.000000E-1	-1.392369E-1	-2.539696E-2
2.333333E-1	-1.605183E-1	-1.931532E-2
2.666667E-1	-2.187522E-1	-1.254090E-2
3.000000E-1	-2.748587E-1	-1.413930E-2
3.333333E-1	-2.822561E-1	-3.868110E-2
3.666667E-1	-2.885074E-1	-8.087430E-2
4.000000E-1	-2.845353E-1	-8.534679E-2
4.333333E-1	-2.449465E-1	-9.340034E-2
4.666667E-1	-2.088954E-1	-8.765364E-2
5.000000E-1	-1.568877E-1	-8.476197E-2
5.333333E-1	-6.739661E-2	-6.327016E-2
5.666667E-1	-4.837227E-2	-6.488744E-2
6.000000E-1	-2.454501E-2	-6.962337E-2
6.333333E-1	-1.243459E-2	-6.330531E-2
6.666667E-1	5.786173E-3	-4.267741E-2
7.000000E-1	-1.813365E-2	-7.752024E-3
7.333333E-1	-1.979303E-2	1.294769E-2
7.666667E-1	-6.850238E-2	6.325595E-2
8.000000E-1	-1.344531E-1	1.200553E-1
8.333333E-1	-1.899981E-1	8.698514E-2
8.666667E-1	-2.726901E-1	-2.696812E-2
9.000000E-1	-2.872888E-1	-5.256216E-2
9.333333E-1	-2.987747E-1	-1.717276E-1
9.666667E-1	-3.042411E-1	-2.111690E-1
1.000000E0	-2.787231E-1	-2.171868E-1
1.033333E0	-1.733630E-1	-2.018952E-1
1.066667E0	-1.424053E-1	-1.774750E-1
1.100000E0	-8.932430E-2	-1.356381E-1
1.133333E0	-6.816825E-2	-1.267903E-1
1.166667E0	-6.816039E-2	-1.406447E-1
1.200000E0	-6.227835E-2	-1.407885E-1
1.233333E0	-7.423882E-2	-1.344586E-1
1.266667E0	-1.194562E-1	-7.735319E-2
1.300000E0	-1.484990E-1	-4.157277E-2
1.333333E0	-2.092434E-1	3.196567E-3
1.366667E0	-2.344960E-1	-2.170841E-2
1.400000E0	-2.238807E-1	-3.870619E-2
1.433333E0	-2.352277E-1	-1.290721E-1
1.466667E0	-2.423323E-1	-1.655103E-1
1.500000E0	-2.114102E-1	-1.936435E-1
1.533333E0	-1.591981E-1	-2.166263E-1
1.566667E0	-1.304298E-1	-1.966430E-1
1.600000E0	-9.622534E-2	-1.896398E-1
1.633333E0	-8.364649E-2	-1.825493E-1
1.666667E0	-8.738341E-2	-1.855573E-1
1.700000E0	-1.087441E-1	-1.659086E-1
1.733333E0	-1.237406E-1	-1.160156E-1
1.766667E0	-1.860484E-1	-4.426055E-2
1.800000E0	-2.598320E-1	-1.955144E-3
1.833333E0	-3.143533E-1	3.873938E-4
1.866667E0	-3.541049E-1	-4.983259E-2
1.900000E0	-3.867806E-1	-8.014457E-2
1.933333E0	-4.103631E-1	-1.257257E-1
1.966667E0	-4.276265E-1	-1.652743E-1
2.000000E0	-3.984881E-1	-1.749827E-1
2.033333E0	-3.051015E-1	-1.475570E-1
2.066667E0	-2.749990E-1	-1.305634E-1
2.100000E0	-2.402885E-1	-1.272933E-1
2.133333E0	-2.204687E-1	-1.289235E-1
2.166667E0	-2.223899E-1	-1.359727E-1
2.200000E0	-2.199497E-1	-1.310988E-1
2.233333E0	-2.302413E-1	-1.210256E-1
2.266667E0	-2.850315E-1	-5.547799E-2
2.300000E0	-3.240705E-1	-2.684215E-2
2.333333E0	-4.012479E-1	7.885599E-2
2.366667E0	-4.367214E-1	4.610647E-2
2.400000E0	-4.397102E-1	9.262461E-3
2.433333E0	-4.783965E-1	-2.849414E-2
2.466667E0	-5.021682E-1	-6.301465E-2
2.500000E0	-4.526089E-1	-1.191867E-1
2.533333E0	-4.083991E-1	-1.209220E-1
2.566667E0	-3.786967E-1	-1.112242E-1
2.600000E0	-3.242839E-1	-9.842100E-2
2.633333E0	-2.984174E-1	-7.174574E-2
2.666667E0	-2.976471E-1	-7.661001E-2
2.700000E0	-2.907893E-1	-7.171664E-2
2.733333E0	-2.995224E-1	-5.778234E-2
2.766667E0	-3.420575E-1	2.205719E-2
2.800000E0	-3.647424E-1	3.195574E-2
2.833333E0	-4.299077E-1	9.877876E-2
2.866667E0	-4.701564E-1	5.158642E-2
2.900000E0	-4.765632E-1	5.308014E-2
2.933333E0	-5.135332E-1	-2.648411E-2
2.966667E0	-5.292046E-1	-3.349532E-2
3.000000E0	-4.746627E-1	-5.228116E-2
3.033333E0	-4.319693E-1	-6.329771E-2
3.066667E0	-3.887095E-1	-4.030231E-2
3.100000E0	-3.123144E-1	-4.064287E-2
3.133333E0	-2.895669E-1	-4.386589E-2
3.166667E0	-2.889041E-1	-6.488978E-2
3.200000E0	-2.826627E-1	-6.382235E-2
3.233333E0	-2.878103E-1	-3.953200E-2
3.266667E0	-3.124026E-1	4.996029E-3
3.300000E0	-3.448778E-1	6.736046E-2
3.333333E0	-4.180286E-1	1.382195E-1
3.366667E0	-4.266626E-1	1.030925E-1
3.400000E0	-4.381182E-1	7.428928E-2
3.433333E0	-4.452179E-1	2.245018E-2
3.466667E0	-4.585664E-1	-1.909487E-2
3.500000E0	-4.154993E-1	-1.977727E-2
3.533333E0	-3.539362E-1	-9.589695E-3
3.566667E0	-3.006479E-1	7.157452E-3
3.600000E0	-2.335018E-1	5.960021E-3
3.633333E0	-2.119381E-1	7.941052E-3
3.666667E0	-1.941588E-1	-9.535742E-3
3.700000E0	-1.845708E-1	-1.582520E-2
3.733333E0	-1.671285E-1	1.012706E-2
3.766667E0	-1.643896E-1	3.445958E-2
3.800000E0	-1.863726E-1	1.001339E-1
3.833333E0	-2.471773E-1	1.425851E-1
3.866667E0	-2.622196E-1	1.347344E-1
3.900000E0	-2.664381E-1	1.012622E-1
3.933333E0	-2.959756E-1	4.764003E-2
3.966667E0	-2.829190E-1	2.352094E-2
4.000000E0	-2.298269E-1	-4.849563E-3
4.033333E0	-1.593680E-1	-3.552460E-3
4.066667E0	-1.013168E-1	1.566466E-2
4.100000E0	-1.784800E-2	9.826515E-3
4.133333E0	1.200444E-3	7.344572E-3
4.166667E0	2.338751E-2	-1.312567E-2
4.200000E0	4.040120E-2	-1.654743E-2
4.233333E0	5.544795E-2	8.777995E-3
4.266667E0	4.311238E-2	4.112108E-2
4.300000E0	2.427193E-2	1.275765E-1
4.333333E0	-1.722813E-2	1.815426E-1
4.366667E0	-7.644855E-3	1.495981E-1
4.400000E0	-1.167413E-2	1.228433E-1
4.433333E0	-1.194689E-2	7.068160E-2
4.466667E0	-1.554151E-2	4.531050E-2
4.500000E0	5.413588E-2	2.670043E-2
4.533333E0	1.230611E-1	1.533239E-2
4.566667E0	1.904820E-1	3.819141E-2
4.600000E0	2.639321E-1	4.555942E-2
4.633333E0	2.862253E-1	5.395026E-2
4.666667E0	3.199992E-1	9.514379E-3
4.700000E0	3.572926E-1	4.528392E-3
4.733333E0	3.608576E-1	2.991782E-2
4.766667E0	3.502229E-1	7.038449E-2
4.800000E0	3.309812E-1	1.140937E-1
4.833333E0	2.991746E-1	1.979475E-1
4.866667E0	2.953431E-1	1.606825E-1
4.900000E0	2.845707E-1	1.260986E-1
4.933333E0	2.757885E-1	7.078903E-2
4.966667E0	2.732813E-1	4.774931E-2
5.000000E0	3.475595E-1	2.663338E-2
5.033333E0	4.110948E-1	1.593507E-2
5.066667E0	4.667365E-1	3.121206E-2
5.100000E0	5.570741E-1	1.353134E-2
5.133333E0	5.727719E-1	9.944012E-3
5.166667E0	5.924399E-1	-1.195368E-2
5.200000E0	6.060151E-1	-3.847469E-3
5.233333E0	6.019555E-1	1.608471E-2
5.266667E0	5.823123E-1	5.825261E-2
5.300000E0	5.640982E-1	1.114548E-1
5.333333E0	5.199551E-1	1.922408E-1
5.366667E0	5.186901E-1	1.562908E-1
5.400000E0	5.076147E-1	1.219544E-1
5.433333E0	5.025662E-1	6.754760E-2
5.466667E0	5.008480E-1	5.042994E-2
5.500000E0	5.748755E-1	2.897976E-2
5.533333E0	6.452783E-1	1.865402E-2
5.566667E0	7.064100E-1	2.322360E-2
5.600000E0	7.962273E-1	1.239702E-2
5.633333E0	8.085857E-1	7.968829E-3
5.666667E0	8.434917E-1	-3.010168E-2
5.700000E0	8.696731E-1	-1.406188E-2
5.733333E0	8.748470E-1	9.697560E-3
5.766667E0	8.660775E-1	6.245620E-2
5.800000E0	8.635577E-1	1.066508E-1
5.833333E0	8.215839E-1	1.693333E-1
5.866667E0	8.030501E-1	1.262235E-1
5.900000E0	8.059122E-1	1.005132E-1
5.933333E0	8.055210E-1	2.635121E-2
5.966667E0	7.992505E-1	3.190239E-3
6.000000E0	8.600462E-1	-1.490672E-2
6.033333E0	9.335997E-1	-4.755211E-3
6.066667E0	9.949103E-1	6.825328E-3
6.100000E0	1.090474E0	3.726517E-3
6.133333E0	1.103703E0	7.232642E-5
6.166667E0	1.140126E0	-5.037215E-2
6.200000E0	1.171779E0	-5.411221E-2
6.233333E0	1.162612E0	-3.183879E-2
6.266667E0	1.157408E0	4.229112E-2
6.300000E0	1.153915E0	8.228531E-2
6.333333E0	1.119449E0	1.343697E-1
6.366667E0	1.142892E0	9.131314E-2
6.400000E0	1.140623E0	6.187064E-2
6.433333E0	1.144509E0	-3.378811E-3
6.466667E0	1.143866E0	-1.343406E-2
6.500000E0	1.215389E0	-2.705948E-2
6.533333E0	1.287205E0	-1.509343E-2
6.566667E0	1.344219E0	-3.433617E-3
6.600000E0	1.441382E0	-2.131830E-3
6.633333E0	1.455589E0	-2.781114E-3
6.666667E0	1.503733E0	-5.349348E-2
6.700000E0	1.534835E0	-5.392854E-2
6.733333E0	1.523978E0	-3.462679E-2
6.766667E0	1.517400E0	4.642661E-2
6.800000E0	1.513971E0	8.046921E-2
6.833333E0	1.468568E0	1.442033E-1
6.866667E0	1.470472E0	7.668870E-2
6.900000E0	1.480856E0	4.355353E-2
6.933333E0	1.494342E0	-1.191876E-2
6.966667E0	1.494120E0	-2.511787E-2
7.000000E0	1.580011E0	-4.217441E-2
7.033333E0	1.643911E0	-5.424245E-2
7.066667E0	1.710542E0	-5.268041E-2
7.100000E0	1.802027E0	-5.506648E-2
7.133333E0	1.814496E0	-6.009245E-2
7.166667E0	1.859495E0	-1.081812E-1
7.200000E0	1.884030E0	-1.161945E-1
7.233333E0	1.873972E0	-1.004507E-1
7.266667E0	1.869735E0	-1.605236E-2
7.300000E0	1.867283E0	1.164727E-2
7.333333E0	1.821923E0	8.547398E-2
7.366667E0	1.804650E0	4.394883E-2
7.400000E0	1.810744E0	7.898348E-3
7.433333E0	1.810410E0	-3.738873E-2
7.466667E0	1.799902E0	-7.632049E-2
7.500000E0	1.864579E0	-9.380807E-2
7.533333E0	1.938683E0	-8.108181E-2
7.566667E0	2.012162E0	-7.056929E-2
7.600000E0	2.092038E0	-6.488367E-2
7.633333E0	2.105380E0	-6.863244E-2
7.666667E0	2.152170E0	-1.164291E-1
7.700000E0	2.179965E0	-1.204819E-1
7.733333E0	2.169187E0	-9.850690E-2
7.766667E0	2.161204E0	-1.467442E-2
7.800000E0	2.158864E0	1.640727E-2
7.833333E0	2.116239E0	8.457649E-2
7.866667E0	2.097930E0	4.665791E-2
7.900000E0	2.102939E0	8.231717E-3
7.933333E0	2.093988E0	-3.031408E-2
7.966667E0	2.102583E0	-5.265104E-2
8.000000E0	2.162780E0	-7.742152E-2
8.033333E0	2.231380E0	-7.461107E-2
8.066667E0	2.300782E0	-7.065712E-2
8.100000E0	2.394620E0	-6.172748E-2
8.133333E0	2.405926E0	-7.816314E-2
8.166667E0	2.453046E0	-1.050557E-1
8.200000E0	2.501530E0	-1.094608E-1
8.233333E0	2.500918E0	-9.366060E-2
8.266667E0	2.501467E0	-2.264384E-2
8.300000E0	2.507037E0	1.563417E-2
8.333333E0	2.463607E0	8.247493E-2
8.366667E0	2.452802E0	4.219186E-2
8.400000E0	2.454199E0	4.506395E-3
8.433333E0	2.448965E0	-3.584974E-2
8.466667E0	2.456977E0	-5.147651E-2
8.500000E0	2.527297E0	-7.082005E-2
8.533333E0	2.642690E0	-6.290788E-2
8.566667E0	2.709031E0	-6.737148E-2
8.600000E0	2.788977E0	-7.462173E-2
8.633333E0	2.807633E0	-8.031345E-2
8.666667E0	2.867725E0	-1.159498E-1
8.700000E0	2.880814E0	-1.041254E-1
8.733333E0	2.888161E0	-6.500608E-2
8.766667E0	2.881634E0	3.307932E-2
8.800000E0	2.864609E0	5.096284E-2
8.833333E0	2.857023E0	6.124059E-2
8.866667E0	2.884555E0	1.791332E-2
8.900000E0	2.875706E0	-2.728055E-2
8.933333E0	2.889299E0	-5.899894E-2
8.966667E0	2.887176E0	-7.538419E-2
9.000000E0	2.981297E0	-9.707955E-2
9.033333E0	3.081450E0	-6.880509E-2
9.066667E0	3.147295E0	-7.220605E-2
9.100000E0	3.228093E0	-7.671406E-2
9.133333E0	3.240423E0	-8.188273E-2
9.166667E0	3.304653E0	-1.233987E-1
9.200000E0	3.336125E0	-1.117534E-1
9.233333E0	3.319559E0	-9.056814E-2
9.266667E0	3.312496E0	5.895352E-3
9.300000E0	3.313256E0	2.743181E-2
9.333333E0	3.306076E0	3.534138E-2
9.366667E0	3.306421E0	-1.018820E-2
9.400000E0	3.317663E0	-4.498636E-2
9.433333E0	3.317906E0	-8.648460E-2
9.466667E0	3.319851E0	-9.558703E-2
9.500000E0	3.407281E0	-8.448700E-2
9.533333E0	3.497093E0	-8.656555E-2
9.566667E0	3.562366E0	-7.966334E-2
9.600000E0	3.648825E0	-8.230011E-2
9.633333E0	3.666986E0	-8.719336E-2
9.666667E0	3.726819E0	-1.191886E-1
9.700000E0	3.760138E0	-1.114086E-1
9.733333E0	3.747787E0	-8.919714E-2
9.766667E0	3.742789E0	1.062819E-2
9.800000E0	3.745223E0	3.331719E-2
9.833333E0	3.698850E0	6.663123E-2
9.866667E0	3.688019E0	4.849722E-2
9.900000E0	3.696099E0	-2.588682E-3
9.933333E0	3.711541E0	-6.803711E-2
9.966667E0	3.726537E0	-8.063676E-2
1.000000E1	3.813776E0	-7.638732E-2
1.003333E1	3.902176E0	-6.356098E-2
1.006667E1	3.955000E0	-7.274921E-2
1.010000E1	4.026549E0	-7.649644E-2
1.013333E1	4.036800E0	-8.044147E-2
1.016667E1	4.094042E0	-1.199337E-1
1.020000E1	4.112072E0	-1.045143E-1
1.023333E1	4.120206E0	-7.127592E-2
1.026667E1	4.116572E0	3.220718E-2
1.030000E1	4.099264E0	5.097685E-2
1.033333E1	4.082886E0	7.313681E-2
1.036667E1	4.106996E0	3.116819E-2
1.040000E1	4.101949E0	-1.644129E-2
1.043333E1	4.120458E0	-4.265544E-2
1.046667E1	4.118681E0	-7.073612E-2
1.050000E1	4.169534E0	-7.615276E-2
1.053333E1	4.303368E0	-7.104395E-2
1.056667E1	4.347128E0	-6.455898E-2
1.060000E1	4.404371E0	-6.861497E-2
1.063333E1	4.432421E0	-8.967509E-2
1.066667E1	4.461471E0	-1.013624E-1
1.070000E1	4.513861E0	-8.954823E-2
1.073333E1	4.524595E0	-7.145702E-2
1.076667E1	4.522588E0	2.635097E-2
1.080000E1	4.508914E0	5.493111E-2
1.083333E1	4.474669E0	1.168224E-1
1.086667E1	4.476402E0	6.365481E-2
1.090000E1	4.479212E0	3.290449E-2
1.093333E1	4.471925E0	-1.532053E-2
1.096667E1	4.482000E0	-3.806376E-2
1.100000E1	4.528024E0	-6.438671E-2
1.103333E1	4.659390E0	-6.941662E-2
1.106667E1	4.701165E0	-6.702408E-2
1.110000E1	4.755939E0	-7.024638E-2
1.113333E1	4.772612E0	-7.521873E-2
1.116667E1	4.804544E0	-1.137097E-1
1.120000E1	4.854039E0	-1.337638E-1
1.123333E1	4.875065E0	-1.217795E-1
1.126667E1	4.853480E0	-2.374819E-2
1.130000E1	4.865054E0	1.318253E-2
1.133333E1	4.823850E0	7.189768E-2
1.136667E1	4.818901E0	1.122501E-2
1.140000E1	4.812483E0	-1.246848E-2
1.143333E1	4.824921E0	-5.586270E-2
1.146667E1	4.818250E0	-8.089833E-2
1.150000E1	4.849517E0	-6.754471E-2
1.153333E1	4.957080E0	-7.388543E-2
1.156667E1	4.994444E0	-6.724932E-2
1.160000E1	5.039465E0	-7.514511E-2
1.163333E1	5.049599E0	-8.040448E-2
1.166667E1	5.062688E0	-9.269333E-2
1.170000E1	5.093367E0	-8.540726E-2
1.173333E1	5.104784E0	-6.692869E-2
1.176667E1	5.101555E0	2.217784E-2
1.180000E1	5.080820E0	6.098118E-2
1.183333E1	5.038442E0	1.163633E-1
1.186667E1	5.037689E0	6.143036E-2
1.190000E1	5.044788E0	3.351538E-2
1.193333E1	5.035935E0	-2.066236E-2
1.196667E1	5.048929E0	-3.845679E-2
1.200000E1	5.091490E0	-6.755924E-2
1.203333E1	5.209903E0	-4.766291E-2
1.206667E1	5.246111E0	-6.566798E-2
1.210000E1	5.306707E0	-7.574117E-2
1.213333E1	5.324678E0	-8.231486E-2
1.216667E1	5.334416E0	-9.945966E-2
1.220000E1	5.377166E0	-8.981132E-2
1.223333E1	5.387559E0	-7.254162E-2
1.226667E1	5.381622E0	6.956413E-3
1.230000E1	5.365611E0	5.398169E-2
1.233333E1	5.327054E0	1.179000E-1
1.236667E1	5.328043E0	5.974455E-2
1.240000E1	5.333981E0	3.161037E-2
1.243333E1	5.326462E0	-2.086344E-2
1.246667E1	5.338977E0	-4.200486E-2
1.250000E1	5.378760E0	-7.055012E-2
1.253333E1	5.502721E0	-7.707878E-2
1.256667E1	5.552363E0	-6.771448E-2
1.260000E1	5.606083E0	-7.373180E-2
1.263333E1	5.618150E0	-7.998382E-2
1.266667E1	5.652151E0	-1.261069E-1
1.270000E1	5.700758E0	-1.099141E-1
1.273333E1	5.681838E0	-1.061713E-1
1.276667E1	5.677393E0	-6.566972E-3
1.280000E1	5.678017E0	3.192331E-2
1.283333E1	5.632164E0	8.213622E-2
1.286667E1	5.623879E0	1.245087E-2
1.290000E1	5.612767E0	-1.530918E-2
1.293333E1	5.623480E0	-5.444097E-2
1.296667E1	5.619596E0	-8.115459E-2
1.300000E1	5.663188E0	-9.262974E-2
1.303333E1	5.792468E0	-8.407161E-2
1.306667E1	5.841229E0	-7.337493E-2
1.310000E1	5.893849E0	-7.810118E-2
1.313333E1	5.909945E0	-8.308376E-2
1.316667E1	5.944541E0	-1.277579E-1
1.320000E1	5.992435E0	-1.191193E-1
1.323333E1	5.989157E0	-1.100067E-1
1.326667E1	5.966494E0	-2.476065E-2
1.330000E1	5.971409E0	1.678804E-2
1.333333E1	5.924821E0	7.256057E-2
1.336667E1	5.924425E0	1.100788E-2
1.340000E1	5.910710E0	-1.609681E-2
1.343333E1	5.923147E0	-5.097205E-2
1.346667E1	5.917525E0	-8.230524E-2
1.350000E1	5.965563E0	-9.175744E-2
1.353333E1	6.093314E0	-8.644079E-2
1.356667E1	6.136228E0	-7.603301E-2
1.360000E1	6.189152E0	-8.238352E-2
1.363333E1	6.206231E0	-8.724900E-2
1.366667E1	6.247511E0	-1.255401E-1
1.370000E1	6.297893E0	-1.343779E-1
1.373333E1	6.320309E0	-1.197324E-1
1.376667E1	6.322056E0	-4.248307E-2
1.380000E1	6.319154E0	2.471463E-3
1.383333E1	6.275414E0	6.447997E-2
1.386667E1	6.279535E0	7.844087E-3
1.390000E1	6.267559E0	-1.570472E-2
1.393333E1	6.280932E0	-4.774835E-2
1.396667E1	6.274030E0	-8.366345E-2
1.400000E1	6.321002E0	-8.883240E-2
1.403333E1	6.453936E0	-8.675402E-2
1.406667E1	6.493700E0	-7.469829E-2
1.410000E1	6.551651E0	-8.116935E-2
1.413333E1	6.571287E0	-8.603941E-2
1.416667E1	6.606367E0	-1.295621E-1
1.420000E1	6.657394E0	-1.393479E-1
1.423333E1	6.678008E0	-1.242703E-1
1.426667E1	6.680734E0	-5.979269E-2
1.430000E1	6.677660E0	3.125239E-4
1.433333E1	6.641894E0	6.087760E-2
1.436667E1	6.633191E0	9.535156E-3
1.440000E1	6.625804E0	-1.555256E-2
1.443333E1	6.639808E0	-5.423649E-2
1.446667E1	6.634420E0	-8.742922E-2
1.450000E1	6.682481E0	-9.549767E-2
1.453333E1	6.816886E0	-9.344865E-2
1.456667E1	6.864278E0	-7.803945E-2
1.460000E1	6.912924E0	-8.188334E-2
1.463333E1	6.931747E0	-8.536037E-2
1.466667E1	6.970657E0	-1.271436E-1
1.470000E1	7.028000E0	-1.339302E-1
1.473333E1	7.043136E0	-1.219398E-1
1.476667E1	7.050011E0	-5.994561E-2
1.480000E1	7.042769E0	1.049903E-3
1.483333E1	7.044573E0	3.010752E-2
1.486667E1	7.035542E0	-2.264341E-2
1.490000E1	7.050849E0	-3.988086E-2
1.493333E1	7.045998E0	-8.435030E-2
1.496667E1	7.062863E0	-1.184935E-1
1.500000E1	7.105691E0	-1.434068E-1
1.503333E1	7.237638E0	-1.487014E-1
1.506667E1	7.282301E0	-1.386467E-1
1.510000E1	7.340821E0	-1.435118E-1
1.513333E1	7.357737E0	-1.438407E-1
1.516667E1	7.366215E0	-1.553418E-1
1.520000E1	7.412954E0	-1.518228E-1
1.523333E1	7.424826E0	-1.347700E-1
1.526667E1	7.425685E0	-8.116956E-2
1.530000E1	7.417841E0	9.538133E-4
1.533333E1	7.398986E0	4.118662E-2
1.536667E1	7.417162E0	5.287938E-3
1.540000E1	7.410107E0	-1.643954E-2
1.543333E1	7.421848E0	-5.327877E-2
1.546667E1	7.420182E0	-9.015363E-2
1.550000E1	7.475004E0	-9.653296E-2
1.553333E1	7.607566E0	-1.028990E-1
1.556667E1	7.644512E0	-8.577876E-2
1.560000E1	7.710490E0	-8.243038E-2
1.563333E1	7.753441E0	-1.083159E-1
1.566667E1	7.776402E0	-1.394070E-1
1.570000E1	7.831289E0	-1.372659E-1
1.573333E1	7.846428E0	-1.210404E-1
1.576667E1	7.855301E0	-4.956919E-2
1.580000E1	7.849443E0	1.127740E-2
1.583333E1	7.833632E0	4.543328E-2
1.586667E1	7.851590E0	6.658422E-3
1.590000E1	7.845683E0	-1.809541E-2
1.593333E1	7.865260E0	-4.371046E-2
1.596667E1	7.862544E0	-8.109040E-2
1.600000E1	7.917425E0	-8.948502E-2
1.603333E1	8.050452E0	-8.737620E-2
1.606667E1	8.093453E0	-9.151303E-2
1.610000E1	8.176199E0	-9.597834E-2
1.613333E1	8.205357E0	-9.458680E-2
1.616667E1	8.241849E0	-1.334711E-1
1.620000E1	8.313927E0	-1.373353E-1
1.623333E1	8.338824E0	-1.199705E-1
1.626667E1	8.353912E0	-5.389845E-2
1.630000E1	8.348473E0	1.964504E-3
1.633333E1	8.331233E0	4.363059E-2
1.636667E1	8.354562E0	5.902067E-3
1.640000E1	8.347526E0	-1.542385E-2
1.643333E1	8.370393E0	-4.169513E-2
1.646667E1	8.363595E0	-8.219614E-2
1.650000E1	8.421394E0	-8.748076E-2
1.653333E1	8.557023E0	-8.668075E-2
1.656667E1	8.599479E0	-9.366561E-2
1.660000E1	8.677591E0	-9.550245E-2
1.663333E1	8.710962E0	-9.397495E-2
1.666667E1	8.756342E0	-1.298301E-1
1.670000E1	8.814390E0	-1.395921E-1
1.673333E1	8.841907E0	-1.207587E-1
1.676667E1	8.853929E0	-5.562076E-2
1.680000E1	8.848175E0	1.834311E-3
1.683333E1	8.831098E0	3.719197E-2
1.686667E1	8.853822E0	4.544622E-4
1.690000E1	8.849966E0	-2.020133E-2
1.693333E1	8.864072E0	-4.666242E-2
1.696667E1	8.857879E0	-8.466514E-2
1.700000E1	8.915718E0	-9.703340E-2
1.703333E1	9.053655E0	-9.634616E-2
1.706667E1	9.089954E0	-8.135326E-2
1.710000E1	9.148954E0	-7.835557E-2
1.713333E1	9.173442E0	-1.078291E-1
1.716667E1	9.217851E0	-1.174185E-1
1.720000E1	9.273254E0	-1.319586E-1
1.723333E1	9.287039E0	-1.183390E-1
1.726667E1	9.294422E0	-4.397133E-2
1.730000E1	9.289766E0	9.170001E-3
1.733333E1	9.268860E0	4.628607E-2
1.736667E1	9.289699E0	5.168109E-3
1.740000E1	9.283742E0	-1.587706E-2
1.743333E1	9.303570E0	-5.121795E-2
1.746667E1	9.297394E0	-8.497986E-2
1.750000E1	9.350772E0	-9.284847E-2
1.753333E1	9.485142E0	-9.471811E-2
1.756667E1	9.521541E0	-8.049678E-2
1.760000E1	9.589248E0	-8.300275E-2
1.763333E1	9.637818E0	-1.099960E-1
1.766667E1	9.657381E0	-1.416059E-1
1.770000E1	9.713194E0	-1.431377E-1
1.773333E1	9.730333E0	-1.244248E-1
1.776667E1	9.759537E0	-1.112763E-1
1.780000E1	9.745086E0	-2.258391E-2
1.783333E1	9.771046E0	1.468203E-2
1.786667E1	9.770756E0	-2.227274E-2
1.790000E1	9.792217E0	-3.884572E-2
1.793333E1	9.791591E0	-7.961971E-2
1.796667E1	9.789941E0	-1.054722E-1
1.800000E1	9.869503E0	-1.092554E-1
1.803333E1	1.000147E1	-1.355264E-1
1.806667E1	1.004114E1	-1.451079E-1
1.810000E1	1.011628E1	-1.514621E-1
1.813333E1	1.014481E1	-1.511434E-1
1.816667E1	1.016288E1	-1.579382E-1
1.820000E1	1.020926E1	-1.581251E-1
1.823333E1	1.022135E1	-1.385995E-1
1.826667E1	1.022889E1	-1.072607E-1
1.830000E1	1.022126E1	-3.093747E-3
1.833333E1	1.022409E1	3.267880E-2
1.836667E1	1.021539E1	-1.615967E-2
1.840000E1	1.021413E1	-3.334090E-2
1.843333E1	1.022869E1	-6.554624E-2
1.846667E1	1.022570E1	-9.831071E-2
1.850000E1	1.027889E1	-1.049069E-1
1.853333E1	1.043263E1	-1.138840E-1
1.856667E1	1.046769E1	-1.337324E-1
1.860000E1	1.053046E1	-1.323811E-1
1.863333E1	1.054480E1	-1.518325E-1
1.866667E1	1.057194E1	-1.614630E-1
1.870000E1	1.061798E1	-1.534446E-1
1.873333E1	1.063963E1	-1.377505E-1
1.876667E1	1.064785E1	-8.329449E-2
1.880000E1	1.063991E1	-5.073792E-3
1.883333E1	1.063725E1	2.208831E-2
1.886667E1	1.063284E1	-9.125087E-3
1.890000E1	1.064514E1	-4.436526E-2
1.893333E1	1.063239E1	-8.971162E-2
1.896667E1	1.065166E1	-1.084106E-1
1.900000E1	1.070169E1	-1.491560E-1
1.903333E1	1.078344E1	-1.501372E-1
1.906667E1	1.084326E1	-1.434693E-1
1.910000E1	1.092461E1	-1.468968E-1
1.913333E1	1.093869E1	-1.450930E-1
1.916667E1	1.093875E1	-1.632929E-1
1.920000E1	1.095164E1	-1.511931E-1
1.923333E1	1.096210E1	-1.340857E-1
1.926667E1	1.095953E1	-8.403169E-2
1.930000E1	1.094164E1	-2.701771E-2
1.933333E1	1.092127E1	5.460358E-2
1.936667E1	1.093862E1	2.753902E-2
1.940000E1	1.092887E1	-2.084157E-2
1.943333E1	1.093192E1	-5.474630E-2
1.946667E1	1.092808E1	-8.340140E-2
1.950000E1	1.101009E1	-1.131605E-1
1.953333E1	1.108228E1	-1.317780E-1
1.956667E1	1.113100E1	-1.398735E-1
1.960000E1	1.122137E1	-1.398392E-1
1.963333E1	1.123290E1	-1.394058E-1
1.966667E1	1.123918E1	-1.553249E-1
1.970000E1	1.125184E1	-1.474120E-1
1.973333E1	1.126389E1	-1.361169E-1
1.976667E1	1.129549E1	-8.819085E-2
1.980000E1	1.128202E1	-2.797734E-2
1.983333E1	1.124964E1	6.959406E-2
1.986667E1	1.123419E1	3.866535E-2
1.990000E1	1.123758E1	4.257167E-3
1.993333E1	1.122327E1	-3.234583E-2
1.996667E1	1.123400E1	-4.968590E-2
2.000000E1	1.129075E1	-8.606041E-2
2.003333E1	1.136294E1	-8.612774E-2
2.006667E1	1.141290E1	-8.436367E-2
2.010000E1	1.149874E1	-8.444873E-2
2.013333E1	1.151397E1	-8.407466E-2
2.016667E1	1.154345E1	-1.220184E-1
2.020000E1	1.155842E1	-1.416390E-1
2.023333E1	1.158634E1	-1.209311E-1
2.026667E1	1.159427E1	-7.328518E-2
2.030000E1	1.157905E1	-2.577325E-2
2.033333E1	1.154806E1	5.444096E-2
2.036667E1	1.157269E1	2.281235E-2
2.040000E1	1.155935E1	-2.246127E-2
2.043333E1	1.157150E1	-6.686721E-2
2.046667E1	1.156723E1	-8.814494E-2
2.050000E1	1.164357E1	-1.161680E-1
2.053333E1	1.171868E1	-1.331569E-1
2.056667E1	1.176854E1	-1.309749E-1
2.060000E1	1.184696E1	-1.423284E-1
2.063333E1	1.186272E1	-1.438929E-1
2.066667E1	1.186542E1	-1.628466E-1
2.070000E1	1.187942E1	-1.553015E-1
2.073333E1	1.188723E1	-1.359170E-1
2.076667E1	1.188532E1	-8.243099E-2
2.080000E1	1.186884E1	-2.786457E-2
2.083333E1	1.183375E1	3.959362E-2
2.086667E1	1.185861E1	1.493556E-2
2.090000E1	1.183739E1	-2.685391E-2
2.093333E1	1.184612E1	-6.911988E-2
2.096667E1	1.184502E1	-9.085624E-2
2.100000E1	1.189620E1	-8.238550E-2
2.103333E1	1.194557E1	-9.344569E-2
2.106667E1	1.200174E1	-9.204853E-2
2.110000E1	1.205823E1	-9.255667E-2
2.113333E1	1.207593E1	-9.016026E-2
2.116667E1	1.209230E1	-1.282829E-1
2.120000E1	1.210009E1	-1.375297E-1
2.123333E1	1.210336E1	-1.221930E-1
2.126667E1	1.209822E1	-7.473356E-2
2.130000E1	1.208164E1	-2.631858E-2
2.133333E1	1.204761E1	4.698455E-2
2.136667E1	1.207280E1	1.999674E-2
2.140000E1	1.205680E1	-2.552849E-2
2.143333E1	1.205926E1	-6.504421E-2
2.146667E1	1.205227E1	-9.980063E-2
2.150000E1	1.210056E1	-9.216401E-2
2.153333E1	1.215913E1	-9.596341E-2
2.156667E1	1.221088E1	-9.685993E-2
2.160000E1	1.226657E1	-9.132260E-2
2.163333E1	1.229020E1	-8.890429E-2
2.166667E1	1.231277E1	-1.343051E-1
2.170000E1	1.231785E1	-1.415770E-1
2.173333E1	1.232343E1	-1.238633E-1
2.176667E1	1.231770E1	-8.258681E-2
2.180000E1	1.231095E1	-3.844421E-2
2.183333E1	1.228204E1	1.722596E-2
2.186667E1	1.227080E1	-1.296954E-2
2.190000E1	1.228471E1	-4.432450E-2
2.193333E1	1.225696E1	-7.547748E-2
2.196667E1	1.223523E1	-9.649485E-2
2.200000E1	1.230766E1	-1.187509E-1
2.203333E1	1.236977E1	-1.409397E-1
2.206667E1	1.241872E1	-1.392962E-1
2.210000E1	1.249727E1	-1.460811E-1
2.213333E1	1.250975E1	-1.445435E-1
2.216667E1	1.251031E1	-1.727425E-1
2.220000E1	1.252561E1	-1.621374E-1
2.223333E1	1.253101E1	-1.409725E-1
2.226667E1	1.252526E1	-9.739144E-2
2.230000E1	1.252300E1	-4.846950E-2
2.233333E1	1.249900E1	9.917063E-3
2.236667E1	1.249473E1	-1.755450E-2
2.240000E1	1.250376E1	-4.949981E-2
2.243333E1	1.247775E1	-7.857278E-2
2.246667E1	1.248552E1	-1.383552E-1
2.250000E1	1.253695E1	-1.350889E-1
2.253333E1	1.259221E1	-1.473122E-1
2.256667E1	1.265037E1	-1.487128E-1
2.260000E1	1.271807E1	-1.484718E-1
2.263333E1	1.272918E1	-1.492426E-1
2.266667E1	1.273921E1	-1.739883E-1
2.270000E1	1.275204E1	-1.609841E-1
2.273333E1	1.275637E1	-1.391482E-1
2.276667E1	1.275228E1	-9.576698E-2
2.280000E1	1.275189E1	-3.960837E-2
2.283333E1	1.272048E1	1.382134E-2
2.286667E1	1.270731E1	-2.225906E-2
2.290000E1	1.272429E1	-5.319809E-2
2.293333E1	1.272179E1	-1.116810E-1
2.296667E1	1.271564E1	-1.449484E-1
2.300000E1	1.276153E1	-1.431015E-1
2.303333E1	1.281758E1	-1.450798E-1
2.306667E1	1.287091E1	-1.513320E-1
2.310000E1	1.293083E1	-1.536829E-1
2.313333E1	1.294346E1	-1.537078E-1
2.316667E1	1.295491E1	-1.689526E-1
2.320000E1	1.296504E1	-1.535347E-1
2.323333E1	1.296816E1	-1.246292E-1
2.326667E1	1.295883E1	-6.221869E-2
2.330000E1	1.294202E1	-2.084230E-2
2.333333E1	1.291743E1	-1.696493E-3
2.336667E1	1.294494E1	-4.177429E-2
2.340000E1	1.292426E1	-7.724525E-2
2.343333E1	1.292932E1	-1.402556E-1
2.346667E1	1.293449E1	-1.508346E-1
2.350000E1	1.300732E1	-1.561179E-1
2.353333E1	1.308136E1	-1.510799E-1
2.356667E1	1.311377E1	-1.396002E-1
2.360000E1	1.315054E1	-1.520438E-1
2.363333E1	1.315667E1	-1.548414E-1
2.366667E1	1.317060E1	-1.769516E-1
2.370000E1	1.317770E1	-1.600530E-1
2.373333E1	1.318450E1	-1.269266E-1
2.376667E1	1.317611E1	-6.169882E-2
2.380000E1	1.316044E1	-1.968643E-2
2.383333E1	1.313908E1	-1.714698E-3
2.386667E1	1.316177E1	-3.766130E-2
2.390000E1	1.314078E1	-7.761027E-2
2.393333E1	1.315131E1	-1.354071E-1
2.396667E1	1.315306E1	-1.517461E-1
2.400000E1	1.323231E1	-1.522986E-1
2.403333E1	1.330273E1	-1.518945E-1
2.406667E1	1.334881E1	-1.500764E-1
2.410000E1	1.339659E1	-1.441640E-1
2.413333E1	1.338773E1	-1.512671E-1
2.416667E1	1.339902E1	-1.725192E-1
2.420000E1	1.340643E1	-1.571406E-1
2.423333E1	1.340951E1	-1.272352E-1
2.426667E1	1.340651E1	-5.941176E-2
2.430000E1	1.338677E1	-2.113369E-2
2.433333E1	1.337223E1	5.590768E-3
2.436667E1	1.339018E1	-3.607876E-2
2.440000E1	1.337754E1	-7.929357E-2
2.443333E1	1.338465E1	-1.312893E-1
2.446667E1	1.338738E1	-1.436189E-1
2.450000E1	1.346348E1	-1.488167E-1
2.453333E1	1.353152E1	-1.479446E-1
2.456667E1	1.358731E1	-1.520083E-1
2.460000E1	1.363917E1	-1.582358E-1
2.463333E1	1.365437E1	-1.585463E-1
2.466667E1	1.368857E1	-1.822542E-1
2.470000E1	1.370413E1	-2.044781E-1
2.473333E1	1.372186E1	-1.637327E-1
2.476667E1	1.374464E1	-1.086937E-1
2.480000E1	1.373026E1	-7.199705E-2
2.483333E1	1.368452E1	-1.753804E-2
2.486667E1	1.369197E1	-5.956361E-2
2.490000E1	1.367364E1	-8.937509E-2
2.493333E1	1.367702E1	-1.410055E-1
2.496667E1	1.367680E1	-1.506086E-1
2.500000E1	1.375379E1	-1.531709E-1
2.503333E1	1.382295E1	-1.479270E-1
2.506667E1	1.387906E1	-1.504307E-1
2.510000E1	1.392554E1	-1.614389E-1
2.513333E1	1.394442E1	-1.630463E-1
2.516667E1	1.397001E1	-1.947390E-1
2.520000E1	1.398706E1	-1.978709E-1
2.523333E1	1.397765E1	-1.687651E-1
2.526667E1	1.397267E1	-9.042842E-2
2.530000E1	1.396508E1	-5.296593E-2
2.533333E1	1.393859E1	-2.637108E-2
2.536667E1	1.395613E1	-6.637584E-2
2.540000E1	1.394538E1	-1.028066E-1
2.543333E1	1.395318E1	-1.487563E-1
2.546667E1	1.395471E1	-1.584506E-1
2.550000E1	1.402907E1	-1.646551E-1
2.553333E1	1.410156E1	-1.550038E-1
2.556667E1	1.415177E1	-1.521284E-1
2.560000E1	1.419729E1	-1.514471E-1
2.563333E1	1.419499E1	-1.569549E-1
2.566667E1	1.422286E1	-1.978465E-1
2.570000E1	1.424662E1	-2.043191E-1
2.573333E1	1.424811E1	-1.739066E-1
2.576667E1	1.424667E1	-9.446403E-2
2.580000E1	1.424396E1	-5.715474E-2
2.583333E1	1.422883E1	-5.134636E-2
2.586667E1	1.422768E1	-9.388887E-2
2.590000E1	1.423594E1	-1.312956E-1
2.593333E1	1.422887E1	-1.734034E-1
2.596667E1	1.424762E1	-1.804619E-1
2.600000E1	1.431745E1	-2.085902E-1
2.603333E1	1.438880E1	-2.104289E-1
2.606667E1	1.444085E1	-2.132455E-1
2.610000E1	1.448354E1	-2.073063E-1
2.613333E1	1.447734E1	-2.177894E-1
2.616667E1	1.449205E1	-2.309204E-1
2.620000E1	1.450801E1	-2.260936E-1
2.623333E1	1.453002E1	-1.969378E-1
2.626667E1	1.453263E1	-1.168597E-1
2.630000E1	1.452279E1	-8.821037E-2
2.633333E1	1.451090E1	-6.232016E-2
2.636667E1	1.453369E1	-1.092867E-1
2.640000E1	1.451590E1	-1.563290E-1
2.643333E1	1.453062E1	-1.991340E-1
2.646667E1	1.453083E1	-2.148476E-1
2.650000E1	1.461046E1	-2.189622E-1
2.653333E1	1.468148E1	-2.117278E-1
2.656667E1	1.472859E1	-2.149485E-1
2.660000E1	1.478122E1	-2.027715E-1
2.663333E1	1.477309E1	-2.113474E-1
2.666667E1	1.479242E1	-2.407251E-1
2.670000E1	1.482559E1	-2.199399E-1
2.673333E1	1.483499E1	-1.921362E-1
2.676667E1	1.483748E1	-1.183814E-1
2.680000E1	1.482184E1	-8.654856E-2
2.683333E1	1.481083E1	-6.066400E-2
2.686667E1	1.480915E1	-1.007591E-1
2.690000E1	1.481850E1	-1.318276E-1
2.693333E1	1.481208E1	-1.776961E-1
2.696667E1	1.481588E1	-1.778687E-1
2.700000E1	1.489717E1	-1.709497E-1
2.703333E1	1.496653E1	-1.590293E-1
2.706667E1	1.502450E1	-1.574338E-1
2.710000E1	1.507043E1	-1.609122E-1
2.713333E1	1.509336E1	-1.633780E-1
2.716667E1	1.511167E1	-1.880647E-1
2.720000E1	1.513780E1	-1.963946E-1
2.723333E1	1.513488E1	-1.916561E-1
2.726667E1	1.512325E1	-1.020352E-1
2.730000E1	1.512176E1	-6.214263E-2
2.733333E1	1.509388E1	-1.984360E-2
2.736667E1	1.510383E1	-6.793332E-2
2.740000E1	1.510028E1	-8.712333E-2
2.743333E1	1.510911E1	-1.397407E-1
2.746667E1	1.510503E1	-1.568933E-1
2.750000E1	1.514585E1	-1.735869E-1
2.753333E1	1.525894E1	-1.534492E-1
2.756667E1	1.529795E1	-1.551646E-1
2.760000E1	1.535406E1	-1.503230E-1
2.763333E1	1.535265E1	-1.548983E-1
2.766667E1	1.536079E1	-1.927528E-1
2.770000E1	1.540589E1	-1.939053E-1
2.773333E1	1.540722E1	-1.844787E-1
2.776667E1	1.540512E1	-1.089222E-1
2.780000E1	1.539750E1	-6.998316E-2
2.783333E1	1.537240E1	-2.428689E-2
2.786667E1	1.538709E1	-7.034532E-2
2.790000E1	1.538606E1	-8.407827E-2
2.793333E1	1.538943E1	-1.378820E-1
2.796667E1	1.538653E1	-1.574107E-1
2.800000E1	1.541878E1	-1.498156E-1
2.803333E1	1.550549E1	-1.638625E-1
2.806667E1	1.555277E1	-1.456438E-1
2.810000E1	1.559639E1	-1.529640E-1
2.813333E1	1.560682E1	-1.539208E-1
2.816667E1	1.561497E1	-1.725660E-1
2.820000E1	1.563693E1	-1.528230E-1
2.823333E1	1.563288E1	-1.372536E-1
2.826667E1	1.563020E1	-8.000426E-2
2.830000E1	1.561379E1	-1.170357E-2
2.833333E1	1.559626E1	1.462086E-2
2.836667E1	1.560865E1	-3.955473E-2
2.840000E1	1.560537E1	-7.367356E-2
2.843333E1	1.560921E1	-1.220988E-1
2.846667E1	1.560518E1	-1.500364E-1
2.850000E1	1.564028E1	-1.391930E-1
2.853333E1	1.572666E1	-1.546549E-1
2.856667E1	1.577166E1	-1.402441E-1
2.860000E1	1.581604E1	-1.496596E-1
2.863333E1	1.582554E1	-1.516034E-1
2.866667E1	1.582879E1	-1.630043E-1
2.870000E1	1.585430E1	-1.476080E-1
2.873333E1	1.585069E1	-1.329770E-1
2.876667E1	1.584401E1	-8.536537E-2
2.880000E1	1.583313E1	-7.788311E-3
2.883333E1	1.582657E1	2.392654E-2
2.886667E1	1.581571E1	-2.577061E-2
2.890000E1	1.582872E1	-4.441959E-2
2.893333E1	1.582074E1	-9.871537E-2
2.896667E1	1.583496E1	-1.213661E-1
2.900000E1	1.586853E1	-1.491950E-1
2.903333E1	1.597826E1	-1.382609E-1
2.906667E1	1.601230E1	-1.470591E-1
2.910000E1	1.606048E1	-1.423043E-1
2.913333E1	1.605991E1	-1.457462E-1
2.916667E1	1.606497E1	-1.600808E-1
2.920000E1	1.609412E1	-1.545391E-1
2.923333E1	1.610941E1	-1.382420E-1
2.926667E1	1.611480E1	-9.465900E-2
2.930000E1	1.610642E1	-1.054028E-2
2.933333E1	1.610395E1	1.460056E-2
2.936667E1	1.607418E1	-9.304231E-3
2.940000E1	1.605837E1	-2.989633E-2
2.943333E1	1.605413E1	-6.905161E-2
2.946667E1	1.604716E1	-1.013755E-1
2.950000E1	1.610657E1	-1.207020E-1
2.953333E1	1.620563E1	-1.214931E-1
2.956667E1	1.623914E1	-1.412706E-1
2.960000E1	1.628353E1	-1.362134E-1
2.963333E1	1.628487E1	-1.431884E-1
2.966667E1	1.627984E1	-1.594854E-1
2.970000E1	1.631604E1	-1.605031E-1
2.973333E1	1.632892E1	-1.388553E-1
2.976667E1	1.633619E1	-8.231153E-2
2.980000E1	1.632681E1	-1.070925E-2
2.983333E1	1.631998E1	2.660836E-2
2.986667E1	1.632824E1	-3.705087E-2
2.990000E1	1.632194E1	-7.457186E-2
2.993333E1	1.633007E1	-1.123965E-1
2.996667E1	1.632408E1	-1.479686E-1
3.000000E1	1.635848E1	-1.445657E-1
3.003333E1	1.645332E1	-1.537438E-1
3.006667E1	1.649457E1	-1.415978E-1
3.010000E1	1.654246E1	-1.503820E-1
3.013333E1	1.655232E1	-1.506223E-1
3.016667E1	1.655422E1	-1.608903E-1
3.020000E1	1.658376E1	-1.583089E-1
3.023333E1	1.661007E1	-1.398414E-1
3.026667E1	1.661712E1	-9.811839E-2
3.030000E1	1.660747E1	-1.373019E-2
3.033333E1	1.660667E1	1.753370E-2
3.036667E1	1.661516E1	-4.179730E-2
3.040000E1	1.660560E1	-7.057989E-2
3.043333E1	1.661675E1	-1.126507E-1
3.046667E1	1.661233E1	-1.501302E-1
3.050000E1	1.664960E1	-1.405714E-1
3.053333E1	1.674671E1	-1.622025E-1
3.056667E1	1.677794E1	-1.425764E-1
3.060000E1	1.682933E1	-1.525137E-1
3.063333E1	1.683869E1	-1.537642E-1
3.066667E1	1.684560E1	-1.670324E-1
3.070000E1	1.687666E1	-1.631487E-1
3.073333E1	1.689736E1	-1.426257E-1
3.076667E1	1.691155E1	-9.792302E-2
3.080000E1	1.689687E1	-1.821775E-2
3.083333E1	1.689423E1	1.725964E-2
3.086667E1	1.690762E1	-4.183185E-2
3.090000E1	1.689837E1	-7.316780E-2
3.093333E1	1.690103E1	-1.242444E-1
3.096667E1	1.689407E1	-1.581228E-1
3.100000E1	1.693612E1	-1.410613E-1
3.103333E1	1.703370E1	-1.565689E-1
3.106667E1	1.707017E1	-1.440144E-1
3.110000E1	1.711681E1	-1.524002E-1
3.113333E1	1.712860E1	-1.520969E-1
3.116667E1	1.713283E1	-1.677976E-1
3.120000E1	1.715831E1	-1.701251E-1
3.123333E1	1.718219E1	-1.480081E-1
3.126667E1	1.719599E1	-9.795222E-2
3.130000E1	1.718088E1	-1.763390E-2
3.133333E1	1.717738E1	1.228460E-2
3.136667E1	1.718641E1	-4.301527E-2
3.140000E1	1.718043E1	-7.198673E-2
3.143333E1	1.718532E1	-1.327791E-1
3.146667E1	1.718170E1	-1.554564E-1
3.150000E1	1.722045E1	-1.488291E-1
3.153333E1	1.730706E1	-1.676676E-1
3.156667E1	1.735226E1	-1.441405E-1
3.160000E1	1.739207E1	-1.543894E-1
3.163333E1	1.740891E1	-1.567586E-1
3.166667E1	1.741503E1	-1.687731E-1
3.170000E1	1.743291E1	-1.527441E-1
3.173333E1	1.742859E1	-1.399044E-1
3.176667E1	1.742891E1	-9.028581E-2
3.180000E1	1.741464E1	-1.131404E-2
3.183333E1	1.740471E1	1.764165E-2
3.186667E1	1.741251E1	-4.248218E-2
3.190000E1	1.740305E1	-7.178560E-2
3.193333E1	1.740428E1	-1.242598E-1
3.196667E1	1.739649E1	-1.533577E-1
3.200000E1	1.743313E1	-1.450754E-1
3.203333E1	1.753800E1	-1.588042E-1
3.206667E1	1.756973E1	-1.446422E-1
3.210000E1	1.761013E1	-1.538237E-1
3.213333E1	1.762579E1	-1.516322E-1
3.216667E1	1.763392E1	-1.668186E-1
3.220000E1	1.765813E1	-1.538360E-1
3.223333E1	1.765802E1	-1.374406E-1
3.226667E1	1.765272E1	-8.205262E-2
3.230000E1	1.763369E1	-1.102486E-2
3.233333E1	1.762987E1	2.683167E-2
3.236667E1	1.761118E1	-2.848956E-2
3.240000E1	1.763035E1	-4.073798E-2
3.243333E1	1.761743E1	-9.785344E-2
3.246667E1	1.762579E1	-1.302038E-1
3.250000E1	1.767352E1	-1.496838E-1
3.253333E1	1.777779E1	-1.395367E-1
3.256667E1	1.781167E1	-1.503713E-1
3.260000E1	1.786180E1	-1.431223E-1
3.263333E1	1.786180E1	-1.476973E-1
3.266667E1	1.786520E1	-1.641124E-1
3.270000E1	1.789318E1	-1.665265E-1
3.273333E1	1.791077E1	-1.441754E-1
3.276667E1	1.792075E1	-9.859483E-2
3.280000E1	1.791005E1	-1.326662E-2
3.283333E1	1.790086E1	1.804691E-2
3.286667E1	1.789325E1	-3.377827E-2
3.290000E1	1.791397E1	-4.656245E-2
3.293333E1	1.791772E1	-1.103187E-1
3.296667E1	1.791376E1	-1.447768E-1
3.300000E1	1.795069E1	-1.595419E-1
3.303333E1	1.806264E1	-1.509261E-1
3.306667E1	1.809297E1	-1.545788E-1
3.310000E1	1.814447E1	-1.479037E-1
3.313333E1	1.814629E1	-1.487060E-1
3.316667E1	1.814766E1	-1.646523E-1
3.320000E1	1.818099E1	-1.583924E-1
3.323333E1	1.819692E1	-1.438684E-1
3.326667E1	1.821003E1	-1.004883E-1
3.330000E1	1.820139E1	-1.508159E-2
3.333333E1	1.819247E1	1.602072E-2
3.336667E1	1.819702E1	-4.389376E-2
3.340000E1	1.819395E1	-7.207986E-2
3.343333E1	1.820450E1	-1.247218E-1
3.346667E1	1.820288E1	-1.518330E-1
3.350000E1	1.824120E1	-1.660767E-1
3.353333E1	1.835536E1	-1.541689E-1
3.356667E1	1.839157E1	-1.531562E-1
3.360000E1	1.843799E1	-1.478871E-1
3.363333E1	1.843808E1	-1.542991E-1
3.366667E1	1.846223E1	-1.903032E-1
3.370000E1	1.850672E1	-1.910985E-1
3.373333E1	1.850120E1	-1.773314E-1
3.376667E1	1.851083E1	-1.040223E-1
3.380000E1	1.849735E1	-3.386525E-2
3.383333E1	1.849355E1	1.939283E-2
3.386667E1	1.848631E1	-2.936795E-2
3.390000E1	1.849753E1	-4.140577E-2
3.393333E1	1.849181E1	-1.046740E-1
3.396667E1	1.850320E1	-1.260020E-1
3.400000E1	1.854912E1	-1.513086E-1
3.403333E1	1.864845E1	-1.455713E-1
3.406667E1	1.869372E1	-1.449220E-1
3.410000E1	1.874669E1	-1.540770E-1
3.413333E1	1.877090E1	-1.549470E-1
3.416667E1	1.878882E1	-1.714796E-1
3.420000E1	1.882655E1	-1.717807E-1
3.423333E1	1.884274E1	-1.510026E-1
3.426667E1	1.885891E1	-8.879841E-2
3.430000E1	1.885382E1	-2.218424E-2
3.433333E1	1.885130E1	1.695739E-2
3.436667E1	1.885104E1	-3.137931E-2
3.440000E1	1.885690E1	-4.596434E-2
3.443333E1	1.886407E1	-1.129373E-1
3.446667E1	1.885858E1	-1.451160E-1
3.450000E1	1.890764E1	-1.599711E-1
3.453333E1	1.901383E1	-1.508200E-1
3.456667E1	1.905678E1	-1.540853E-1
3.460000E1	1.912283E1	-1.586605E-1
3.463333E1	1.913971E1	-1.618440E-1
3.466667E1	1.915002E1	-1.782222E-1
3.470000E1	1.919661E1	-1.723972E-1
3.473333E1	1.921375E1	-1.518380E-1
3.476667E1	1.923031E1	-8.407726E-2
3.480000E1	1.922386E1	-2.314543E-2
3.483333E1	1.921801E1	2.537818E-2
3.486667E1	1.921744E1	-2.702966E-2
3.490000E1	1.921556E1	-3.411267E-2
3.493333E1	1.922560E1	-8.595522E-2
3.496667E1	1.923838E1	-1.151166E-1
3.500000E1	1.927966E1	-1.451109E-1
3.503333E1	1.939284E1	-1.564707E-1
3.506667E1	1.944404E1	-1.428589E-1
3.510000E1	1.950067E1	-1.467034E-1
3.513333E1	1.951998E1	-1.509641E-1
3.516667E1	1.953876E1	-1.795032E-1
3.520000E1	1.958587E1	-1.614996E-1
3.523333E1	1.959352E1	-1.453485E-1
3.526667E1	1.961511E1	-1.065246E-1
3.530000E1	1.962206E1	-3.349865E-2
3.533333E1	1.963568E1	1.627630E-2
3.536667E1	1.963605E1	-3.055373E-2
3.540000E1	1.965140E1	-4.577280E-2
3.543333E1	1.965880E1	-1.136877E-1
3.546667E1	1.965457E1	-1.426958E-1
3.550000E1	1.970193E1	-1.587537E-1
3.553333E1	1.977921E1	-1.604543E-1
3.556667E1	1.985266E1	-1.522952E-1
3.560000E1	1.992218E1	-1.495923E-1
3.563333E1	1.993739E1	-1.495303E-1
3.566667E1	1.997432E1	-1.946150E-1
3.570000E1	2.000595E1	-2.009569E-1
3.573333E1	2.002106E1	-1.856879E-1
3.576667E1	2.004230E1	-1.358532E-1
3.580000E1	2.006605E1	-1.088345E-1
3.583333E1	2.004638E1	-1.635496E-2
3.586667E1	2.006504E1	-3.244742E-2
3.590000E1	2.007901E1	-5.681121E-2
3.593333E1	2.008759E1	-1.151752E-1
3.596667E1	2.007967E1	-1.400624E-1
3.600000E1	2.013639E1	-1.674218E-1
3.603333E1	2.020696E1	-1.607607E-1
3.606667E1	2.028108E1	-1.535051E-1
3.610000E1	2.034543E1	-1.506134E-1
3.613333E1	2.036267E1	-1.472321E-1
3.616667E1	2.037584E1	-1.678546E-1
3.620000E1	2.041845E1	-1.755684E-1
3.623333E1	2.044071E1	-1.475434E-1
3.626667E1	2.045898E1	-9.941457E-2
3.630000E1	2.045629E1	-5.158572E-2
3.633333E1	2.044528E1	2.574100E-2
3.636667E1	2.044014E1	-1.930792E-3
3.640000E1	2.044318E1	-2.548219E-2
3.643333E1	2.045278E1	-7.097492E-2
3.646667E1	2.044371E1	-9.481993E-2
3.650000E1	2.051726E1	-1.228948E-1
3.653333E1	2.058398E1	-1.371407E-1
3.656667E1	2.064989E1	-1.406506E-1
3.660000E1	2.072035E1	-1.373165E-1
3.663333E1	2.073505E1	-1.385357E-1
3.666667E1	2.076333E1	-1.721866E-1
3.670000E1	2.079813E1	-1.600375E-1
3.673333E1	2.082234E1	-1.363541E-1
3.676667E1	2.084371E1	-1.054564E-1
3.680000E1	2.085882E1	-5.191952E-2
3.683333E1	2.086075E1	2.838357E-2
3.686667E1	2.086401E1	-1.741071E-3
3.690000E1	2.086525E1	-2.839169E-2
3.693333E1	2.086921E1	-7.245551E-2
3.696667E1	2.086339E1	-9.205408E-2
3.700000E1	2.093609E1	-1.226751E-1
3.703333E1	2.100356E1	-1.380732E-1
3.706667E1	2.105763E1	-1.301049E-1
3.710000E1	2.113184E1	-1.384662E-1
3.713333E1	2.114874E1	-1.392517E-1
3.716667E1	2.116423E1	-1.621259E-1
3.720000E1	2.117702E1	-1.552179E-1
3.723333E1	2.118359E1	-1.323353E-1
3.726667E1	2.119098E1	-9.368072E-2
3.730000E1	2.120456E1	-3.244490E-2
3.733333E1	2.119033E1	6.387518E-2
3.736667E1	2.119322E1	4.350171E-2
3.740000E1	2.120998E1	8.397886E-3
3.743333E1	2.120908E1	-2.811240E-2
3.746667E1	2.121618E1	-5.149817E-2
3.750000E1	2.126507E1	-8.341293E-2
3.753333E1	2.133237E1	-8.404821E-2
3.756667E1	2.139154E1	-7.570877E-2
3.760000E1	2.143948E1	-7.319610E-2
3.763333E1	2.144724E1	-7.651567E-2
3.766667E1	2.148081E1	-1.311257E-1
3.770000E1	2.151137E1	-1.318864E-1
3.773333E1	2.151602E1	-9.222370E-2
3.776667E1	2.152856E1	-2.531699E-4
3.780000E1	2.152620E1	3.339139E-2
3.783333E1	2.149845E1	6.969328E-2
3.786667E1	2.151778E1	2.378035E-2
3.790000E1	2.150928E1	-1.272888E-2
3.793333E1	2.151478E1	-4.846320E-2
3.796667E1	2.151196E1	-7.382983E-2
3.800000E1	2.158097E1	-8.566554E-2
3.803333E1	2.165206E1	-8.134577E-2
3.806667E1	2.169311E1	-7.965674E-2
3.810000E1	2.173759E1	-7.648410E-2
3.813333E1	2.173592E1	-8.301302E-2
3.816667E1	2.177625E1	-1.188651E-1
3.820000E1	2.180521E1	-1.166795E-1
3.823333E1	2.180158E1	-9.187425E-2
3.826667E1	2.180840E1	1.940719E-3
3.830000E1	2.181247E1	3.071101E-2
3.833333E1	2.178589E1	6.213841E-2
3.836667E1	2.180466E1	2.527197E-2
3.840000E1	2.179400E1	-1.701000E-2
3.843333E1	2.179914E1	-5.183163E-2
3.846667E1	2.180066E1	-7.032893E-2
3.850000E1	2.186249E1	-8.190293E-2
3.853333E1	2.193468E1	-8.133302E-2
3.856667E1	2.196693E1	-7.319283E-2
3.860000E1	2.200439E1	-8.107682E-2
3.863333E1	2.201138E1	-8.240117E-2
3.866667E1	2.203899E1	-1.096387E-1
3.870000E1	2.205282E1	-1.307225E-1
3.873333E1	2.206405E1	-9.771001E-2
3.876667E1	2.207202E1	-1.338103E-2
3.880000E1	2.208132E1	2.609197E-2
3.883333E1	2.204269E1	7.422235E-2
3.886667E1	2.203852E1	3.009878E-2
3.890000E1	2.201708E1	-1.171025E-2
3.893333E1	2.201768E1	-5.217413E-2
3.896667E1	2.201662E1	-7.386885E-2
3.900000E1	2.207623E1	-8.460477E-2
3.903333E1	2.214712E1	-8.134208E-2
3.906667E1	2.217586E1	-7.332887E-2
3.910000E1	2.221260E1	-7.925335E-2
3.913333E1	2.221945E1	-8.621499E-2
3.916667E1	2.224430E1	-1.095308E-1
3.920000E1	2.225580E1	-1.126385E-1
3.923333E1	2.224294E1	-8.872357E-2
3.926667E1	2.223768E1	7.798171E-3
3.930000E1	2.222616E1	3.708244E-2
3.933333E1	2.220094E1	7.816249E-2
3.936667E1	2.221831E1	2.900279E-2
3.940000E1	2.220552E1	-1.465271E-2
3.943333E1	2.220367E1	-5.531688E-2
3.946667E1	2.220942E1	-7.677474E-2
3.950000E1	2.226520E1	-8.566166E-2
3.953333E1	2.232480E1	-7.084540E-2
3.956667E1	2.234736E1	-7.864763E-2
3.960000E1	2.238074E1	-7.789772E-2
3.963333E1	2.237496E1	-8.692845E-2
3.966667E1	2.238699E1	-1.118563E-1
3.970000E1	2.239394E1	-1.216507E-1
3.973333E1	2.238102E1	-9.543153E-2
3.976667E1	2.237591E1	-2.285000E-3
3.980000E1	2.237523E1	2.889161E-2
3.983333E1	2.232408E1	7.374389E-2
3.986667E1	2.231922E1	2.596429E-2
3.990000E1	2.230384E1	-1.189025E-2
3.993333E1	2.229740E1	-5.450626E-2
3.996667E1	2.229834E1	-7.582664E-2
4.000000E1	2.235843E1	-8.707507E-2
4.003333E1	2.242085E1	-8.469110E-2
4.006667E1	2.245523E1	-7.496589E-2
4.010000E1	2.248672E1	-8.176930E-2
4.013333E1	2.249869E1	-8.851696E-2
4.016667E1	2.251895E1	-1.159709E-1
4.020000E1	2.253095E1	-1.247257E-1
4.023333E1	2.252374E1	-9.323904E-2
4.026667E1	2.251818E1	-3.372619E-4
4.030000E1	2.251638E1	3.098596E-2
4.033333E1	2.246962E1	6.393916E-2
4.036667E1	2.246883E1	1.639801E-2
4.040000E1	2.244913E1	-2.134951E-2
4.043333E1	2.244483E1	-6.516782E-2
4.046667E1	2.244484E1	-8.477780E-2
4.050000E1	2.250635E1	-9.375255E-2
4.053333E1	2.257265E1	-8.234861E-2
4.056667E1	2.260858E1	-7.543840E-2
4.060000E1	2.264618E1	-8.829738E-2
4.063333E1	2.264764E1	-9.706881E-2
4.066667E1	2.267808E1	-1.309959E-1
4.070000E1	2.268924E1	-1.262412E-1
4.073333E1	2.267561E1	-9.363322E-2
4.076667E1	2.267366E1	-2.157698E-2
4.080000E1	2.267379E1	1.889663E-2
4.083333E1	2.265258E1	3.414819E-2
4.086667E1	2.265270E1	-7.005769E-3
4.090000E1	2.264940E1	-2.768002E-2
4.093333E1	2.265266E1	-9.027238E-2
4.096667E1	2.265458E1	-1.007249E-1
4.100000E1	2.273240E1	-1.136031E-1
4.103333E1	2.279704E1	-1.269397E-1
4.106667E1	2.283485E1	-1.252468E-1
4.110000E1	2.286630E1	-1.434050E-1
4.113333E1	2.287084E1	-1.467456E-1
4.116667E1	2.288859E1	-1.640820E-1
4.120000E1	2.290018E1	-1.502666E-1
4.123333E1	2.289979E1	-1.232745E-1
4.126667E1	2.289767E1	-4.782922E-2
4.130000E1	2.288658E1	-1.086966E-2
4.133333E1	2.287185E1	1.867465E-2
4.136667E1	2.287524E1	-1.860310E-2
4.140000E1	2.287887E1	-4.166053E-2
4.143333E1	2.287924E1	-1.181458E-1
4.146667E1	2.287720E1	-1.410997E-1
4.150000E1	2.294493E1	-1.537196E-1
4.153333E1	2.301561E1	-1.484698E-1
4.156667E1	2.305528E1	-1.377074E-1
4.160000E1	2.309266E1	-1.488041E-1
4.163333E1	2.309811E1	-1.532406E-1
4.166667E1	2.311005E1	-1.748681E-1
4.170000E1	2.312528E1	-1.572779E-1
4.173333E1	2.313021E1	-1.404413E-1
4.176667E1	2.314979E1	-7.370627E-2
4.180000E1	2.314540E1	-2.835334E-2
4.183333E1	2.313975E1	9.557498E-3
4.186667E1	2.314654E1	-3.102037E-2
4.190000E1	2.315793E1	-4.799784E-2
4.193333E1	2.316230E1	-1.253324E-1
4.196667E1	2.316203E1	-1.432132E-1
4.200000E1	2.322066E1	-1.612726E-1
4.203333E1	2.329823E1	-1.550892E-1
4.206667E1	2.333298E1	-1.434487E-1
4.210000E1	2.337314E1	-1.472323E-1
4.213333E1	2.337901E1	-1.547756E-1
4.216667E1	2.339527E1	-1.749105E-1
4.220000E1	2.341193E1	-1.632970E-1
4.223333E1	2.341239E1	-1.333874E-1
4.226667E1	2.340955E1	-5.303514E-2
4.230000E1	2.339424E1	-2.351571E-2
4.233333E1	2.338283E1	1.720183E-2
4.236667E1	2.337930E1	-2.330742E-2
4.240000E1	2.338728E1	-4.948861E-2
4.243333E1	2.339420E1	-1.191209E-1
4.246667E1	2.339106E1	-1.430831E-1
4.250000E1	2.345549E1	-1.552998E-1
4.253333E1	2.352581E1	-1.535202E-1
4.256667E1	2.356808E1	-1.485421E-1
4.260000E1	2.361556E1	-1.478673E-1
4.263333E1	2.360997E1	-1.539360E-1
4.266667E1	2.364624E1	-1.987392E-1
4.270000E1	2.367665E1	-1.917943E-1
4.273333E1	2.367685E1	-1.657122E-1
4.276667E1	2.367932E1	-8.758743E-2
4.280000E1	2.368010E1	-4.138603E-2
4.283333E1	2.365651E1	-4.056276E-3
4.286667E1	2.367238E1	-4.888174E-2
4.290000E1	2.366347E1	-8.269113E-2
4.293333E1	2.366826E1	-1.345330E-1
4.296667E1	2.367006E1	-1.488757E-1
4.300000E1	2.373413E1	-1.566737E-1
4.303333E1	2.380515E1	-1.518322E-1
4.306667E1	2.385065E1	-1.488577E-1
4.310000E1	2.389602E1	-1.448814E-1
4.313333E1	2.389133E1	-1.494582E-1
4.316667E1	2.390427E1	-1.689042E-1
4.320000E1	2.392005E1	-1.665443E-1
4.323333E1	2.394602E1	-1.309119E-1
4.326667E1	2.395058E1	-6.277652E-2
4.330000E1	2.394458E1	-2.336487E-2
4.333333E1	2.393432E1	1.961337E-2
4.336667E1	2.393448E1	-1.868560E-2
4.340000E1	2.394367E1	-3.648511E-2
4.343333E1	2.394921E1	-1.157228E-1
4.346667E1	2.395070E1	-1.359116E-1
4.350000E1	2.401107E1	-1.480233E-1
4.353333E1	2.408084E1	-1.478513E-1
4.356667E1	2.411763E1	-1.366542E-1
4.360000E1	2.415422E1	-1.437301E-1
4.363333E1	2.416351E1	-1.457117E-1
4.366667E1	2.417663E1	-1.650980E-1
4.370000E1	2.418952E1	-1.492057E-1
4.373333E1	2.419038E1	-1.176894E-1
4.376667E1	2.417852E1	-3.335952E-2
4.380000E1	2.417996E1	6.858318E-3
4.383333E1	2.414991E1	4.241686E-2
4.386667E1	2.416720E1	6.653643E-3
4.390000E1	2.416514E1	-1.312467E-2
4.393333E1	2.416788E1	-5.475535E-2
4.396667E1	2.416166E1	-9.058463E-2
4.400000E1	2.419535E1	-8.641181E-2
4.403333E1	2.429240E1	-8.891317E-2
4.406667E1	2.432363E1	-7.829439E-2
4.410000E1	2.436281E1	-8.628981E-2
4.413333E1	2.438477E1	-9.116520E-2
4.416667E1	2.440059E1	-1.153751E-1
4.420000E1	2.443248E1	-1.388576E-1
4.423333E1	2.444586E1	-1.235425E-1
4.426667E1	2.445501E1	-4.469098E-2
4.430000E1	2.445320E1	3.644361E-3
4.433333E1	2.443118E1	4.853576E-2
4.436667E1	2.444555E1	6.754772E-3
4.440000E1	2.444383E1	-1.190029E-2
4.443333E1	2.445335E1	-4.331256E-2
4.446667E1	2.444929E1	-8.382288E-2
4.450000E1	2.447511E1	-8.173416E-2
4.453333E1	2.457083E1	-9.400390E-2
4.456667E1	2.460681E1	-7.838685E-2
4.460000E1	2.464732E1	-8.369164E-2
4.463333E1	2.467204E1	-8.912977E-2
4.466667E1	2.468232E1	-1.073567E-1
4.470000E1	2.471389E1	-1.011011E-1
4.473333E1	2.473401E1	-7.452928E-2
4.476667E1	2.474307E1	-1.768172E-2
4.480000E1	2.474242E1	5.688710E-2
4.483333E1	2.473755E1	1.070441E-1
4.486667E1	2.473249E1	3.827494E-2
4.490000E1	2.474272E1	2.468659E-2
4.493333E1	2.473834E1	-1.996317E-2
4.496667E1	2.474452E1	-5.499237E-2
4.500000E1	2.477005E1	-6.065443E-2
4.503333E1	2.486482E1	-7.884344E-2
4.506667E1	2.489711E1	-7.143182E-2
4.510000E1	2.493988E1	-7.671557E-2
4.513333E1	2.496071E1	-8.133814E-2
4.516667E1	2.496970E1	-1.038408E-1
4.520000E1	2.500065E1	-1.011581E-1
4.523333E1	2.502139E1	-7.389826E-2
4.526667E1	2.503274E1	-2.773602E-2
4.530000E1	2.503025E1	5.295818E-2
4.533333E1	2.502990E1	9.886356E-2
4.536667E1	2.502436E1	4.031634E-2
4.540000E1	2.503012E1	2.198608E-2
4.543333E1	2.502447E1	-1.808217E-2
4.546667E1	2.503259E1	-4.895461E-2
4.550000E1	2.505780E1	-6.135886E-2
4.553333E1	2.515333E1	-7.630217E-2
4.556667E1	2.518894E1	-6.988272E-2
4.560000E1	2.522413E1	-7.701928E-2
4.563333E1	2.524483E1	-8.705628E-2
4.566667E1	2.525852E1	-1.070885E-1
4.570000E1	2.529313E1	-1.011260E-1
4.573333E1	2.530598E1	-7.660159E-2
4.576667E1	2.531621E1	-1.350291E-2
4.580000E1	2.531486E1	5.521038E-2
4.583333E1	2.530803E1	9.688515E-2
4.586667E1	2.530104E1	4.180809E-2
4.590000E1	2.531439E1	2.224174E-2
4.593333E1	2.530610E1	-2.087943E-2
4.596667E1	2.531319E1	-5.390668E-2
4.600000E1	2.534198E1	-6.172769E-2
4.603333E1	2.542723E1	-6.764653E-2
4.606667E1	2.544851E1	-7.378472E-2
4.610000E1	2.548951E1	-7.045055E-2
4.613333E1	2.548818E1	-7.794555E-2
4.616667E1	2.548649E1	-1.054415E-1
4.620000E1	2.551793E1	-9.948505E-2
4.623333E1	2.553441E1	-7.873712E-2
4.626667E1	2.554370E1	-3.484747E-2
4.630000E1	2.553574E1	4.631443E-2
4.633333E1	2.553932E1	1.040527E-1
4.636667E1	2.552728E1	4.853377E-2
4.640000E1	2.554235E1	2.277328E-2
4.643333E1	2.553240E1	-1.908847E-2
4.646667E1	2.554024E1	-5.610805E-2
4.650000E1	2.557557E1	-7.796873E-2
4.653333E1	2.567821E1	-7.361587E-2
4.656667E1	2.571059E1	-7.088444E-2
4.660000E1	2.574814E1	-7.739819E-2
4.663333E1	2.576049E1	-8.295898E-2
4.666667E1	2.576584E1	-1.061168E-1
4.670000E1	2.579333E1	-1.037524E-1
4.673333E1	2.581346E1	-7.798380E-2
4.676667E1	2.582798E1	-3.818601E-2
4.680000E1	2.581917E1	4.398828E-2
4.683333E1	2.581873E1	9.231283E-2
4.686667E1	2.580970E1	4.339165E-2
4.690000E1	2.582010E1	2.015723E-2
4.693333E1	2.581222E1	-1.751119E-2
4.696667E1	2.581840E1	-5.337230E-2
4.700000E1	2.584674E1	-6.783442E-2
4.703333E1	2.593637E1	-8.130683E-2
4.706667E1	2.597847E1	-7.217580E-2
4.710000E1	2.602128E1	-7.664952E-2
4.713333E1	2.603545E1	-8.383825E-2
4.716667E1	2.604937E1	-1.128984E-1
4.720000E1	2.607336E1	-1.269490E-1
4.723333E1	2.606488E1	-1.150307E-1
4.726667E1	2.606160E1	-3.941085E-2
4.730000E1	2.605701E1	7.987032E-3
4.733333E1	2.603718E1	6.474694E-2
4.736667E1	2.604285E1	1.859214E-2
4.740000E1	2.604132E1	-7.231758E-3
4.743333E1	2.603642E1	-3.326945E-2
4.746667E1	2.604044E1	-6.323236E-2
4.750000E1	2.606764E1	-6.804231E-2
4.753333E1	2.615958E1	-8.640245E-2
4.756667E1	2.619001E1	-7.644725E-2
4.760000E1	2.622722E1	-8.437656E-2
4.763333E1	2.625146E1	-9.044932E-2
4.766667E1	2.626660E1	-1.162749E-1
4.770000E1	2.629016E1	-1.303139E-1
4.773333E1	2.628360E1	-1.162919E-1
4.776667E1	2.627411E1	-5.127155E-2
4.780000E1	2.626539E1	5.857350E-3
4.783333E1	2.624344E1	5.969270E-2
4.786667E1	2.625118E1	1.577610E-2
4.790000E1	2.624547E1	-8.974651E-3
4.793333E1	2.624444E1	-3.902291E-2
4.796667E1	2.624024E1	-8.774662E-2
4.800000E1	2.627077E1	-8.354472E-2
4.803333E1	2.634887E1	-8.262308E-2
4.806667E1	2.637502E1	-8.360376E-2
4.810000E1	2.641489E1	-7.657122E-2
4.813333E1	2.641255E1	-8.937411E-2
4.816667E1	2.641313E1	-1.051247E-1
4.820000E1	2.642709E1	-9.028897E-2
4.823333E1	2.642303E1	-7.523950E-2
4.826667E1	2.641552E1	-1.981490E-2
4.830000E1	2.640036E1	4.410945E-2
4.833333E1	2.639993E1	9.600591E-2
4.836667E1	2.636902E1	3.621394E-2
4.840000E1	2.638836E1	1.964949E-2
4.843333E1	2.636929E1	-2.274660E-2
4.846667E1	2.637931E1	-5.453285E-2
4.850000E1	2.640441E1	-6.712142E-2
4.853333E1	2.648122E1	-7.283550E-2
4.856667E1	2.650058E1	-7.092124E-2
4.860000E1	2.652644E1	-7.856561E-2
4.863333E1	2.653287E1	-8.784391E-2
4.866667E1	2.653716E1	-1.104990E-1
4.870000E1	2.654928E1	-1.279077E-1
4.873333E1	2.654735E1	-1.139896E-1
4.876667E1	2.653651E1	-3.668682E-2
4.880000E1	2.652385E1	1.644743E-3
4.883333E1	2.648332E1	6.956870E-2
4.886667E1	2.646358E1	1.208045E-2
4.890000E1	2.645371E1	-1.111486E-2
4.893333E1	2.642963E1	-2.784404E-2
4.896667E1	2.641142E1	-5.661188E-2
4.900000E1	2.642753E1	-6.855344E-2
4.903333E1	2.649574E1	-6.809594E-2
4.906667E1	2.651831E1	-7.502058E-2
4.910000E1	2.654917E1	-7.303549E-2
4.913333E1	2.654712E1	-8.378011E-2
4.916667E1	2.655345E1	-1.119505E-1
4.920000E1	2.656098E1	-1.258533E-1
4.923333E1	2.655639E1	-1.141615E-1
4.926667E1	2.654984E1	-5.523953E-2
4.930000E1	2.653565E1	2.474699E-3
4.933333E1	2.649694E1	6.531600E-2
4.936667E1	2.647802E1	1.345279E-2
4.940000E1	2.646791E1	-8.008577E-3
4.943333E1	2.646018E1	-4.751121E-2
4.946667E1	2.645591E1	-8.985976E-2
4.950000E1	2.647680E1	-8.657614E-2
4.953333E1	2.656040E1	-8.295629E-2
4.956667E1	2.658231E1	-8.947708E-2
4.960000E1	2.661687E1	-8.453276E-2
4.963333E1	2.661909E1	-9.150318E-2
4.966667E1	2.662463E1	-1.204600E-1
4.970000E1	2.663776E1	-1.295945E-1
4.973333E1	2.663359E1	-1.129175E-1
4.976667E1	2.662366E1	-5.871926E-2
4.980000E1	2.661348E1	6.849285E-5
4.983333E1	2.659464E1	4.740875E-2
4.986667E1	2.658947E1	4.238672E-3
4.990000E1	2.659051E1	-1.588083E-2
4.993333E1	2.657614E1	-3.309633E-2
4.996667E1	2.655699E1	-6.746467E-2
5.000000E1	2.658266E1	-9.643556E-2
5.003333E1	2.667997E1	-8.915568E-2
5.006667E1	2.670984E1	-7.728111E-2
5.010000E1	2.674222E1	-8.995159E-2
5.013333E1	2.675465E1	-9.393018E-2
5.016667E1	2.676884E1	-1.202102E-1
5.020000E1	2.678441E1	-1.310976E-1
5.023333E1	2.677937E1	-1.220482E-1
5.026667E1	2.677072E1	-6.992059E-2
5.030000E1	2.676070E1	-6.424837E-3
5.033333E1	2.673718E1	3.763206E-2
5.036667E1	2.674727E1	5.037225E-3
5.040000E1	2.674540E1	-1.126511E-2
5.043333E1	2.674897E1	-5.177448E-2
5.046667E1	2.674749E1	-9.693624E-2
5.050000E1	2.677698E1	-8.840634E-2
5.053333E1	2.685924E1	-9.040467E-2
5.056667E1	2.689239E1	-9.186663E-2
5.060000E1	2.693020E1	-8.847861E-2
5.063333E1	2.692996E1	-9.253532E-2
5.066667E1	2.694388E1	-1.392989E-1
5.070000E1	2.698470E1	-1.455904E-1
5.073333E1	2.698776E1	-1.321899E-1
5.076667E1	2.698780E1	-6.629486E-2
5.080000E1	2.697782E1	-5.969034E-3
5.083333E1	2.696204E1	4.314195E-2
5.086667E1	2.696469E1	6.131855E-4
5.090000E1	2.696410E1	-1.604343E-2
5.093333E1	2.696673E1	-7.334470E-2
5.096667E1	2.696425E1	-1.077392E-1
5.100000E1	2.699885E1	-1.031843E-1
5.103333E1	2.710592E1	-1.145180E-1
5.106667E1	2.713386E1	-1.211031E-1
5.110000E1	2.718233E1	-1.389989E-1
5.113333E1	2.719533E1	-1.445788E-1
5.116667E1	2.720094E1	-1.668681E-1
5.120000E1	2.722607E1	-1.557808E-1
5.123333E1	2.722007E1	-1.405768E-1
5.126667E1	2.721570E1	-7.461903E-2
5.130000E1	2.720029E1	-1.428825E-2
5.133333E1	2.719703E1	2.938227E-2
5.136667E1	2.718099E1	-1.347123E-2
5.140000E1	2.718247E1	-2.365767E-2
5.143333E1	2.718648E1	-9.166955E-2
5.146667E1	2.719577E1	-1.158893E-1
5.150000E1	2.722254E1	-1.305099E-1
5.153333E1	2.727786E1	-1.471926E-1
5.156667E1	2.733163E1	-1.408904E-1
5.160000E1	2.739764E1	-1.495148E-1
5.163333E1	2.741188E1	-1.534354E-1
5.166667E1	2.741527E1	-1.724502E-1
5.170000E1	2.744100E1	-1.614394E-1
5.173333E1	2.743591E1	-1.461497E-1
5.176667E1	2.743217E1	-7.655924E-2
5.180000E1	2.741456E1	-1.807415E-2
5.183333E1	2.740961E1	3.112413E-2
5.186667E1	2.739409E1	-1.798346E-2
5.190000E1	2.739720E1	-2.842890E-2
5.193333E1	2.740095E1	-9.229255E-2
5.196667E1	2.741058E1	-1.171391E-1
5.200000E1	2.744163E1	-1.300347E-1
5.203333E1	2.753323E1	-1.468647E-1
5.206667E1	2.757199E1	-1.359774E-1
5.210000E1	2.761819E1	-1.463903E-1
5.213333E1	2.763274E1	-1.488005E-1
5.216667E1	2.763520E1	-1.661776E-1
5.220000E1	2.764991E1	-1.596661E-1
5.223333E1	2.765875E1	-1.282672E-1
5.226667E1	2.765938E1	-4.199852E-2
5.230000E1	2.763667E1	-1.082373E-2
5.233333E1	2.762238E1	3.119365E-2
5.236667E1	2.762323E1	-1.436952E-2
5.240000E1	2.761822E1	-3.103173E-2
5.243333E1	2.762109E1	-9.978747E-2
5.246667E1	2.762368E1	-9.924366E-2
5.250000E1	2.769491E1	-1.066343E-1
5.253333E1	2.772894E1	-8.880614E-2
5.256667E1	2.778729E1	-9.214638E-2
5.260000E1	2.785908E1	-8.812187E-2
5.263333E1	2.786284E1	-8.998885E-2
5.266667E1	2.789318E1	-1.315260E-1
5.270000E1	2.792300E1	-1.349586E-1
5.273333E1	2.792226E1	-1.068849E-1
5.276667E1	2.792128E1	-3.220847E-2
5.280000E1	2.792259E1	1.598953E-2
5.283333E1	2.789700E1	5.812185E-2
5.286667E1	2.791103E1	1.967413E-2
5.290000E1	2.790663E1	-1.026104E-2
5.293333E1	2.791367E1	-5.565892E-2
5.296667E1	2.791346E1	-7.934424E-2
5.300000E1	2.798626E1	-9.207783E-2
5.303333E1	2.805565E1	-9.015839E-2
5.306667E1	2.809791E1	-8.498151E-2
5.310000E1	2.817050E1	-9.433327E-2
5.313333E1	2.818727E1	-9.387809E-2
5.316667E1	2.821720E1	-1.204773E-1
5.320000E1	2.822989E1	-1.275026E-1
5.323333E1	2.821800E1	-1.017333E-1
5.326667E1	2.821648E1	-2.219151E-2
5.330000E1	2.821550E1	2.377924E-2
5.333333E1	2.818477E1	7.006724E-2
5.336667E1	2.819978E1	2.737537E-2
5.340000E1	2.819233E1	-1.152884E-2
5.343333E1	2.819504E1	-4.326451E-2
5.346667E1	2.819653E1	-7.566654E-2
5.350000E1	2.826399E1	-8.484046E-2
5.353333E1	2.833970E1	-8.264749E-2
5.356667E1	2.837711E1	-7.358524E-2
5.360000E1	2.842796E1	-7.618687E-2
5.363333E1	2.842686E1	-8.313047E-2
5.366667E1	2.845738E1	-1.300703E-1
5.370000E1	2.848871E1	-1.246421E-1
5.373333E1	2.848512E1	-9.471564E-2
5.376667E1	2.848390E1	-2.913199E-2
5.380000E1	2.848807E1	2.175157E-2
5.383333E1	2.844796E1	8.333787E-2
5.386667E1	2.842726E1	3.641407E-2
5.390000E1	2.842514E1	7.548158E-3
5.393333E1	2.841288E1	-2.521114E-2
5.396667E1	2.842295E1	-4.059395E-2
5.400000E1	2.848620E1	-6.997610E-2
5.403333E1	2.855829E1	-7.181990E-2
5.406667E1	2.859856E1	-7.734189E-2
5.410000E1	2.865976E1	-7.264598E-2
5.413333E1	2.865193E1	-8.011256E-2
5.416667E1	2.867853E1	-1.305713E-1
5.420000E1	2.870687E1	-1.275880E-1
5.423333E1	2.870112E1	-1.004236E-1
5.426667E1	2.870170E1	-1.344769E-2
5.430000E1	2.870517E1	2.303236E-2
5.433333E1	2.865686E1	9.320481E-2
5.436667E1	2.863998E1	4.848837E-2
5.440000E1	2.863507E1	7.443449E-3
5.443333E1	2.862204E1	-2.641921E-2
5.446667E1	2.863278E1	-4.799827E-2
5.450000E1	2.869219E1	-7.727279E-2
5.453333E1	2.876482E1	-7.528257E-2
5.456667E1	2.880702E1	-7.006865E-2
5.460000E1	2.885087E1	-7.470111E-2
5.463333E1	2.885102E1	-7.985850E-2
5.466667E1	2.886256E1	-1.056352E-1
5.470000E1	2.886411E1	-8.731993E-2
5.473333E1	2.886913E1	-6.391397E-2
5.476667E1	2.885862E1	1.156285E-2
5.480000E1	2.884741E1	5.071713E-2
5.483333E1	2.879817E1	1.281663E-1
5.486667E1	2.879906E1	8.587054E-2
5.490000E1	2.878633E1	3.508308E-2
5.493333E1	2.877017E1	-1.046549E-2
5.496667E1	2.877064E1	-2.330387E-2
5.500000E1	2.884886E1	-4.565143E-2
5.503333E1	2.891752E1	-6.096833E-2
5.506667E1	2.895127E1	-5.815434E-2
5.510000E1	2.899809E1	-6.887538E-2
5.513333E1	2.899816E1	-7.595349E-2
5.516667E1	2.900209E1	-9.962120E-2
5.520000E1	2.900934E1	-8.400279E-2
5.523333E1	2.901635E1	-6.147311E-2
5.526667E1	2.900596E1	2.472331E-2
5.530000E1	2.899018E1	5.310247E-2
5.533333E1	2.894364E1	1.284022E-1
5.536667E1	2.894078E1	8.683097E-2
5.540000E1	2.891921E1	3.775248E-2
5.543333E1	2.891593E1	4.340952E-3
5.546667E1	2.891239E1	-1.219123E-2
5.550000E1	2.897797E1	-2.478394E-2
5.553333E1	2.905015E1	-2.585822E-2
5.556667E1	2.908761E1	-1.316535E-2
5.560000E1	2.914311E1	-1.666974E-2
5.563333E1	2.914460E1	-2.253568E-2
5.566667E1	2.916491E1	-6.240217E-2
5.570000E1	2.917145E1	-6.389948E-2
5.573333E1	2.916901E1	-4.532081E-2
5.576667E1	2.915157E1	4.318652E-2
5.580000E1	2.914899E1	7.706045E-2
5.583333E1	2.910422E1	1.241653E-1
5.586667E1	2.912390E1	7.888914E-2
5.590000E1	2.912601E1	3.179469E-2
5.593333E1	2.911194E1	-1.508632E-2
5.596667E1	2.911976E1	-2.498786E-2
5.600000E1	2.920197E1	-4.613615E-2
5.603333E1	2.927272E1	-5.791601E-2
5.606667E1	2.931031E1	-5.959105E-2
5.610000E1	2.935941E1	-6.721981E-2
5.613333E1	2.935805E1	-7.559301E-2
5.616667E1	2.938146E1	-1.130625E-1
5.620000E1	2.938722E1	-1.209477E-1
5.623333E1	2.937787E1	-9.854852E-2
5.626667E1	2.936508E1	-1.038269E-2
5.630000E1	2.936346E1	3.008225E-2
5.633333E1	2.932701E1	7.382587E-2
5.636667E1	2.934621E1	2.725383E-2
5.640000E1	2.933828E1	-1.259676E-2
5.643333E1	2.933945E1	-4.376702E-2
5.646667E1	2.934300E1	-7.613006E-2
5.650000E1	2.940631E1	-8.728879E-2
5.653333E1	2.948413E1	-8.380475E-2
5.656667E1	2.952589E1	-7.748785E-2
5.660000E1	2.958044E1	-7.900234E-2
5.663333E1	2.958191E1	-8.093351E-2
5.666667E1	2.961512E1	-1.231441E-1
5.670000E1	2.963775E1	-1.292928E-1
5.673333E1	2.963593E1	-9.783564E-2
5.676667E1	2.963780E1	-1.627845E-2
5.680000E1	2.963918E1	2.439298E-2
5.683333E1	2.961732E1	7.363278E-2
5.686667E1	2.961887E1	2.032249E-2
5.690000E1	2.961198E1	-1.540364E-2
5.693333E1	2.961481E1	-4.998341E-2
5.696667E1	2.961680E1	-8.152767E-2
5.700000E1	2.966660E1	-7.588301E-2
5.703333E1	2.972810E1	-7.639912E-2
5.706667E1	2.977662E1	-7.897321E-2
5.710000E1	2.983122E1	-8.361658E-2
5.713333E1	2.984817E1	-8.554282E-2
5.716667E1	2.986786E1	-1.124097E-1
5.720000E1	2.987821E1	-1.234125E-1
5.723333E1	2.986955E1	-1.016867E-1
5.726667E1	2.986248E1	-1.794068E-2
5.730000E1	2.985943E1	2.235451E-2
5.733333E1	2.981345E1	9.155755E-2
5.736667E1	2.979503E1	4.276244E-2
5.740000E1	2.979363E1	2.293232E-2
5.743333E1	2.978302E1	-1.738133E-2
5.746667E1	2.978570E1	-4.991004E-2
5.750000E1	2.985136E1	-7.409150E-2
5.753333E1	2.992271E1	-8.254962E-2
5.756667E1	2.995938E1	-7.410981E-2
5.760000E1	3.002356E1	-7.522695E-2
5.763333E1	3.002314E1	-7.970773E-2
5.766667E1	3.004884E1	-1.214451E-1
5.770000E1	3.007627E1	-1.250820E-1
5.773333E1	3.007323E1	-1.001293E-1
5.776667E1	3.007205E1	-1.874881E-2
5.780000E1	3.007302E1	3.006191E-2
5.783333E1	3.003249E1	9.344688E-2
5.786667E1	3.000995E1	4.282471E-2
5.790000E1	3.000573E1	1.135744E-2
5.793333E1	2.999484E1	-2.766790E-2
5.796667E1	3.000529E1	-4.008117E-2
5.800000E1	3.006937E1	-6.926966E-2
5.803333E1	3.014216E1	-7.590490E-2
5.806667E1	3.019019E1	-7.784634E-2
5.810000E1	3.025385E1	-8.392752E-2
5.813333E1	3.027287E1	-8.508707E-2
5.816667E1	3.029969E1	-1.121578E-1
5.820000E1	3.031885E1	-1.169809E-1
5.823333E1	3.030180E1	-9.636111E-2
5.826667E1	3.029565E1	-2.716299E-3
5.830000E1	3.029543E1	3.209459E-2
5.833333E1	3.024631E1	9.661890E-2
5.836667E1	3.022927E1	4.147064E-2
5.840000E1	3.022669E1	1.046498E-2
5.843333E1	3.021370E1	-2.469390E-2
5.846667E1	3.021237E1	-3.394353E-2
5.850000E1	3.029342E1	-4.391727E-2
5.853333E1	3.036415E1	-5.835471E-2
5.856667E1	3.040422E1	-6.779442E-2
5.860000E1	3.047442E1	-7.588617E-2
5.863333E1	3.048941E1	-7.981468E-2
5.866667E1	3.051584E1	-1.098435E-1
5.870000E1	3.053239E1	-1.100254E-1
5.873333E1	3.051885E1	-9.899468E-2
5.876667E1	3.051353E1	-1.131967E-2
5.880000E1	3.051147E1	3.328760E-2
5.883333E1	3.048071E1	8.062311E-2
5.886667E1	3.049219E1	2.911158E-2
5.890000E1	3.047939E1	-1.419462E-2
5.893333E1	3.048163E1	-4.356606E-2
5.896667E1	3.048512E1	-7.046067E-2
5.900000E1	3.054437E1	-8.366788E-2
5.903333E1	3.062802E1	-8.170102E-2
5.906667E1	3.067069E1	-7.137356E-2
5.910000E1	3.071343E1	-7.522596E-2
5.913333E1	3.071683E1	-7.948073E-2
5.916667E1	3.072593E1	-1.071612E-1
5.920000E1	3.073840E1	-8.511133E-2
5.923333E1	3.073973E1	-6.332499E-2
5.926667E1	3.072627E1	2.711900E-2
5.930000E1	3.071127E1	5.469377E-2
5.933333E1	3.066094E1	1.242092E-1
5.936667E1	3.066286E1	7.963721E-2
5.940000E1	3.065299E1	3.452223E-2
5.943333E1	3.063514E1	-1.357597E-2
5.946667E1	3.063359E1	-2.944488E-2
5.950000E1	3.071583E1	-4.108653E-2
5.953333E1	3.078477E1	-5.526317E-2
5.956667E1	3.082111E1	-5.529901E-2
5.960000E1	3.086985E1	-6.641567E-2
5.963333E1	3.087058E1	-7.503797E-2
5.966667E1	3.087960E1	-1.027766E-1
5.970000E1	3.089352E1	-8.331023E-2
5.973333E1	3.089147E1	-6.259817E-2
5.976667E1	3.087744E1	3.048206E-2
5.980000E1	3.085878E1	5.609101E-2
5.983333E1	3.081480E1	1.245543E-1
5.986667E1	3.081071E1	8.434107E-2
5.990000E1	3.080160E1	3.247855E-2
5.993333E1	3.078416E1	-1.514603E-2
5.996667E1	3.078570E1	-2.712740E-2
6.000000E1	3.086369E1	-4.852955E-2
6.003333E1	3.093685E1	-6.056967E-2
6.006667E1	3.097552E1	-6.964187E-2
6.010000E1	3.104631E1	-7.510490E-2
6.013333E1	3.106109E1	-8.002985E-2
6.016667E1	3.108254E1	-1.110327E-1
6.020000E1	3.109630E1	-1.162358E-1
6.023333E1	3.108792E1	-9.252213E-2
6.026667E1	3.108331E1	-6.882491E-4
6.030000E1	3.108436E1	3.095506E-2
6.033333E1	3.104409E1	7.397139E-2
6.036667E1	3.106469E1	2.530795E-2
6.040000E1	3.105504E1	-1.771405E-2
6.043333E1	3.105338E1	-5.163491E-2
6.046667E1	3.105710E1	-7.952108E-2
6.050000E1	3.111488E1	-7.286765E-2
6.053333E1	3.117710E1	-7.520658E-2
6.056667E1	3.120822E1	-8.150662E-2
6.060000E1	3.126367E1	-8.161843E-2
6.063333E1	3.128771E1	-8.283887E-2
6.066667E1	3.129329E1	-1.072516E-1
6.070000E1	3.131666E1	-9.598034E-2
6.073333E1	3.131322E1	-7.506022E-2
6.076667E1	3.130682E1	-8.860648E-3
6.080000E1	3.129680E1	5.006764E-2
6.083333E1	3.129047E1	1.039858E-1
6.086667E1	3.127110E1	5.119155E-2
6.090000E1	3.128694E1	2.727196E-2
6.093333E1	3.127495E1	-1.794408E-2
6.096667E1	3.128057E1	-5.977582E-2
6.100000E1	3.131459E1	-6.636882E-2
6.103333E1	3.141183E1	-8.338057E-2
6.106667E1	3.144984E1	-7.305061E-2
6.110000E1	3.150202E1	-7.799851E-2
6.113333E1	3.151630E1	-8.013789E-2
6.116667E1	3.152031E1	-1.024371E-1
6.120000E1	3.153782E1	-9.116720E-2
6.123333E1	3.153684E1	-7.476333E-2
6.126667E1	3.152599E1	-2.507786E-2
6.130000E1	3.151318E1	4.863238E-2
6.133333E1	3.150409E1	1.003867E-1
6.136667E1	3.148647E1	4.638926E-2
6.140000E1	3.150212E1	2.696429E-2
6.143333E1	3.148835E1	-1.665897E-2
6.146667E1	3.149617E1	-5.416140E-2
6.150000E1	3.152350E1	-6.657187E-2
6.153333E1	3.161440E1	-7.418035E-2
6.156667E1	3.164272E1	-7.737632E-2
6.160000E1	3.168457E1	-7.258280E-2
6.163333E1	3.168213E1	-7.564039E-2
6.166667E1	3.167329E1	-9.394122E-2
6.170000E1	3.168507E1	-8.682259E-2
6.173333E1	3.168056E1	-7.440605E-2
6.176667E1	3.166797E1	-6.778437E-3
6.180000E1	3.164946E1	5.376243E-2
6.183333E1	3.164664E1	9.841820E-2
6.186667E1	3.161325E1	7.071855E-2
6.190000E1	3.158605E1	4.233087E-2
6.193333E1	3.157251E1	2.294202E-3
6.196667E1	3.155857E1	-3.417314E-2
6.200000E1	3.159193E1	-2.356789E-2
6.203333E1	3.166862E1	-1.861548E-2
6.206667E1	3.169287E1	-2.424154E-2
6.210000E1	3.174330E1	-1.181259E-2
6.213333E1	3.174162E1	-1.544845E-2
6.216667E1	3.173258E1	-3.409947E-2
6.220000E1	3.173395E1	-2.883797E-2
6.223333E1	3.173120E1	-9.302457E-3
6.226667E1	3.172299E1	2.607152E-2
6.230000E1	3.171149E1	9.482852E-2
6.233333E1	3.166454E1	1.449954E-1
6.236667E1	3.163277E1	9.242272E-2
6.240000E1	3.162253E1	5.532800E-2
6.243333E1	3.160654E1	1.704802E-2
6.246667E1	3.157602E1	-1.780869E-2
6.250000E1	3.159763E1	-1.564173E-2
6.253333E1	3.165759E1	-1.447512E-2
6.256667E1	3.168187E1	-5.651673E-3
6.260000E1	3.171125E1	-1.470381E-2
6.263333E1	3.171641E1	-1.773020E-2
6.266667E1	3.172016E1	-4.170441E-2
6.270000E1	3.172317E1	-5.478587E-2
6.273333E1	3.171858E1	-5.288742E-2
6.276667E1	3.167218E1	4.866695E-2
6.280000E1	3.165678E1	8.452950E-2
6.283333E1	3.160086E1	1.454052E-1
6.286667E1	3.155662E1	8.524524E-2
6.290000E1	3.153980E1	7.690974E-2
6.293333E1	3.150397E1	1.245660E-2
6.296667E1	3.148113E1	-1.461357E-2
6.300000E1	3.150760E1	-1.301086E-2
6.303333E1	3.157583E1	-5.500022E-3
6.306667E1	3.159825E1	1.554588E-3
6.310000E1	3.161666E1	-2.370465E-3
6.313333E1	3.159963E1	-1.137127E-2
6.316667E1	3.158199E1	-3.120484E-2
6.320000E1	3.157798E1	-2.701637E-2
6.323333E1	3.157991E1	-9.011611E-3
6.326667E1	3.156790E1	3.361091E-2
6.330000E1	3.151878E1	1.210680E-1
6.333333E1	3.147620E1	1.537748E-1
6.336667E1	3.142369E1	1.206752E-1
6.340000E1	3.140819E1	1.136897E-1
6.343333E1	3.137698E1	5.294217E-2
6.346667E1	3.136067E1	2.402575E-2
6.350000E1	3.137141E1	6.120530E-3
6.353333E1	3.143294E1	2.914942E-4
6.356667E1	3.145712E1	4.790854E-3
6.360000E1	3.147967E1	-1.259262E-2
6.363333E1	3.149102E1	-2.358577E-2
6.366667E1	3.149753E1	-4.924568E-2
6.370000E1	3.149644E1	-6.223355E-2
6.373333E1	3.149864E1	-5.743765E-2
6.376667E1	3.144648E1	4.697049E-2
6.380000E1	3.142240E1	8.588923E-2
6.383333E1	3.136626E1	1.475338E-1
6.386667E1	3.131589E1	9.734394E-2
6.390000E1	3.128966E1	7.287507E-2
6.393333E1	3.125385E1	1.701505E-2
6.396667E1	3.122439E1	-1.067735E-2
6.400000E1	3.123358E1	-1.176007E-2
6.403333E1	3.130556E1	-1.076796E-2
6.406667E1	3.133673E1	-1.199352E-2
6.410000E1	3.137066E1	-1.278801E-2
6.413333E1	3.137004E1	-1.770743E-2
6.416667E1	3.137165E1	-5.436388E-2
6.420000E1	3.137054E1	-6.100338E-2
6.423333E1	3.136771E1	-5.513814E-2
6.426667E1	3.135061E1	2.352717E-2
6.430000E1	3.131862E1	8.040220E-2
6.433333E1	3.125702E1	1.426503E-1
6.436667E1	3.121241E1	8.168624E-2
6.440000E1	3.120106E1	5.676712E-2
6.443333E1	3.118500E1	6.959810E-3
6.446667E1	3.115288E1	-2.458089E-2
6.450000E1	3.117236E1	-2.604388E-2
6.453333E1	3.124578E1	-2.032725E-2
6.456667E1	3.127624E1	-2.472925E-2
6.460000E1	3.132780E1	-1.700834E-2
6.463333E1	3.135126E1	-4.411612E-2
6.466667E1	3.135763E1	-9.339147E-2
6.470000E1	3.137460E1	-8.880927E-2
6.473333E1	3.137593E1	-7.146665E-2
6.476667E1	3.137052E1	-3.283435E-3
6.480000E1	3.135769E1	5.133780E-2
6.483333E1	3.135084E1	9.509294E-2
6.486667E1	3.135396E1	3.199930E-2
6.490000E1	3.135570E1	-2.805056E-3
6.493333E1	3.136054E1	-4.375242E-2
6.496667E1	3.135976E1	-8.550492E-2
6.500000E1	3.139787E1	-8.270420E-2
6.503333E1	3.150955E1	-9.872226E-2
6.506667E1	3.155039E1	-9.582968E-2
6.510000E1	3.164711E1	-9.750881E-2
6.513333E1	3.166941E1	-9.907032E-2
6.516667E1	3.171091E1	-1.373862E-1
6.520000E1	3.178592E1	-1.431385E-1
6.523333E1	3.180342E1	-1.324905E-1
6.526667E1	3.182907E1	-6.251523E-2
6.530000E1	3.182909E1	-1.583622E-4
6.533333E1	3.181307E1	5.068997E-2
6.536667E1	3.184631E1	-8.230801E-3
6.540000E1	3.186620E1	-1.753140E-2
6.543333E1	3.192688E1	-1.128385E-1
6.546667E1	3.194054E1	-1.365582E-1
6.550000E1	3.200528E1	-1.571669E-1
6.553333E1	3.215919E1	-1.575458E-1
6.556667E1	3.221232E1	-1.506973E-1
6.560000E1	3.231875E1	-1.495037E-1
6.563333E1	3.235794E1	-1.617132E-1
6.566667E1	3.242012E1	-2.006031E-1
6.570000E1	3.250686E1	-2.202403E-1
6.573333E1	3.252872E1	-2.063561E-1
6.576667E1	3.257578E1	-1.658996E-1
6.580000E1	3.260120E1	-9.029906E-2
6.583333E1	3.260600E1	-1.737201E-2
6.586667E1	3.265664E1	-5.668499E-2
6.590000E1	3.266519E1	-8.588870E-2
6.593333E1	3.272038E1	-1.438427E-1
6.596667E1	3.273542E1	-1.761297E-1
6.600000E1	3.282269E1	-1.907363E-1
6.603333E1	3.296267E1	-2.193890E-1
6.606667E1	3.300807E1	-2.190074E-1
6.610000E1	3.311459E1	-2.185413E-1
6.613333E1	3.315835E1	-2.223933E-1
6.616667E1	3.322946E1	-2.542711E-1
6.620000E1	3.331738E1	-2.682545E-1
6.623333E1	3.334339E1	-2.581426E-1
6.626667E1	3.338050E1	-2.203542E-1
6.630000E1	3.340581E1	-1.460110E-1
6.633333E1	3.340639E1	-8.090769E-2
6.636667E1	3.344578E1	-1.043158E-1
6.640000E1	3.348435E1	-1.157145E-1
6.643333E1	3.350268E1	-1.681423E-1
6.646667E1	3.354226E1	-2.029941E-1
6.650000E1	3.360597E1	-2.301444E-1
6.653333E1	3.375894E1	-2.353825E-1
6.656667E1	3.380203E1	-2.300615E-1
6.660000E1	3.391379E1	-2.212255E-1
6.663333E1	3.395335E1	-2.258120E-1
6.666667E1	3.399687E1	-2.509892E-1
6.670000E1	3.409760E1	-2.339213E-1
6.673333E1	3.412596E1	-2.179530E-1
6.676667E1	3.417845E1	-1.890989E-1
6.680000E1	3.422192E1	-1.243641E-1
6.683333E1	3.424723E1	-4.728438E-2
6.686667E1	3.431263E1	-1.184859E-1
6.690000E1	3.432196E1	-1.437936E-1
6.693333E1	3.437849E1	-1.847165E-1
6.696667E1	3.440113E1	-2.201047E-1
6.700000E1	3.447912E1	-2.248814E-1
6.703333E1	3.464224E1	-2.292088E-1
6.706667E1	3.468643E1	-2.182766E-1
6.710000E1	3.476504E1	-2.150066E-1
6.713333E1	3.479817E1	-2.247279E-1
6.716667E1	3.484331E1	-2.236702E-1
6.720000E1	3.492516E1	-2.055949E-1
6.723333E1	3.493033E1	-2.052345E-1
6.726667E1	3.496406E1	-8.566843E-2
6.730000E1	3.497778E1	-5.300016E-2
6.733333E1	3.496909E1	-1.438961E-2
6.736667E1	3.501301E1	-6.538562E-2
6.740000E1	3.502373E1	-8.349927E-2
6.743333E1	3.506589E1	-1.138146E-1
6.746667E1	3.507579E1	-1.524483E-1
6.750000E1	3.515353E1	-1.601358E-1
6.753333E1	3.530994E1	-1.481097E-1
6.756667E1	3.534581E1	-1.379415E-1
6.760000E1	3.539694E1	-1.444792E-1
6.763333E1	3.541363E1	-1.475617E-1
6.766667E1	3.544497E1	-1.574095E-1
6.770000E1	3.551050E1	-1.416818E-1
6.773333E1	3.553460E1	-1.221135E-1
6.776667E1	3.554221E1	-5.579331E-2
6.780000E1	3.554400E1	-6.793046E-3
6.783333E1	3.553112E1	7.240349E-2
6.786667E1	3.555388E1	2.388267E-2
6.790000E1	3.554696E1	-1.175059E-3
6.793333E1	3.554629E1	-2.451864E-2
6.796667E1	3.555766E1	-3.895904E-2
6.800000E1	3.561563E1	-6.574635E-2
6.803333E1	3.574370E1	-6.756958E-2
6.806667E1	3.577916E1	-6.314655E-2
6.810000E1	3.582448E1	-6.845284E-2
6.813333E1	3.583890E1	-7.561239E-2
6.816667E1	3.586726E1	-8.611105E-2
6.820000E1	3.592844E1	-5.207117E-2
6.823333E1	3.592800E1	-3.944597E-2
6.826667E1	3.592061E1	6.019259E-2
6.830000E1	3.591555E1	1.265587E-1
6.833333E1	3.590339E1	1.656235E-1
6.836667E1	3.590642E1	1.092541E-1
6.840000E1	3.590455E1	1.101324E-1
6.843333E1	3.591694E1	7.280871E-2
6.846667E1	3.591971E1	5.644250E-2
6.850000E1	3.597870E1	5.562094E-2
6.853333E1	3.609950E1	5.439032E-2
6.856667E1	3.613216E1	6.584293E-2
6.860000E1	3.617712E1	5.314680E-2
6.863333E1	3.619299E1	4.914857E-2
6.866667E1	3.620904E1	5.117839E-2
6.870000E1	3.625319E1	6.651202E-2
6.873333E1	3.626828E1	8.550974E-2
6.876667E1	3.626516E1	2.028904E-1
6.880000E1	3.626742E1	2.345238E-1
6.883333E1	3.625756E1	2.492586E-1
6.886667E1	3.625550E1	2.020272E-1
6.890000E1	3.626442E1	1.757806E-1
6.893333E1	3.625867E1	1.322175E-1
6.896667E1	3.625683E1	1.252456E-1
6.900000E1	3.632103E1	1.199859E-1
6.903333E1	3.639916E1	1.266960E-1
6.906667E1	3.643710E1	1.333532E-1
6.910000E1	3.649750E1	1.296422E-1
6.913333E1	3.649663E1	1.244051E-1
6.916667E1	3.652513E1	8.453844E-2
6.920000E1	3.655639E1	8.603099E-2
6.923333E1	3.655959E1	1.193795E-1
6.926667E1	3.656303E1	2.081121E-1
6.930000E1	3.656381E1	2.488283E-1
6.933333E1	3.653127E1	2.859404E-1
6.936667E1	3.654383E1	2.379412E-1
6.940000E1	3.653703E1	2.063044E-1
6.943333E1	3.654167E1	1.570508E-1
6.946667E1	3.654134E1	1.399979E-1
6.950000E1	3.659905E1	1.296689E-1
6.953333E1	3.667638E1	1.316012E-1
6.956667E1	3.671724E1	1.373632E-1
6.960000E1	3.676832E1	1.300120E-1
6.963333E1	3.677252E1	1.258734E-1
6.966667E1	3.679977E1	8.008996E-2
6.970000E1	3.682706E1	8.312370E-2
6.973333E1	3.683087E1	1.109817E-1
6.976667E1	3.683451E1	1.965829E-1
6.980000E1	3.683779E1	2.394813E-1
6.983333E1	3.680164E1	2.838996E-1
6.986667E1	3.681347E1	2.299626E-1
6.990000E1	3.680475E1	2.029397E-1
6.993333E1	3.680761E1	1.535459E-1
6.996667E1	3.680931E1	1.352285E-1
7.000000E1	3.685429E1	1.302941E-1
7.003333E1	3.691192E1	1.267951E-1
7.006667E1	3.696012E1	1.292660E-1
7.010000E1	3.699653E1	1.303161E-1
7.013333E1	3.698749E1	1.233772E-1
7.016667E1	3.700076E1	7.971455E-2
7.020000E1	3.700314E1	8.509202E-2
7.023333E1	3.699441E1	1.110911E-1
7.026667E1	3.698965E1	1.944569E-1
7.030000E1	3.698990E1	2.415682E-1
7.033333E1	3.694591E1	2.797803E-1
7.036667E1	3.695660E1	2.285545E-1
7.040000E1	3.694945E1	1.834686E-1
7.043333E1	3.694061E1	1.537372E-1
7.046667E1	3.691978E1	1.315538E-1
7.050000E1	3.697197E1	1.154984E-1
7.053333E1	3.703581E1	1.140910E-1
7.056667E1	3.707464E1	1.229904E-1
7.060000E1	3.711728E1	1.134403E-1
7.063333E1	3.711586E1	1.115374E-1
7.066667E1	3.713629E1	6.930409E-2
7.070000E1	3.713964E1	6.779753E-2
7.073333E1	3.714040E1	9.413615E-2
7.076667E1	3.713766E1	1.781364E-1
7.080000E1	3.712442E1	1.986118E-1
7.083333E1	3.707235E1	2.694439E-1
7.086667E1	3.706989E1	2.232999E-1
7.090000E1	3.705795E1	1.751424E-1
7.093333E1	3.703124E1	1.205983E-1
7.096667E1	3.704739E1	9.568097E-2
7.100000E1	3.709926E1	5.795058E-2
7.103333E1	3.716699E1	5.555290E-2
7.106667E1	3.720768E1	6.275420E-2
7.110000E1	3.725105E1	4.665176E-2
7.113333E1	3.725469E1	4.617744E-2
7.116667E1	3.726597E1	6.525200E-3
7.120000E1	3.727076E1	2.763416E-3
7.123333E1	3.727196E1	2.388382E-2
7.126667E1	3.726200E1	8.221862E-2
7.130000E1	3.724883E1	1.237199E-1
7.133333E1	3.718056E1	1.957738E-1
7.136667E1	3.717712E1	1.515769E-1
7.140000E1	3.716308E1	1.306279E-1
7.143333E1	3.713712E1	5.251877E-2
7.146667E1	3.712292E1	3.752599E-2
7.150000E1	3.717315E1	1.793248E-2
7.153333E1	3.722575E1	1.141652E-2
7.156667E1	3.725461E1	2.261546E-3
7.160000E1	3.728418E1	-1.425290E-3
7.163333E1	3.727412E1	-8.966156E-3
7.166667E1	3.726763E1	-4.299152E-2
7.170000E1	3.726711E1	-5.573966E-2
7.173333E1	3.726668E1	-4.058174E-2
7.176667E1	3.724726E1	2.554005E-2
7.180000E1	3.722285E1	7.320274E-2
7.183333E1	3.712602E1	1.347447E-1
7.186667E1	3.711031E1	8.390511E-2
7.190000E1	3.708542E1	5.249881E-2
7.193333E1	3.704223E1	-3.743852E-3
7.196667E1	3.702791E1	-1.985170E-2
7.200000E1	3.705824E1	-2.423432E-2
7.203333E1	3.710438E1	-2.244730E-2
7.206667E1	3.713403E1	-1.027004E-2
7.210000E1	3.714647E1	-1.158270E-2
7.213333E1	3.712753E1	-1.814112E-2
7.216667E1	3.711398E1	-7.229118E-2
7.220000E1	3.710993E1	-7.556233E-2
7.223333E1	3.710881E1	-5.404852E-2
7.226667E1	3.705409E1	4.168230E-2
7.230000E1	3.704445E1	7.636837E-2
7.233333E1	3.694751E1	1.248015E-1
7.236667E1	3.692991E1	9.389127E-2
7.240000E1	3.689085E1	3.533940E-2
7.243333E1	3.684248E1	-9.917648E-3
7.246667E1	3.683321E1	-4.153331E-2
7.250000E1	3.684962E1	-6.321112E-2
7.253333E1	3.688958E1	-7.346784E-2
7.256667E1	3.691774E1	-6.828914E-2
7.260000E1	3.693289E1	-6.852636E-2
7.263333E1	3.691342E1	-7.730962E-2
7.266667E1	3.689185E1	-1.226674E-1
7.270000E1	3.688799E1	-1.309208E-1
7.273333E1	3.686930E1	-8.505941E-2
7.276667E1	3.682048E1	-2.525902E-2
7.280000E1	3.681371E1	1.778305E-2
7.283333E1	3.671260E1	8.860034E-2
7.286667E1	3.668765E1	2.387262E-2
7.290000E1	3.666101E1	-7.900131E-3
7.293333E1	3.661485E1	-6.306086E-2
7.296667E1	3.660572E1	-8.966896E-2
7.300000E1	3.663549E1	-9.688410E-2
7.303333E1	3.668291E1	-8.678920E-2
7.306667E1	3.671771E1	-7.686764E-2
7.310000E1	3.674355E1	-8.833037E-2
7.313333E1	3.674579E1	-9.130086E-2
7.316667E1	3.674543E1	-1.273281E-1
7.320000E1	3.674980E1	-1.333303E-1
7.323333E1	3.675048E1	-1.149338E-1
7.326667E1	3.670950E1	-2.404507E-2
7.330000E1	3.669578E1	1.193180E-2
7.333333E1	3.661784E1	7.223779E-2
7.336667E1	3.660538E1	1.753885E-2
7.340000E1	3.658581E1	-1.176842E-2
7.343333E1	3.656233E1	-7.062034E-2
7.346667E1	3.654622E1	-9.822848E-2
7.350000E1	3.660276E1	-1.148926E-1
7.353333E1	3.666885E1	-1.289234E-1
7.356667E1	3.671019E1	-1.231999E-1
7.360000E1	3.675770E1	-1.366130E-1
7.363333E1	3.675798E1	-1.427107E-1
7.366667E1	3.676323E1	-1.739977E-1
7.370000E1	3.676795E1	-1.573709E-1
7.373333E1	3.677095E1	-1.328670E-1
7.376667E1	3.675975E1	-6.428635E-2
7.380000E1	3.674884E1	-1.870982E-2
7.383333E1	3.669431E1	5.135389E-2
7.386667E1	3.669451E1	1.294172E-2
7.390000E1	3.668579E1	-1.572144E-2
7.393333E1	3.667856E1	-9.911958E-2
7.396667E1	3.669320E1	-1.085247E-1
7.400000E1	3.675915E1	-1.358375E-1
7.403333E1	3.682643E1	-1.394847E-1
7.406667E1	3.686929E1	-1.316684E-1
7.410000E1	3.693462E1	-1.393234E-1
7.413333E1	3.693612E1	-1.458342E-1
7.416667E1	3.695687E1	-1.955806E-1
7.420000E1	3.698352E1	-1.913006E-1
7.423333E1	3.698181E1	-1.682777E-1
7.426667E1	3.698277E1	-9.292744E-2
7.430000E1	3.698528E1	-4.663645E-2
7.433333E1	3.695545E1	1.037968E-2
7.436667E1	3.696090E1	-3.224222E-2
7.440000E1	3.697026E1	-4.317300E-2
7.443333E1	3.697630E1	-1.285349E-1
7.446667E1	3.697521E1	-1.502489E-1
7.450000E1	3.704796E1	-1.615762E-1
7.453333E1	3.712774E1	-1.523933E-1
7.456667E1	3.717209E1	-1.473197E-1
7.460000E1	3.725661E1	-1.501891E-1
7.463333E1	3.726488E1	-1.542369E-1
7.466667E1	3.731301E1	-1.955372E-1
7.470000E1	3.735138E1	-1.923061E-1
7.473333E1	3.735246E1	-1.743534E-1
7.476667E1	3.736000E1	-9.919990E-2
7.480000E1	3.735449E1	-4.751268E-2
7.483333E1	3.733303E1	6.999342E-3
7.486667E1	3.733956E1	-2.839582E-2
7.490000E1	3.734998E1	-5.397555E-2
7.493333E1	3.736695E1	-1.171594E-1
7.496667E1	3.735619E1	-1.454212E-1
7.500000E1	3.744723E1	-1.545401E-1
7.503333E1	3.752960E1	-1.654228E-1
7.506667E1	3.758005E1	-1.550026E-1
7.510000E1	3.768555E1	-1.488827E-1
7.513333E1	3.770397E1	-1.499665E-1
7.516667E1	3.776944E1	-1.862232E-1
7.520000E1	3.781785E1	-2.063232E-1
7.523333E1	3.783476E1	-1.748239E-1
7.526667E1	3.785915E1	-1.006681E-1
7.530000E1	3.786429E1	-5.110234E-2
7.533333E1	3.785125E1	1.494308E-2
7.536667E1	3.786035E1	-1.505183E-2
7.540000E1	3.785744E1	-3.112857E-2
7.543333E1	3.790955E1	-1.161340E-1
7.546667E1	3.791956E1	-1.399032E-1
7.550000E1	3.801007E1	-1.501235E-1
7.553333E1	3.810565E1	-1.620728E-1
7.556667E1	3.815624E1	-1.511532E-1
7.560000E1	3.826874E1	-1.446907E-1
7.563333E1	3.828620E1	-1.466218E-1
7.566667E1	3.833204E1	-1.705550E-1
7.570000E1	3.838629E1	-1.656383E-1
7.573333E1	3.842170E1	-1.365902E-1
7.576667E1	3.845325E1	-7.235950E-2
7.580000E1	3.843950E1	-2.054556E-2
7.583333E1	3.842864E1	5.867007E-2
7.586667E1	3.846039E1	7.039970E-3
7.590000E1	3.848072E1	-1.390311E-2
7.593333E1	3.851191E1	-6.884614E-2
7.596667E1	3.850753E1	-8.520180E-2
7.600000E1	3.862262E1	-1.225856E-1
7.603333E1	3.872163E1	-1.280006E-1
7.606667E1	3.877700E1	-1.305106E-1
7.610000E1	3.886816E1	-1.337491E-1
7.613333E1	3.887888E1	-1.370266E-1
7.616667E1	3.891758E1	-1.603424E-1
7.620000E1	3.896724E1	-1.530841E-1
7.623333E1	3.899758E1	-1.314421E-1
7.626667E1	3.902410E1	-5.013753E-2
7.630000E1	3.901115E1	-1.223114E-2
7.633333E1	3.899947E1	6.268416E-2
7.636667E1	3.901122E1	4.311571E-2
7.640000E1	3.902197E1	1.590110E-2
7.643333E1	3.901727E1	-2.324669E-2
7.646667E1	3.904091E1	-6.707082E-2
7.650000E1	3.914133E1	-7.578593E-2
7.653333E1	3.923467E1	-7.412071E-2
7.656667E1	3.928542E1	-7.486697E-2
7.660000E1	3.937181E1	-6.785851E-2
7.663333E1	3.938159E1	-7.270304E-2
7.666667E1	3.941528E1	-1.007898E-1
7.670000E1	3.945882E1	-7.545268E-2
7.673333E1	3.947530E1	-6.181793E-2
7.676667E1	3.951436E1	9.453330E-3
7.680000E1	3.950844E1	5.318821E-2
7.683333E1	3.949433E1	1.345445E-1
7.686667E1	3.952060E1	1.040162E-1
7.690000E1	3.951155E1	6.469606E-2
7.693333E1	3.953134E1	3.066730E-2
7.696667E1	3.952102E1	1.802215E-3
7.700000E1	3.960043E1	-6.564505E-3
7.703333E1	3.966988E1	-3.569176E-3
7.706667E1	3.971797E1	-5.508629E-3
7.710000E1	3.980873E1	-9.328847E-4
7.713333E1	3.981424E1	-6.699646E-3
7.716667E1	3.983510E1	-2.971688E-2
7.720000E1	3.987982E1	-1.141480E-2
7.723333E1	3.988432E1	1.314836E-3
7.726667E1	3.990143E1	3.373719E-2
7.730000E1	3.991944E1	1.281919E-1
7.733333E1	3.993416E1	1.777499E-1
7.736667E1	3.993261E1	1.464362E-1
7.740000E1	3.993390E1	1.333012E-1
7.743333E1	3.994805E1	9.807376E-2
7.746667E1	3.994384E1	5.798727E-2
7.750000E1	3.997871E1	4.565023E-2
7.753333E1	4.009201E1	6.349873E-2
7.756667E1	4.012560E1	6.030339E-2
7.760000E1	4.021053E1	5.996158E-2
7.763333E1	4.023231E1	5.913707E-2
7.766667E1	4.023814E1	4.592312E-2
7.770000E1	4.027048E1	4.514774E-2
7.773333E1	4.029177E1	6.547126E-2
7.776667E1	4.030757E1	1.469196E-1
7.780000E1	4.029905E1	1.961379E-1
7.783333E1	4.028278E1	2.656254E-1
7.786667E1	4.029189E1	2.276666E-1
7.790000E1	4.028844E1	1.990136E-1
7.793333E1	4.029809E1	1.638208E-1
7.796667E1	4.029214E1	1.327230E-1
7.800000E1	4.032362E1	1.359693E-1
7.803333E1	4.042257E1	1.180510E-1
7.806667E1	4.045318E1	1.311017E-1
7.810000E1	4.052542E1	1.310561E-1
7.813333E1	4.054903E1	1.110046E-1
7.816667E1	4.058142E1	9.870565E-2
7.820000E1	4.061655E1	6.622918E-2
7.823333E1	4.064569E1	8.499555E-2
7.826667E1	4.065593E1	1.814563E-1
7.830000E1	4.066079E1	2.245436E-1
7.833333E1	4.064488E1	2.791705E-1
7.836667E1	4.065168E1	2.331519E-1
7.840000E1	4.064742E1	2.047573E-1
7.843333E1	4.065580E1	1.664849E-1
7.846667E1	4.064806E1	1.317237E-1
7.850000E1	4.068974E1	1.163289E-1
7.853333E1	4.080786E1	1.261516E-1
7.856667E1	4.084246E1	1.268686E-1
7.860000E1	4.091662E1	1.250152E-1
7.863333E1	4.094168E1	1.204253E-1
7.866667E1	4.096820E1	1.048839E-1
7.870000E1	4.100173E1	6.395188E-2
7.873333E1	4.101614E1	7.813036E-2
7.876667E1	4.102783E1	1.670378E-1
7.880000E1	4.102231E1	2.033530E-1
7.883333E1	4.100988E1	2.666039E-1
7.886667E1	4.101182E1	2.313683E-1
7.890000E1	4.101037E1	2.027014E-1
7.893333E1	4.101990E1	1.605499E-1
7.896667E1	4.101135E1	1.263875E-1
7.900000E1	4.107554E1	1.052796E-1
7.903333E1	4.118243E1	9.470053E-2
7.906667E1	4.121260E1	7.456464E-2
7.910000E1	4.128784E1	6.769924E-2
7.913333E1	4.130862E1	6.281850E-2
7.916667E1	4.131378E1	4.002253E-2
7.920000E1	4.135518E1	3.941206E-2
7.923333E1	4.137725E1	6.347606E-2
7.926667E1	4.140773E1	1.006792E-1
7.930000E1	4.142723E1	1.623602E-1
7.933333E1	4.142014E1	2.165947E-1
7.936667E1	4.143345E1	1.753909E-1
7.940000E1	4.143231E1	1.435319E-1
7.943333E1	4.142784E1	1.112674E-1
7.946667E1	4.143691E1	8.155236E-2
7.950000E1	4.146795E1	6.955784E-2
7.953333E1	4.156922E1	5.159484E-2
7.956667E1	4.159849E1	6.287033E-2
7.960000E1	4.166133E1	5.805729E-2
7.963333E1	4.168153E1	5.229336E-2
7.966667E1	4.170168E1	1.623466E-2
7.970000E1	4.173401E1	4.540051E-3
7.973333E1	4.174030E1	1.484063E-2
7.976667E1	4.174874E1	8.799357E-2
7.980000E1	4.174653E1	1.450389E-1
7.983333E1	4.172990E1	2.031466E-1
7.986667E1	4.172325E1	1.628356E-1
7.990000E1	4.172328E1	1.394218E-1
7.993333E1	4.172802E1	9.144572E-2
7.996667E1	4.172274E1	4.677223E-2
8.000000E1	4.174748E1	4.311304E-2
8.003333E1	4.186495E1	2.695102E-2
8.006667E1	4.189370E1	2.362660E-2
8.010000E1	4.195291E1	6.814458E-3
8.013333E1	4.196617E1	1.127026E-3
8.016667E1	4.196526E1	-1.992343E-2
8.020000E1	4.198988E1	-2.262185E-2
8.023333E1	4.201075E1	-4.922656E-3
8.026667E1	4.202227E1	6.345058E-2
8.030000E1	4.201571E1	1.241373E-1
8.033333E1	4.201207E1	1.779150E-1
8.036667E1	4.199852E1	1.356139E-1
8.040000E1	4.200186E1	1.228665E-1
8.043333E1	4.200324E1	4.241025E-2
8.046667E1	4.200851E1	2.032612E-2
8.050000E1	4.203438E1	7.436012E-3
8.053333E1	4.212472E1	-1.349505E-2
8.056667E1	4.216047E1	-2.472086E-3
8.060000E1	4.219641E1	-6.986212E-3
8.063333E1	4.222030E1	-1.156089E-2
8.066667E1	4.223151E1	-3.857522E-2
8.070000E1	4.224989E1	-6.367826E-2
8.073333E1	4.224413E1	-6.379140E-2
8.076667E1	4.223831E1	1.271616E-2
8.080000E1	4.223061E1	7.609857E-2
8.083333E1	4.220418E1	1.384116E-1
8.086667E1	4.218327E1	1.223129E-1
8.090000E1	4.216564E1	1.087502E-1
8.093333E1	4.216520E1	3.374957E-2
8.096667E1	4.215421E1	-4.935211E-4
8.100000E1	4.217589E1	-1.092144E-2
8.103333E1	4.225818E1	-7.893619E-3
8.106667E1	4.228557E1	-1.238081E-2
8.110000E1	4.232820E1	-5.373348E-3
8.113333E1	4.232663E1	-7.998133E-3
8.116667E1	4.231592E1	-2.906684E-2
8.120000E1	4.232648E1	-1.679329E-2
8.123333E1	4.232382E1	-7.186451E-4
8.126667E1	4.232799E1	3.513510E-2
8.130000E1	4.230330E1	1.238410E-1
8.133333E1	4.230310E1	1.729779E-1
8.136667E1	4.229801E1	1.015212E-1
8.140000E1	4.228688E1	5.579571E-2
8.143333E1	4.229533E1	1.359827E-2
8.146667E1	4.229503E1	-1.401986E-2
8.150000E1	4.232709E1	-6.396266E-3
8.153333E1	4.242549E1	-1.574088E-2
8.156667E1	4.244992E1	-6.370485E-3
8.160000E1	4.246199E1	-9.408289E-3
8.163333E1	4.245528E1	-1.571467E-2
8.166667E1	4.245367E1	-3.014596E-2
8.170000E1	4.246272E1	-6.906522E-3
8.173333E1	4.246010E1	5.562602E-3
8.176667E1	4.243775E1	1.092305E-1
8.180000E1	4.243977E1	1.467248E-1
8.183333E1	4.242406E1	1.586838E-1
8.186667E1	4.242358E1	9.051031E-2
8.190000E1	4.241497E1	5.197678E-2
8.193333E1	4.240997E1	2.496624E-2
8.196667E1	4.238253E1	-1.176870E-2
8.200000E1	4.241696E1	-3.522757E-2
8.203333E1	4.250366E1	-8.660424E-3
8.206667E1	4.252877E1	-4.863466E-3
8.210000E1	4.253810E1	-1.095584E-2
8.213333E1	4.252099E1	-2.192697E-2
8.216667E1	4.251325E1	-3.004347E-2
8.220000E1	4.251866E1	-9.504182E-3
8.223333E1	4.251802E1	4.865063E-3
8.226667E1	4.250045E1	9.978843E-2
8.230000E1	4.247536E1	1.519320E-1
8.233333E1	4.243181E1	1.558564E-1
8.236667E1	4.241067E1	1.065374E-1
8.240000E1	4.237838E1	5.845313E-2
8.243333E1	4.236649E1	1.180607E-2
8.246667E1	4.235833E1	-1.816346E-2
8.250000E1	4.238399E1	-1.027431E-2
8.253333E1	4.245896E1	-1.779276E-3
8.256667E1	4.247333E1	1.756582E-3
8.260000E1	4.246630E1	-7.283586E-3
8.263333E1	4.244976E1	-1.495779E-2
8.266667E1	4.244232E1	-2.761846E-2
8.270000E1	4.244635E1	-1.010982E-2
8.273333E1	4.244610E1	2.796851E-3
8.276667E1	4.243220E1	9.037105E-2
8.280000E1	4.241235E1	1.359788E-1
8.283333E1	4.236321E1	1.558233E-1
8.286667E1	4.233947E1	9.891256E-2
8.290000E1	4.230900E1	4.683800E-2
8.293333E1	4.229842E1	7.749059E-3
8.296667E1	4.229328E1	-2.359269E-2
8.300000E1	4.231694E1	-1.699174E-2
8.303333E1	4.241131E1	-9.364713E-3
8.306667E1	4.242183E1	-1.736129E-2
8.310000E1	4.244935E1	-2.014681E-2
8.313333E1	4.244648E1	-3.454367E-2
8.316667E1	4.246225E1	-4.552433E-2
8.320000E1	4.248945E1	-6.315288E-2
8.323333E1	4.250855E1	-4.970005E-2
8.326667E1	4.251205E1	4.745054E-2
8.330000E1	4.251985E1	8.686129E-2
8.333333E1	4.250827E1	9.540363E-2
8.336667E1	4.252911E1	2.682104E-2
8.340000E1	4.252389E1	-5.993610E-3
8.343333E1	4.254274E1	-3.616259E-2
8.346667E1	4.254473E1	-7.705947E-2
8.350000E1	4.259970E1	-8.802825E-2
8.353333E1	4.274028E1	-8.223010E-2
8.356667E1	4.277713E1	-8.644047E-2
8.360000E1	4.284763E1	-9.726244E-2
8.363333E1	4.287388E1	-1.001628E-1
8.366667E1	4.293044E1	-1.276717E-1
8.370000E1	4.301045E1	-1.297394E-1
8.373333E1	4.302888E1	-1.087078E-1
8.376667E1	4.304999E1	-2.413268E-2
8.380000E1	4.306574E1	1.881936E-2
8.383333E1	4.309085E1	3.280518E-2
8.386667E1	4.312520E1	-1.701483E-2
8.390000E1	4.312190E1	-2.021686E-2
8.393333E1	4.318407E1	-1.099710E-1
8.396667E1	4.319382E1	-1.330420E-1
8.400000E1	4.326837E1	-1.474376E-1
8.403333E1	4.342110E1	-1.550921E-1
8.406667E1	4.347264E1	-1.437733E-1
8.410000E1	4.354337E1	-1.465327E-1
8.413333E1	4.356859E1	-1.618134E-1
8.416667E1	4.361689E1	-1.661763E-1
8.420000E1	4.370966E1	-1.634758E-1
8.423333E1	4.374086E1	-1.424062E-1
8.426667E1	4.377499E1	-3.363317E-2
8.430000E1	4.379541E1	3.363244E-4
8.433333E1	4.383353E1	2.751243E-2
8.436667E1	4.386933E1	-3.313878E-2
8.440000E1	4.389669E1	-4.952387E-2
8.443333E1	4.395096E1	-1.234613E-1
8.446667E1	4.397320E1	-1.506840E-1
8.450000E1	4.403902E1	-1.585171E-1
8.453333E1	4.419560E1	-1.554052E-1
8.456667E1	4.422346E1	-1.538655E-1
8.460000E1	4.430896E1	-1.551686E-1
8.463333E1	4.433908E1	-1.551754E-1
8.466667E1	4.438261E1	-1.782130E-1
8.470000E1	4.448000E1	-1.578582E-1
8.473333E1	4.449613E1	-1.402773E-1
8.476667E1	4.456781E1	-2.646621E-2
8.480000E1	4.458945E1	-9.113049E-4
8.483333E1	4.461971E1	2.078771E-2
8.486667E1	4.466467E1	-3.435504E-2
8.490000E1	4.470299E1	-3.777404E-2
8.493333E1	4.475010E1	-1.295557E-1
8.496667E1	4.476915E1	-1.521874E-1
8.500000E1	4.485081E1	-1.574016E-1
8.503333E1	4.499585E1	-1.564139E-1
8.506667E1	4.502727E1	-1.524379E-1
8.510000E1	4.510616E1	-1.563589E-1
8.513333E1	4.514786E1	-1.695865E-1
8.516667E1	4.520697E1	-1.694583E-1
8.520000E1	4.528348E1	-1.518982E-1
8.523333E1	4.529725E1	-1.407542E-1
8.526667E1	4.534496E1	-3.031828E-2
8.530000E1	4.536104E1	8.995876E-3
8.533333E1	4.537256E1	2.220671E-2
8.536667E1	4.543710E1	-3.399944E-2
8.540000E1	4.546817E1	-4.170130E-2
8.543333E1	4.551376E1	-1.251189E-1
8.546667E1	4.554554E1	-1.467403E-1
8.550000E1	4.561542E1	-1.557905E-1
8.553333E1	4.575982E1	-1.510302E-1
8.556667E1	4.579233E1	-1.434134E-1
8.560000E1	4.584783E1	-1.421743E-1
8.563333E1	4.586779E1	-1.519393E-1
8.566667E1	4.592141E1	-1.648491E-1
8.570000E1	4.596734E1	-1.551928E-1
8.573333E1	4.600224E1	-1.370207E-1
8.576667E1	4.603709E1	-6.267980E-2
8.580000E1	4.604761E1	-2.165428E-2
8.583333E1	4.605871E1	6.386404E-2
8.586667E1	4.609554E1	2.640317E-2
8.590000E1	4.611152E1	-4.187610E-3
8.593333E1	4.613945E1	-4.138485E-2
8.596667E1	4.613474E1	-7.685388E-2
8.600000E1	4.622002E1	-9.107135E-2
8.603333E1	4.628655E1	-8.228596E-2
8.606667E1	4.632606E1	-7.641968E-2
8.610000E1	4.639918E1	-7.267941E-2
8.613333E1	4.643468E1	-7.253201E-2
8.616667E1	4.646273E1	-9.959362E-2
8.620000E1	4.650293E1	-7.877614E-2
8.623333E1	4.651698E1	-6.372239E-2
8.626667E1	4.655649E1	7.520172E-3
8.630000E1	4.655734E1	4.868979E-2
8.633333E1	4.655997E1	1.407521E-1
8.636667E1	4.656297E1	1.184846E-1
8.640000E1	4.657129E1	9.870673E-2
8.643333E1	4.656644E1	4.789539E-2
8.646667E1	4.656464E1	3.634393E-2
8.650000E1	4.664683E1	3.011485E-2
8.653333E1	4.670916E1	1.287586E-2
8.656667E1	4.675581E1	5.566166E-3
8.660000E1	4.681620E1	4.190667E-3
8.663333E1	4.683233E1	-2.267015E-3
8.666667E1	4.685800E1	-1.552269E-2
8.670000E1	4.688013E1	-1.369757E-2
8.673333E1	4.690515E1	1.318368E-2
8.676667E1	4.691218E1	1.184935E-1
8.680000E1	4.691723E1	1.527748E-1
8.683333E1	4.690889E1	2.214582E-1
8.686667E1	4.691923E1	1.772830E-1
8.690000E1	4.690575E1	1.390768E-1
8.693333E1	4.691037E1	1.060266E-1
8.696667E1	4.690907E1	7.509600E-2
8.700000E1	4.696073E1	6.237718E-2
8.703333E1	4.702959E1	6.682785E-2
8.706667E1	4.706808E1	7.776419E-2
8.710000E1	4.711558E1	7.137544E-2
8.713333E1	4.712114E1	6.825742E-2
8.716667E1	4.712899E1	5.096805E-2
8.720000E1	4.714503E1	6.063288E-2
8.723333E1	4.714930E1	8.579143E-2
8.726667E1	4.714317E1	1.883026E-1
8.730000E1	4.713998E1	2.240383E-1
8.733333E1	4.711410E1	2.765909E-1
8.736667E1	4.711967E1	2.411414E-1
8.740000E1	4.711059E1	2.112288E-1
8.743333E1	4.710847E1	1.600269E-1
8.746667E1	4.710549E1	1.420311E-1
8.750000E1	4.714812E1	1.407193E-1
8.753333E1	4.719767E1	1.361797E-1
8.756667E1	4.723937E1	1.344676E-1
8.760000E1	4.727372E1	1.353076E-1
8.763333E1	4.727168E1	1.331146E-1
8.766667E1	4.727751E1	1.042747E-1
8.770000E1	4.728949E1	9.133959E-2
8.773333E1	4.728277E1	1.169999E-1
8.776667E1	4.728235E1	2.057475E-1
8.780000E1	4.727245E1	2.578787E-1
8.783333E1	4.725342E1	3.118805E-1
8.786667E1	4.724610E1	2.717366E-1
8.790000E1	4.723984E1	2.573667E-1
8.793333E1	4.722585E1	2.139390E-1
8.796667E1	4.720895E1	1.978628E-1
8.800000E1	4.725340E1	1.704782E-1
8.803333E1	4.730796E1	1.502136E-1
8.806667E1	4.734978E1	1.530845E-1
8.810000E1	4.736776E1	1.456860E-1
8.813333E1	4.735632E1	1.344167E-1
8.816667E1	4.735343E1	1.096848E-1
8.820000E1	4.735426E1	1.283970E-1
8.823333E1	4.735614E1	1.532595E-1
8.826667E1	4.734976E1	2.388494E-1
8.830000E1	4.733888E1	2.679296E-1
8.833333E1	4.732637E1	3.113962E-1
8.836667E1	4.731997E1	2.703609E-1
8.840000E1	4.731975E1	2.578246E-1
8.843333E1	4.731797E1	1.710164E-1
8.846667E1	4.731799E1	1.529078E-1
8.850000E1	4.735024E1	1.383751E-1
8.853333E1	4.740134E1	1.306441E-1
8.856667E1	4.744276E1	1.378142E-1
8.860000E1	4.747036E1	1.274832E-1
8.863333E1	4.747593E1	1.203721E-1
8.866667E1	4.748842E1	7.012552E-2
8.870000E1	4.749602E1	7.342730E-2
8.873333E1	4.750219E1	9.462180E-2
8.876667E1	4.750462E1	1.752920E-1
8.880000E1	4.749830E1	2.023869E-1
8.883333E1	4.747389E1	2.727696E-1
8.886667E1	4.748427E1	2.225266E-1
8.890000E1	4.748388E1	1.789846E-1
8.893333E1	4.747618E1	1.287973E-1
8.896667E1	4.747712E1	1.130070E-1
8.900000E1	4.754337E1	7.805798E-2
8.903333E1	4.761697E1	6.638485E-2
8.906667E1	4.764517E1	7.128275E-2
8.910000E1	4.768663E1	5.636946E-2
8.913333E1	4.769469E1	4.922201E-2
8.916667E1	4.772151E1	1.859297E-3
8.920000E1	4.773635E1	1.920177E-3
8.923333E1	4.773688E1	1.478513E-2
8.926667E1	4.775939E1	7.892272E-2
8.930000E1	4.775917E1	1.227240E-1
8.933333E1	4.773710E1	1.878197E-1
8.936667E1	4.775927E1	1.537546E-1
8.940000E1	4.775345E1	1.272052E-1
8.943333E1	4.775919E1	3.288215E-2
8.946667E1	4.775804E1	1.067320E-2
8.950000E1	4.779243E1	-8.023182E-3
8.953333E1	4.784323E1	-1.342685E-2
8.956667E1	4.788936E1	-8.392976E-3
8.960000E1	4.792327E1	-8.321208E-3
8.963333E1	4.791979E1	-1.404826E-2
8.966667E1	4.792018E1	-6.317006E-2
8.970000E1	4.792899E1	-7.089267E-2
8.973333E1	4.792992E1	-4.480213E-2
8.976667E1	4.792040E1	1.680117E-2
8.980000E1	4.791216E1	4.632240E-2
8.983333E1	4.787874E1	1.334993E-1
8.986667E1	4.786556E1	9.544298E-2
8.990000E1	4.784097E1	4.149151E-2
8.993333E1	4.781868E1	-8.719811E-3
8.996667E1	4.782090E1	-2.875827E-2
9.000000E1	4.785750E1	-4.647947E-2
9.003333E1	4.790173E1	-6.567453E-2
9.006667E1	4.792917E1	-6.382383E-2
9.010000E1	4.794058E1	-6.555557E-2
9.013333E1	4.792603E1	-7.300925E-2
9.016667E1	4.791400E1	-1.183492E-1
9.020000E1	4.791521E1	-1.266698E-1
9.023333E1	4.790582E1	-1.049789E-1
9.026667E1	4.789939E1	-4.175105E-2
9.030000E1	4.788878E1	3.726133E-3
9.033333E1	4.781949E1	6.923421E-2
9.036667E1	4.779264E1	4.711407E-2
9.040000E1	4.776839E1	1.078452E-2
9.043333E1	4.772836E1	-2.925048E-2
9.046667E1	4.770757E1	-5.492090E-2
9.050000E1	4.771832E1	-8.061072E-2
9.053333E1	4.775282E1	-8.596266E-2
9.056667E1	4.777476E1	-7.689828E-2
9.060000E1	4.778039E1	-7.511233E-2
9.063333E1	4.776685E1	-8.321802E-2
9.066667E1	4.774488E1	-1.245231E-1
9.070000E1	4.775054E1	-1.323875E-1
9.073333E1	4.774553E1	-1.133664E-1
9.076667E1	4.769491E1	-2.419897E-2
9.080000E1	4.768464E1	1.318778E-2
9.083333E1	4.760243E1	8.782319E-2
9.086667E1	4.757057E1	3.765501E-2
9.090000E1	4.753964E1	1.648950E-2
9.093333E1	4.748714E1	-2.422632E-2
9.096667E1	4.747320E1	-5.190924E-2
9.100000E1	4.748320E1	-8.072489E-2
9.103333E1	4.750243E1	-7.278324E-2
9.106667E1	4.750843E1	-6.929085E-2
9.110000E1	4.750270E1	-6.815103E-2
9.113333E1	4.748588E1	-7.481046E-2
9.116667E1	4.745652E1	-1.078309E-1
9.120000E1	4.745827E1	-9.369716E-2
9.123333E1	4.745250E1	-6.478692E-2
9.126667E1	4.741613E1	1.401422E-2
9.130000E1	4.738302E1	4.557225E-2
9.133333E1	4.729744E1	1.285893E-1
9.136667E1	4.726093E1	8.322436E-2
9.140000E1	4.723492E1	4.516392E-2
9.143333E1	4.718519E1	5.725709E-3
9.146667E1	4.716953E1	-2.786143E-2
9.150000E1	4.719380E1	-3.561998E-2
9.153333E1	4.721589E1	-2.098665E-2
9.156667E1	4.722087E1	-1.460249E-2
9.160000E1	4.721769E1	-1.169530E-2
9.163333E1	4.720091E1	-1.625588E-2
9.166667E1	4.718457E1	-6.322538E-2
9.170000E1	4.717707E1	-6.795059E-2
9.173333E1	4.717843E1	-4.918624E-2
9.176667E1	4.715233E1	3.074382E-2
9.180000E1	4.711387E1	5.758734E-2
9.183333E1	4.703512E1	1.228529E-1
9.186667E1	4.701746E1	7.785372E-2
9.190000E1	4.699584E1	3.583945E-2
9.193333E1	4.694650E1	-1.351969E-2
9.196667E1	4.694017E1	-2.353917E-2
9.200000E1	4.695861E1	-4.853385E-2
9.203333E1	4.700334E1	-5.572025E-2
9.206667E1	4.702206E1	-6.776607E-2
9.210000E1	4.704634E1	-6.774432E-2
9.213333E1	4.704456E1	-7.820273E-2
9.216667E1	4.703614E1	-1.225465E-1
9.220000E1	4.703778E1	-1.308812E-1
9.223333E1	4.703664E1	-1.081065E-1
9.226667E1	4.700825E1	-2.259774E-2
9.230000E1	4.698649E1	1.074720E-2
9.233333E1	4.691627E1	7.657120E-2
9.236667E1	4.690519E1	2.672982E-2
9.240000E1	4.688716E1	-1.088803E-2
9.243333E1	4.686501E1	-4.149851E-2
9.246667E1	4.684123E1	-7.906541E-2
9.250000E1	4.689074E1	-1.099449E-1
9.253333E1	4.694490E1	-1.155990E-1
9.256667E1	4.697810E1	-1.273561E-1
9.260000E1	4.702557E1	-1.336044E-1
9.263333E1	4.704045E1	-1.346296E-1
9.266667E1	4.704770E1	-1.568861E-1
9.270000E1	4.705985E1	-1.455866E-1
9.273333E1	4.706885E1	-1.235276E-1
9.276667E1	4.708516E1	-4.647398E-2
9.280000E1	4.707198E1	-1.619339E-2
9.283333E1	4.709420E1	2.653326E-2
9.286667E1	4.713123E1	1.192482E-2
9.290000E1	4.713745E1	-4.258480E-3
9.293333E1	4.715152E1	-2.149278E-2
