	masse A		
t	x	y	
0.000000E0	3.672148E1	-1.733319E0
1.679245E-2	3.672015E1	-1.732074E0
3.358490E-2	3.672091E1	-1.725207E0
5.037735E-2	3.671587E1	-1.798147E0
6.716980E-2	3.669824E1	-1.945654E0
8.396225E-2	3.665293E1	-2.178966E0
1.007547E-1	3.656771E1	-2.492537E0
1.175472E-1	3.643452E1	-2.898983E0
1.343396E-1	3.630161E1	-3.236543E0
1.511321E-1	3.616264E1	-3.539321E0
1.679245E-1	3.602866E1	-3.818180E0
1.847170E-1	3.588133E1	-4.114605E0
2.015094E-1	3.571632E1	-4.399387E0
2.183019E-1	3.553457E1	-4.685684E0
2.350943E-1	3.534576E1	-4.978198E0
2.518868E-1	3.516195E1	-5.248186E0
2.686792E-1	3.497482E1	-5.508538E0
2.854717E-1	3.480322E1	-5.750716E0
3.022641E-1	3.462301E1	-5.970737E0
3.190566E-1	3.445360E1	-6.183575E0
3.358490E-1	3.431283E1	-6.357861E0
3.526415E-1	3.420127E1	-6.494232E0
3.694339E-1	3.414196E1	-6.560489E0
3.862264E-1	3.415215E1	-6.581700E0
4.030188E-1	3.422048E1	-6.545517E0
4.198113E-1	3.433452E1	-6.446531E0
4.366037E-1	3.444222E1	-6.319823E0
4.533962E-1	3.456997E1	-6.162736E0
4.701886E-1	3.469037E1	-5.996991E0
4.869811E-1	3.478147E1	-5.807917E0
5.037735E-1	3.491030E1	-5.605932E0
5.205660E-1	3.503560E1	-5.405963E0
5.373584E-1	3.518119E1	-5.146651E0
5.541509E-1	3.535240E1	-4.863978E0
5.709433E-1	3.555564E1	-4.519213E0
5.877358E-1	3.574973E1	-4.171540E0
6.045282E-1	3.592101E1	-3.764253E0
6.213207E-1	3.609534E1	-3.357016E0
6.381131E-1	3.624098E1	-2.965453E0
6.549056E-1	3.637934E1	-2.486687E0
6.716980E-1	3.651222E1	-2.025851E0
6.884905E-1	3.660221E1	-1.532963E0
7.052829E-1	3.665860E1	-1.047349E0
7.220754E-1	3.666229E1	-5.444098E-1
7.388678E-1	3.657080E1	4.292773E-1
7.556603E-1	3.647507E1	8.283065E-1
7.724527E-1	3.617542E1	1.545269E0
7.892452E-1	3.599521E1	1.815019E0
8.060376E-1	3.583385E1	1.989392E0
8.228301E-1	3.569398E1	2.129153E0
8.396225E-1	3.552451E1	2.220412E0
8.564150E-1	3.530694E1	2.324501E0
8.732074E-1	3.508145E1	2.391099E0
8.899999E-1	3.487486E1	2.381003E0
9.067923E-1	3.471728E1	2.255288E0
9.235848E-1	3.462005E1	1.984917E0
9.403772E-1	3.454157E1	1.678803E0
9.571697E-1	3.448046E1	1.311956E0
9.739621E-1	3.441921E1	1.021162E0
9.907546E-1	3.433579E1	6.984604E-1
1.007547E0	3.427660E1	3.543784E-1
1.024339E0	3.429671E1	-8.776122E-2
1.041132E0	3.437467E1	-5.788165E-1
1.057924E0	3.446666E1	-1.162570E0
1.074717E0	3.455898E1	-1.782416E0
1.091509E0	3.463889E1	-2.408645E0
1.108302E0	3.467633E1	-3.006890E0
1.125094E0	3.468147E1	-3.597836E0
1.141887E0	3.464512E1	-4.300803E0
1.158679E0	3.459689E1	-4.800834E0
1.175472E0	3.450075E1	-5.376253E0
1.192264E0	3.438929E1	-6.093495E0
1.209056E0	3.420279E1	-6.647315E0
1.225849E0	3.394811E1	-7.196457E0
1.242641E0	3.368802E1	-7.687404E0
1.259434E0	3.340464E1	-8.077185E0
1.276226E0	3.310976E1	-8.449023E0
1.293019E0	3.278398E1	-8.749368E0
1.309811E0	3.243443E1	-9.019389E0
1.326604E0	3.212665E1	-9.202310E0
1.343396E0	3.184578E1	-9.329546E0
1.360188E0	3.161604E1	-9.472384E0
1.376981E0	3.148004E1	-9.551982E0
1.393773E0	3.144824E1	-9.565559E0
1.410566E0	3.146302E1	-9.518485E0
1.427358E0	3.146904E1	-9.428323E0
1.444151E0	3.144667E1	-9.292028E0
1.460943E0	3.138918E1	-9.148306E0
1.477736E0	3.133102E1	-8.973177E0
1.494528E0	3.125821E1	-8.793081E0
1.511321E0	3.124686E1	-8.569231E0
1.528113E0	3.135225E1	-8.271742E0
1.544905E0	3.151585E1	-7.918958E0
1.561698E0	3.180521E1	-7.511590E0
1.578490E0	3.206452E1	-7.056964E0
1.595283E0	3.232859E1	-6.579703E0
1.612075E0	3.251653E1	-6.134310E0
1.628868E0	3.270659E1	-5.693918E0
1.645660E0	3.286554E1	-5.243863E0
1.662453E0	3.303830E1	-4.797897E0
1.679245E0	3.317693E1	-4.350807E0
1.696037E0	3.331507E1	-3.946510E0
1.712830E0	3.341215E1	-3.586146E0
1.729622E0	3.353511E1	-3.154150E0
1.746415E0	3.363690E1	-2.702280E0
1.763207E0	3.371477E1	-2.258415E0
1.780000E0	3.376288E1	-1.808617E0
1.796792E0	3.378110E1	-1.362342E0
1.813585E0	3.376681E1	-9.181635E-1
1.830377E0	3.371714E1	-4.715337E-1
1.847170E0	3.363009E1	-2.373926E-2
1.863962E0	3.354124E1	3.610397E-1
1.880754E0	3.345411E1	5.995684E-1
1.897547E0	3.337202E1	7.311259E-1
1.914339E0	3.328148E1	8.221391E-1
1.931132E0	3.318691E1	8.954999E-1
1.947924E0	3.308927E1	9.484756E-1
1.964717E0	3.296729E1	9.754800E-1
1.981509E0	3.280018E1	1.001920E0
1.998302E0	3.261032E1	1.030186E0
2.015094E0	3.242318E1	1.026783E0
2.031886E0	3.226001E1	9.233588E-1
2.048679E0	3.223605E1	7.036113E-1
2.065471E0	3.228477E1	3.435401E-1
2.082264E0	3.238951E1	-1.519519E-1
2.099056E0	3.249963E1	-6.850378E-1
2.115849E0	3.265554E1	-1.267368E0
2.132641E0	3.277192E1	-1.936026E0
2.149434E0	3.290087E1	-2.526417E0
2.166226E0	3.299238E1	-3.083348E0
2.183019E0	3.304316E1	-3.628802E0
2.199811E0	3.308549E1	-4.108062E0
2.216603E0	3.312028E1	-4.528858E0
2.233396E0	3.311768E1	-4.921998E0
2.250188E0	3.309416E1	-5.361333E0
2.266981E0	3.304332E1	-5.808045E0
2.283773E0	3.297433E1	-6.218875E0
2.300566E0	3.286886E1	-6.598086E0
2.317358E0	3.275113E1	-6.929041E0
2.334151E0	3.261564E1	-7.282264E0
2.350943E0	3.247486E1	-7.602673E0
2.367735E0	3.234687E1	-7.901789E0
2.384528E0	3.225550E1	-8.135637E0
2.401320E0	3.221938E1	-8.336059E0
2.418113E0	3.223718E1	-8.478657E0
2.434905E0	3.227010E1	-8.554424E0
2.451698E0	3.228256E1	-8.540791E0
2.468490E0	3.227259E1	-8.476435E0
2.485283E0	3.222726E1	-8.406558E0
2.502075E0	3.214652E1	-8.347951E0
2.518868E0	3.204902E1	-8.324552E0
2.535660E0	3.205361E1	-8.210510E0
2.552452E0	3.213769E1	-8.011529E0
2.569245E0	3.232850E1	-7.731185E0
2.586037E0	3.255628E1	-7.414086E0
2.602830E0	3.280385E1	-7.090696E0
2.619622E0	3.305915E1	-6.707361E0
2.636415E0	3.327929E1	-6.303794E0
2.653207E0	3.354782E1	-5.919384E0
2.670000E0	3.381633E1	-5.516806E0
2.686792E0	3.408657E1	-5.127484E0
2.703584E0	3.434672E1	-4.760242E0
2.720377E0	3.457546E1	-4.416519E0
2.737169E0	3.479732E1	-4.054273E0
2.753962E0	3.498275E1	-3.691228E0
2.770754E0	3.517252E1	-3.284406E0
2.787547E0	3.534074E1	-2.874067E0
2.804339E0	3.547198E1	-2.499998E0
2.821132E0	3.557218E1	-2.125600E0
2.837924E0	3.565646E1	-1.695926E0
2.854717E0	3.571457E1	-1.303156E0
2.871509E0	3.575351E1	-9.797405E-1
2.888301E0	3.578902E1	-7.240102E-1
2.905094E0	3.582941E1	-5.162519E-1
2.921886E0	3.582511E1	-3.335761E-1
2.938679E0	3.581364E1	-1.795595E-1
2.955471E0	3.578347E1	-1.796753E-3
2.972264E0	3.570665E1	1.812776E-1
2.989056E0	3.559897E1	3.506090E-1
3.005849E0	3.546253E1	5.207016E-1
3.022641E0	3.529348E1	6.027653E-1
3.039433E0	3.515594E1	5.372580E-1
3.056226E0	3.512248E1	2.875591E-1
3.073018E0	3.518791E1	-6.679053E-2
3.089811E0	3.531355E1	-5.507366E-1
3.106603E0	3.548946E1	-1.084121E0
3.123396E0	3.569417E1	-1.641606E0
3.140188E0	3.589100E1	-2.244626E0
3.156981E0	3.607159E1	-2.822665E0
3.173773E0	3.622403E1	-3.447343E0
3.190566E0	3.632920E1	-3.985382E0
3.207358E0	3.644026E1	-4.464932E0
3.224150E0	3.652940E1	-4.886111E0
3.240943E0	3.659354E1	-5.301425E0
3.257735E0	3.664437E1	-5.663793E0
3.274528E0	3.666368E1	-6.018270E0
3.291320E0	3.666669E1	-6.381333E0
3.308113E0	3.664875E1	-6.748119E0
3.324905E0	3.659954E1	-7.105005E0
3.341698E0	3.653015E1	-7.434612E0
3.358490E0	3.645589E1	-7.747951E0
3.375282E0	3.637458E1	-8.053133E0
3.392075E0	3.633731E1	-8.288776E0
3.408867E0	3.629427E1	-8.489314E0
3.425660E0	3.628928E1	-8.595665E0
3.442452E0	3.629073E1	-8.646954E0
3.459245E0	3.625937E1	-8.652560E0
3.476037E0	3.618757E1	-8.661610E0
3.492830E0	3.606482E1	-8.662681E0
3.509622E0	3.589394E1	-8.685758E0
3.526415E0	3.572015E1	-8.678644E0
3.543207E0	3.566652E1	-8.549702E0
3.559999E0	3.575413E1	-8.290717E0
3.576792E0	3.592920E1	-7.961435E0
3.593584E0	3.611521E1	-7.616957E0
3.610377E0	3.635441E1	-7.212915E0
3.627169E0	3.659757E1	-6.804466E0
3.643962E0	3.689135E1	-6.321849E0
3.660754E0	3.718142E1	-5.823121E0
3.677547E0	3.745272E1	-5.343285E0
3.694339E0	3.769121E1	-4.897008E0
3.711131E0	3.790419E1	-4.458221E0
3.727924E0	3.807283E1	-4.057874E0
3.744716E0	3.821423E1	-3.688214E0
3.761509E0	3.834258E1	-3.333201E0
3.778301E0	3.844408E1	-2.948020E0
3.795094E0	3.852572E1	-2.554780E0
3.811886E0	3.856906E1	-2.148008E0
3.828679E0	3.857618E1	-1.767895E0
3.845471E0	3.856104E1	-1.411804E0
3.862264E0	3.852439E1	-1.124944E0
3.879056E0	3.850611E1	-8.899233E-1
3.895848E0	3.843154E1	-7.061400E-1
3.912641E0	3.835306E1	-5.739674E-1
3.929433E0	3.825496E1	-4.516811E-1
3.946226E0	3.812768E1	-3.305799E-1
3.963018E0	3.794787E1	-2.217062E-1
3.979811E0	3.775405E1	-1.624733E-1
3.996603E0	3.755508E1	-1.074797E-1
4.013396E0	3.733444E1	-1.026240E-1
4.030188E0	3.709894E1	-1.665847E-1
4.046980E0	3.693741E1	-3.983525E-1
4.063773E0	3.687178E1	-7.571964E-1
4.080565E0	3.690030E1	-1.249087E0
4.097358E0	3.700496E1	-1.839753E0
4.114150E0	3.711357E1	-2.501526E0
4.130943E0	3.724658E1	-3.140678E0
4.147735E0	3.736667E1	-3.791995E0
4.164528E0	3.745772E1	-4.446585E0
4.181320E0	3.750998E1	-5.107021E0
4.198113E0	3.753458E1	-5.652270E0
4.214905E0	3.751664E1	-6.121996E0
4.231697E0	3.747402E1	-6.536612E0
4.248490E0	3.741197E1	-6.975365E0
4.265282E0	3.729551E1	-7.394718E0
4.282075E0	3.715333E1	-7.778194E0
4.298867E0	3.699042E1	-8.153252E0
4.315660E0	3.680072E1	-8.470236E0
4.332452E0	3.657819E1	-8.783848E0
4.349245E0	3.635248E1	-9.050119E0
4.366037E0	3.613988E1	-9.259055E0
4.382829E0	3.592136E1	-9.439416E0
4.399622E0	3.577614E1	-9.499471E0
4.416414E0	3.566732E1	-9.524978E0
4.433207E0	3.557097E1	-9.497707E0
4.449999E0	3.543899E1	-9.453561E0
4.466792E0	3.529576E1	-9.353073E0
4.483584E0	3.509210E1	-9.222171E0
4.500377E0	3.490923E1	-9.048063E0
4.517169E0	3.473051E1	-8.855503E0
4.533962E0	3.461640E1	-8.605830E0
4.550754E0	3.461371E1	-8.238590E0
4.567546E0	3.471666E1	-7.820813E0
4.584339E0	3.488467E1	-7.319373E0
4.601131E0	3.507296E1	-6.790021E0
4.617924E0	3.529366E1	-6.233427E0
4.634716E0	3.555259E1	-5.588907E0
4.651509E0	3.578265E1	-5.012353E0
4.668301E0	3.596734E1	-4.485420E0
4.685094E0	3.615514E1	-3.923102E0
4.701886E0	3.630903E1	-3.377723E0
4.718678E0	3.643627E1	-2.889950E0
4.735471E0	3.653714E1	-2.428435E0
4.752263E0	3.661665E1	-1.987094E0
4.769056E0	3.665228E1	-1.506599E0
4.785848E0	3.664513E1	-1.070972E0
4.802641E0	3.661285E1	-6.401084E-1
4.819433E0	3.654259E1	-2.636539E-1
4.836226E0	3.642736E1	8.393573E-2
4.853018E0	3.627068E1	3.943924E-1
4.869811E0	3.610248E1	6.165027E-1
4.886603E0	3.593181E1	8.076204E-1
4.903395E0	3.578211E1	9.389827E-1
4.920188E0	3.557155E1	1.022252E0
4.936980E0	3.537101E1	1.070395E0
4.953773E0	3.515912E1	1.073745E0
4.970565E0	3.492512E1	1.029013E0
4.987358E0	3.474207E1	9.542556E-1
5.004150E0	3.442283E1	9.079897E-1
5.020943E0	3.397708E1	6.434343E-1
5.037735E0	3.387546E1	3.444963E-1
5.054527E0	3.389416E1	-8.913432E-2
5.071320E0	3.401731E1	-6.410308E-1
5.088112E0	3.420379E1	-1.274722E0
5.104905E0	3.441251E1	-1.950155E0
5.121697E0	3.460736E1	-2.717045E0
5.138490E0	3.481375E1	-3.402975E0
5.155282E0	3.494710E1	-4.002102E0
5.172075E0	3.507637E1	-4.710583E0
5.188867E0	3.511722E1	-5.332794E0
5.205660E0	3.515066E1	-5.953806E0
5.222452E0	3.514108E1	-6.467623E0
5.239244E0	3.509287E1	-6.900976E0
5.256037E0	3.504489E1	-7.310982E0
5.272829E0	3.495366E1	-7.677323E0
5.289622E0	3.482940E1	-8.129417E0
5.306414E0	3.462602E1	-8.502609E0
5.323207E0	3.441712E1	-8.882307E0
5.339999E0	3.421382E1	-9.197363E0
5.356792E0	3.399139E1	-9.486188E0
5.373584E0	3.380798E1	-9.740738E0
5.390376E0	3.370317E1	-9.898861E0
5.407169E0	3.372457E1	-9.934325E0
5.423961E0	3.369513E1	-9.922659E0
5.440754E0	3.365914E1	-9.828451E0
5.457546E0	3.357215E1	-9.707561E0
5.474339E0	3.343212E1	-9.581029E0
5.491131E0	3.325858E1	-9.468637E0
5.507924E0	3.306171E1	-9.410033E0
5.524716E0	3.294058E1	-9.273160E0
5.541509E0	3.296944E1	-9.015234E0
5.558301E0	3.314284E1	-8.624994E0
5.575093E0	3.337316E1	-8.175247E0
5.591886E0	3.363078E1	-7.670969E0
5.608678E0	3.390212E1	-7.096248E0
5.625471E0	3.416398E1	-6.588955E0
5.642263E0	3.448538E1	-5.934280E0
5.659056E0	3.474347E1	-5.348759E0
5.675848E0	3.496513E1	-4.807612E0
5.692641E0	3.517355E1	-4.330705E0
5.709433E0	3.534970E1	-3.893035E0
5.726225E0	3.552121E1	-3.459273E0
5.743018E0	3.565448E1	-3.037430E0
5.759810E0	3.576143E1	-2.615513E0
5.776603E0	3.581950E1	-2.200656E0
5.793395E0	3.587851E1	-1.783849E0
5.810188E0	3.591549E1	-1.341494E0
5.826980E0	3.589186E1	-9.235561E-1
5.843773E0	3.583850E1	-5.380362E-1
5.860565E0	3.573069E1	-1.350541E-1
5.877358E0	3.559564E1	2.185758E-1
5.894150E0	3.544766E1	5.175918E-1
5.910942E0	3.527072E1	7.392823E-1
5.927735E0	3.510062E1	8.724668E-1
5.944527E0	3.490020E1	9.965192E-1
5.961320E0	3.469737E1	1.068532E0
5.978112E0	3.442186E1	1.151940E0
5.994905E0	3.420510E1	1.159151E0
6.011697E0	3.392161E1	1.191598E0
6.028490E0	3.373645E1	1.111992E0
6.045282E0	3.366351E1	8.939442E-1
6.062075E0	3.371032E1	5.430213E-1
6.078867E0	3.387826E1	8.146788E-2
6.095659E0	3.413803E1	-4.503434E-1
6.112452E0	3.444895E1	-1.076170E0
6.129244E0	3.474630E1	-1.741478E0
6.146037E0	3.500437E1	-2.401328E0
6.162829E0	3.528731E1	-3.124696E0
6.179622E0	3.550488E1	-3.795927E0
6.196414E0	3.566018E1	-4.441367E0
6.213207E0	3.578985E1	-4.988126E0
6.229999E0	3.589007E1	-5.477764E0
6.246791E0	3.594912E1	-5.924918E0
6.263584E0	3.601911E1	-6.332341E0
6.280376E0	3.604254E1	-6.762222E0
6.297169E0	3.601645E1	-7.173522E0
6.313961E0	3.595811E1	-7.585010E0
6.330754E0	3.586060E1	-7.950438E0
6.347546E0	3.575789E1	-8.304834E0
6.364339E0	3.566061E1	-8.621364E0
6.381131E0	3.556736E1	-8.892206E0
6.397924E0	3.549957E1	-9.116726E0
6.414716E0	3.550664E1	-9.246468E0
6.431508E0	3.552239E1	-9.309948E0
6.448301E0	3.553752E1	-9.290305E0
6.465093E0	3.551529E1	-9.203499E0
6.481886E0	3.540014E1	-9.156567E0
6.498678E0	3.522063E1	-9.123637E0
6.515471E0	3.496000E1	-9.193688E0
6.532263E0	3.476601E1	-9.214806E0
6.549056E0	3.471412E1	-9.100062E0
