	masse A		
t	x	y	
0.000000E0	4.126843E1	2.469382E-1
1.794615E-2	4.126584E1	2.338365E-1
3.589231E-2	4.125840E1	2.268225E-1
5.383846E-2	4.125925E1	2.096347E-1
7.178462E-2	4.124459E1	1.960128E-1
8.973077E-2	4.122121E1	1.786429E-1
1.076769E-1	4.117610E1	1.483132E-1
1.256231E-1	4.112831E1	-3.392638E-2
1.435692E-1	4.104907E1	-3.355165E-1
1.615154E-1	4.095747E1	-7.073879E-1
1.794615E-1	4.083986E1	-1.078008E0
1.974077E-1	4.071651E1	-1.426224E0
2.153538E-1	4.057472E1	-1.766232E0
2.333000E-1	4.041686E1	-2.072743E0
2.512462E-1	4.026737E1	-2.378244E0
2.691923E-1	3.999154E1	-2.840727E0
2.871385E-1	3.997223E1	-2.844814E0
3.050846E-1	4.001322E1	-2.734479E0
3.230308E-1	4.009298E1	-2.507783E0
3.409769E-1	4.036449E1	-1.836961E0
3.589231E-1	4.048532E1	-1.455006E0
3.768692E-1	4.059249E1	-1.053309E0
3.948154E-1	4.068146E1	-6.543355E-1
4.127615E-1	4.073318E1	-2.636346E-1
4.307077E-1	4.076027E1	7.289562E-2
4.486538E-1	4.077797E1	3.516880E-1
4.666000E-1	4.076445E1	5.979272E-1
4.845462E-1	4.075598E1	8.650970E-1
5.024923E-1	4.071237E1	1.180507E0
5.204385E-1	4.064677E1	1.571157E0
5.383846E-1	4.054430E1	2.013052E0
5.563308E-1	4.037310E1	2.504332E0
5.742769E-1	4.021464E1	2.792795E0
5.922231E-1	4.015686E1	2.787618E0
6.101692E-1	4.014399E1	2.454380E0
6.281154E-1	4.019624E1	2.068003E0
6.460615E-1	4.026176E1	1.518724E0
6.640077E-1	4.030274E1	8.076302E-1
6.819538E-1	4.027218E1	1.516325E-1
6.999000E-1	4.015849E1	-5.244195E-1
7.178462E-1	4.002788E1	-1.097780E0
7.357923E-1	3.989281E1	-1.503897E0
7.537385E-1	3.958583E1	-2.152414E0
7.716846E-1	3.944842E1	-2.385039E0
7.896308E-1	3.936453E1	-2.451339E0
8.075769E-1	3.930942E1	-2.159225E0
8.255231E-1	3.930426E1	-1.890293E0
8.434692E-1	3.932743E1	-1.521838E0
8.614154E-1	3.935490E1	-1.143407E0
8.793615E-1	3.937734E1	-7.909205E-1
8.973077E-1	3.938876E1	-4.285135E-1
9.152538E-1	3.941491E1	2.744710E-3
9.332000E-1	3.942528E1	5.264927E-1
9.511462E-1	3.941311E1	1.111516E0
9.690923E-1	3.936002E1	1.718560E0
9.870385E-1	3.925162E1	2.392042E0
1.004985E0	3.906534E1	3.113665E0
1.022931E0	3.883916E1	3.724915E0
1.040877E0	3.855274E1	4.298532E0
1.058823E0	3.844797E1	4.407709E0
1.076769E0	3.843502E1	4.333000E0
1.094715E0	3.843389E1	4.215283E0
1.112662E0	3.844889E1	3.974877E0
1.130608E0	3.850539E1	3.635371E0
1.148554E0	3.867761E1	2.544337E0
1.166500E0	3.873628E1	1.876641E0
1.184446E0	3.874801E1	1.115337E0
1.202392E0	3.868347E1	4.284244E-1
1.220338E0	3.852576E1	-2.199142E-1
1.238285E0	3.835706E1	-6.916569E-1
1.256231E0	3.816503E1	-1.000923E0
1.274177E0	3.797963E1	-1.222088E0
1.292123E0	3.786558E1	-1.285013E0
1.310069E0	3.779018E1	-1.233492E0
1.328015E0	3.764379E1	-8.508155E-1
1.345962E0	3.760607E1	-5.244152E-1
1.363908E0	3.755589E1	-1.658212E-1
1.381854E0	3.749452E1	1.776413E-1
1.399800E0	3.742612E1	5.494306E-1
1.417746E0	3.737552E1	1.021918E0
1.435692E0	3.731463E1	1.538036E0
1.453638E0	3.726946E1	2.173484E0
1.471585E0	3.715216E1	2.773452E0
1.489531E0	3.698366E1	3.465932E0
1.507477E0	3.675074E1	4.150793E0
1.525423E0	3.642056E1	4.846900E0
1.543369E0	3.609298E1	5.381855E0
1.561315E0	3.595941E1	5.435811E0
1.579262E0	3.592852E1	5.319311E0
1.597208E0	3.593109E1	5.099568E0
1.615154E0	3.596594E1	4.753293E0
1.633100E0	3.602435E1	4.319363E0
1.651046E0	3.612354E1	3.773948E0
1.668992E0	3.617648E1	3.059160E0
1.686938E0	3.618256E1	2.371887E0
1.704885E0	3.610392E1	1.699611E0
1.722831E0	3.597682E1	1.093447E0
1.740777E0	3.581866E1	6.864550E-1
1.758723E0	3.563490E1	4.333185E-1
1.776669E0	3.547717E1	2.427955E-1
1.794615E0	3.538008E1	2.097798E-1
1.812562E0	3.530353E1	2.929201E-1
1.830508E0	3.523801E1	5.004262E-1
1.848454E0	3.518227E1	7.592570E-1
1.866400E0	3.506978E1	1.470409E0
1.884346E0	3.498939E1	1.829162E0
1.902292E0	3.490059E1	2.195130E0
1.920238E0	3.479159E1	2.658411E0
1.938185E0	3.463625E1	3.206560E0
1.956131E0	3.451307E1	3.729856E0
1.974077E0	3.424316E1	4.379842E0
1.992023E0	3.392315E1	5.008560E0
2.009969E0	3.347936E1	5.621459E0
2.027915E0	3.298998E1	6.137931E0
2.045862E0	3.254936E1	6.509171E0
2.063808E0	3.243487E1	6.468709E0
2.081754E0	3.244065E1	6.256424E0
2.099700E0	3.247279E1	6.012059E0
2.117646E0	3.251843E1	5.689203E0
2.135592E0	3.263093E1	5.270367E0
2.153538E0		
2.171485E0	3.309059E1	3.448490E0
2.189431E0	3.320285E1	1.863908E0
2.207377E0	3.307519E1	9.706274E-1
2.225323E0	3.294085E1	3.720501E-1
2.243269E0	3.275838E1	-1.069516E-1
2.261215E0	3.259798E1	-4.715752E-1
2.279162E0	3.247342E1	-6.701511E-1
2.297108E0	3.238223E1	-7.015524E-1
2.315054E0	3.227330E1	-6.437323E-1
2.333000E0	3.222426E1	-4.619301E-1
2.350946E0	3.219155E1	-1.924789E-1
2.368892E0	3.217203E1	9.126989E-2
2.386838E0	3.211843E1	4.026129E-1
2.404785E0	3.207646E1	7.769901E-1
2.422731E0	3.206851E1	1.218015E0
2.440677E0	3.204735E1	1.724697E0
2.458623E0	3.200476E1	2.317823E0
2.476569E0	3.189747E1	2.960251E0
2.494515E0	3.179452E1	3.559405E0
2.512462E0	3.159746E1	4.243868E0
2.530408E0	3.138447E1	4.925820E0
2.548354E0	3.122227E1	5.318254E0
2.566300E0	3.124427E1	5.372059E0
2.584246E0	3.133277E1	5.305087E0
2.602192E0	3.144478E1	5.155902E0
2.620138E0	3.158961E1	4.918162E0
2.638085E0	3.175010E1	4.566210E0
2.656031E0	3.191940E1	4.151225E0
2.673977E0	3.224508E1	3.035430E0
2.691923E0	3.231409E1	2.386502E0
2.709869E0	3.229411E1	1.665423E0
2.727815E0	3.220427E1	9.264250E-1
2.745762E0	3.208573E1	3.727753E-1
2.763708E0	3.203412E1	8.158337E-2
2.781654E0	3.197790E1	-5.521056E-2
2.799600E0	3.204030E1	-5.939035E-2
2.817546E0	3.220805E1	5.517930E-2
2.835492E0	3.243882E1	6.230297E-1
2.853438E0	3.262001E1	1.030145E0
2.871385E0	3.277942E1	1.445733E0
2.889331E0	3.292741E1	1.849780E0
2.907277E0	3.307096E1	2.285991E0
2.925223E0	3.320455E1	2.694490E0
2.943169E0	3.330808E1	3.142639E0
2.961115E0	3.339483E1	3.649866E0
2.979062E0	3.346455E1	4.285953E0
2.997008E0	3.345383E1	4.968969E0
3.014954E0	3.339045E1	5.684343E0
3.032900E0	3.325826E1	6.369995E0
3.050846E0	3.304291E1	6.888625E0
3.068792E0	3.304792E1	7.001257E0
3.086738E0	3.325831E1	7.027634E0
3.104685E0	3.338219E1	6.962834E0
3.122631E0	3.353213E1	6.845661E0
3.140577E0	3.374996E1	6.583671E0
3.158523E0	3.401505E1	6.161976E0
3.176469E0	3.429629E1	5.671682E0
3.194415E0	3.454861E1	5.060371E0
3.212362E0	3.466700E1	4.403541E0
3.230308E0	3.465329E1	3.771728E0
3.248254E0	3.469469E1	3.330132E0
3.266200E0	3.471002E1	2.986453E0
3.284146E0	3.474884E1	2.697416E0
3.302092E0	3.472794E1	2.604875E0
3.320038E0	3.461014E1	2.662021E0
3.337985E0	3.451301E1	2.846268E0
3.355931E0	3.455734E1	3.136218E0
3.373877E0	3.466169E1	3.473586E0
3.391823E0	3.478985E1	3.784274E0
3.409769E0	3.495768E1	4.090763E0
3.427715E0	3.508572E1	4.586317E0
3.445662E0	3.519926E1	5.255204E0
3.463608E0	3.533440E1	6.379267E0
3.481554E0	3.534250E1	7.074875E0
3.499500E0	3.529678E1	7.924310E0
