	masse A		
t	x	y	
0.000000E0	-8.054921E-3	8.054921E-3
3.333333E-2	-1.026095E-2	7.803280E-3
6.666667E-2	-1.417331E-2	6.431913E-3
1.000000E-1	-2.137046E-2	6.156937E-3
1.333333E-1	-2.677435E-2	5.585541E-3
1.666667E-1	-4.040718E-2	7.423360E-3
2.000000E-1	-1.310115E-1	-8.629148E-3
2.333333E-1	-1.613432E-1	2.209232E-4
2.666667E-1	-2.773038E-1	-1.784962E-2
3.000000E-1	-3.283431E-1	-1.633927E-2
3.333333E-1	-4.355862E-1	-4.173191E-2
3.666667E-1	-5.843721E-1	-1.121867E-1
4.000000E-1	-6.129434E-1	-1.260208E-1
4.333333E-1	-6.839129E-1	-1.446075E-1
4.666667E-1	-7.089902E-1	-1.484515E-1
5.000000E-1	-7.238262E-1	-1.546031E-1
5.333333E-1	-7.093227E-1	-1.609760E-1
5.666667E-1	-6.991717E-1	-1.577796E-1
6.000000E-1	-6.557376E-1	-1.400711E-1
6.333333E-1	-6.160494E-1	-1.302002E-1
6.666667E-1	-5.503252E-1	-1.285151E-1
7.000000E-1	-4.476768E-1	-1.133650E-1
7.333333E-1	-4.197639E-1	-1.208167E-1
7.666667E-1	-3.192810E-1	-1.074328E-1
8.000000E-1	-2.390923E-1	-8.830361E-2
8.333333E-1	-1.449214E-1	-5.377685E-2
8.666667E-1	9.357009E-3	-1.960655E-2
9.000000E-1	6.325300E-2	3.093927E-3
9.333333E-1	2.043811E-1	1.445901E-2
9.666667E-1	2.902924E-1	2.198974E-2
1.000000E0	4.078464E-1	2.576776E-2
1.033333E0	5.800839E-1	2.182150E-2
1.066667E0	6.339996E-1	1.664521E-2
1.100000E0	7.888506E-1	1.172330E-2
1.133333E0	8.732053E-1	1.051223E-2
1.166667E0	9.671618E-1	6.582436E-3
1.200000E0	1.085801E0	6.262893E-3
1.233333E0	1.108044E0	6.651504E-3
1.266667E0	1.181532E0	9.212855E-3
1.300000E0	1.207951E0	1.419107E-2
1.333333E0	1.253710E0	1.619261E-2
1.366667E0	1.299483E0	2.010338E-2
1.400000E0	1.307863E0	1.635111E-2
1.433333E0	1.339945E0	1.652736E-2
1.466667E0	1.374975E0	1.422983E-2
1.500000E0	1.390348E0	1.179256E-2
1.533333E0	1.400716E0	1.080227E-3
1.566667E0	1.392042E0	1.593190E-3
1.600000E0	1.387124E0	-1.642910E-3
1.633333E0	1.378621E0	1.661190E-5
1.666667E0	1.365255E0	-1.165070E-2
1.700000E0	1.335957E0	-9.832457E-3
1.733333E0	1.331256E0	-3.747431E-3
1.766667E0	1.266931E0	-9.959863E-3
1.800000E0	1.239766E0	-1.817832E-2
1.833333E0	1.179148E0	-1.439729E-2
1.866667E0	1.045465E0	-1.819177E-2
1.900000E0	1.019755E0	-1.360232E-2
1.933333E0	9.032891E-1	-1.382760E-2
1.966667E0	8.265090E-1	-4.458434E-2
2.000000E0	7.437633E-1	-1.068817E-1
2.033333E0	6.371766E-1	-1.577033E-1
2.066667E0	6.171672E-1	-1.574788E-1
2.100000E0	5.700936E-1	-1.746623E-1
2.133333E0	5.599900E-1	-2.169097E-1
2.166667E0	5.481642E-1	-2.287518E-1
2.200000E0	5.555171E-1	-2.357517E-1
2.233333E0	5.669341E-1	-2.309855E-1
2.266667E0	5.824977E-1	-2.323020E-1
2.300000E0	5.907474E-1	-2.282049E-1
2.333333E0	6.207927E-1	-2.213676E-1
2.366667E0	6.995745E-1	-2.143594E-1
2.400000E0	7.268881E-1	-2.092901E-1
2.433333E0	8.061535E-1	-2.057882E-1
2.466667E0	8.504166E-1	-1.900869E-1
2.500000E0	9.192203E-1	-1.829180E-1
2.533333E0	1.053523E0	-1.730078E-1
2.566667E0	1.107131E0	-1.898221E-1
2.600000E0	1.218064E0	-1.855767E-1
2.633333E0	1.297892E0	-1.769157E-1
2.666667E0	1.402871E0	-1.424050E-1
2.700000E0	1.570613E0	-8.536246E-2
2.733333E0	1.611650E0	-6.880435E-2
2.766667E0	1.708947E0	-4.344827E-2
2.800000E0	1.769070E0	-2.899307E-2
2.833333E0	1.878911E0	-2.727197E-2
2.866667E0	1.970303E0	8.435607E-3
2.900000E0	1.979185E0	1.295566E-2
2.933333E0	2.011847E0	2.957621E-2
2.966667E0	2.035468E0	3.257563E-2
3.000000E0	2.040999E0	3.667189E-2
3.033333E0	2.062070E0	5.232428E-2
3.066667E0	2.082001E0	7.120388E-2
3.100000E0	2.093592E0	7.621730E-2
3.133333E0	2.094241E0	7.956466E-2
3.166667E0	2.092449E0	7.872644E-2
3.200000E0	2.088567E0	7.066873E-2
3.233333E0	2.088711E0	7.344856E-2
3.266667E0	2.079122E0	6.827747E-2
3.300000E0	2.070163E0	6.876799E-2
3.333333E0	2.057255E0	6.301393E-2
3.366667E0	1.987798E0	3.079335E-2
3.400000E0	1.977832E0	7.795381E-4
3.433333E0	1.922149E0	-1.353533E-2
3.466667E0	1.871179E0	-3.057698E-2
3.500000E0	1.811434E0	-7.801055E-2
3.533333E0	1.690716E0	-1.126192E-1
3.566667E0	1.661520E0	-1.386256E-1
3.600000E0	1.556292E0	-1.538097E-1
3.633333E0	1.510822E0	-1.667920E-1
3.666667E0	1.435078E0	-1.915190E-1
3.700000E0	1.321849E0	-2.760196E-1
3.733333E0	1.285062E0	-2.886818E-1
3.766667E0	1.242465E0	-3.085410E-1
3.800000E0	1.216145E0	-3.159793E-1
3.833333E0	1.221742E0	-3.126125E-1
3.866667E0	1.222069E0	-3.205800E-1
3.900000E0	1.234139E0	-3.401480E-1
3.933333E0	1.259057E0	-3.512981E-1
3.966667E0	1.301570E0	-3.528371E-1
4.000000E0	1.338586E0	-3.466311E-1
4.033333E0	1.437043E0	-3.327515E-1
4.066667E0	1.473297E0	-3.283569E-1
4.100000E0	1.577019E0	-3.180725E-1
4.133333E0	1.622145E0	-3.129195E-1
4.166667E0	1.738412E0	-2.663391E-1
4.200000E0	1.875923E0	-2.225221E-1
4.233333E0	1.934086E0	-2.028202E-1
4.266667E0	2.074636E0	-1.860211E-1
4.300000E0	2.171049E0	-1.710465E-1
4.333333E0	2.276132E0	-1.214310E-1
4.366667E0	2.456140E0	-8.208049E-2
4.400000E0	2.499216E0	-5.477084E-2
4.433333E0	2.637721E0	-4.553046E-2
4.466667E0	2.725585E0	-1.917882E-2
4.500000E0	2.815423E0	1.360051E-2
4.533333E0	2.929474E0	3.773351E-2
4.566667E0	2.964720E0	2.613838E-2
4.600000E0	3.036697E0	2.946074E-2
4.633333E0	3.063635E0	2.683542E-2
4.666667E0	3.104350E0	3.356971E-2
4.700000E0	3.151520E0	3.608547E-2
4.733333E0	3.178934E0	2.715233E-2
4.766667E0	3.197039E0	2.063415E-2
4.800000E0	3.200984E0	1.569277E-2
4.833333E0	3.209209E0	1.289804E-2
4.866667E0	3.215830E0	8.357039E-3
4.900000E0	3.232563E0	6.152031E-3
4.933333E0	3.237906E0	-1.463535E-3
4.966667E0	3.237947E0	-3.770196E-3
5.000000E0	3.228234E0	-8.900147E-3
5.033333E0	3.189343E0	-2.289390E-2
5.066667E0	3.165027E0	-1.617062E-2
5.100000E0	3.117192E0	-2.285945E-2
5.133333E0	3.082617E0	-2.133168E-2
5.166667E0	3.038392E0	-2.766541E-2
5.200000E0	2.908422E0	-6.477996E-2
5.233333E0	2.875629E0	-6.790293E-2
5.266667E0	2.793775E0	-8.644410E-2
5.300000E0	2.713654E0	-1.169723E-1
5.333333E0	2.648332E0	-1.531937E-1
5.366667E0	2.557548E0	-2.058349E-1
5.400000E0	2.533124E0	-2.211144E-1
5.433333E0	2.511628E0	-2.397025E-1
5.466667E0	2.492914E0	-2.462988E-1
5.500000E0	2.513438E0	-2.843397E-1
5.533333E0	2.529660E0	-3.043751E-1
5.566667E0	2.543204E0	-2.982637E-1
5.600000E0	2.570565E0	-2.938445E-1
5.633333E0	2.609826E0	-2.923195E-1
5.666667E0	2.640946E0	-2.831035E-1
5.700000E0	2.728461E0	-2.689983E-1
5.733333E0	2.757008E0	-2.697493E-1
5.766667E0	2.841641E0	-2.613124E-1
5.800000E0	2.898135E0	-2.405470E-1
5.833333E0	2.984236E0	-2.069057E-1
5.866667E0	3.129319E0	-1.869261E-1
5.900000E0	3.167858E0	-1.816485E-1
5.933333E0	3.304580E0	-1.812128E-1
5.966667E0	3.385674E0	-1.614251E-1
6.000000E0	3.495712E0	-1.258635E-1
6.033333E0	3.633451E0	-9.088123E-2
6.066667E0	3.675611E0	-6.400282E-2
6.100000E0	3.803059E0	-5.020982E-2
6.133333E0	3.865885E0	-4.363378E-2
6.166667E0	3.958848E0	-4.783249E-2
6.200000E0	4.062445E0	-4.936579E-2
6.233333E0	4.079918E0	-4.826144E-2
6.266667E0	4.149176E0	-4.768830E-2
6.300000E0	4.164579E0	-3.858954E-2
6.333333E0	4.171120E0	-7.932104E-3
6.366667E0	4.204884E0	1.249939E-2
6.400000E0	4.204646E0	1.257283E-2
6.433333E0	4.218854E0	9.637109E-3
6.466667E0	4.214239E0	9.308645E-3
6.500000E0	4.213771E0	6.142040E-3
6.533333E0	4.207903E0	4.938094E-3
6.566667E0	4.197233E0	2.279022E-3
6.600000E0	4.187999E0	-2.162261E-3
6.633333E0	4.179010E0	-2.627179E-3
6.666667E0	4.161496E0	-4.580508E-3
6.700000E0	4.109019E0	-2.106769E-2
6.733333E0	4.091830E0	-1.344575E-2
6.766667E0	4.043145E0	-2.179285E-2
6.800000E0	3.988117E0	-3.918492E-2
6.833333E0	3.920958E0	-7.692737E-2
6.866667E0	3.801400E0	-9.631178E-2
6.900000E0	3.764117E0	-1.017949E-1
6.933333E0	3.664656E0	-1.393954E-1
6.966667E0	3.615526E0	-1.697081E-1
7.000000E0	3.522521E0	-1.986466E-1
7.033333E0	3.443714E0	-2.547804E-1
7.066667E0	3.442225E0	-2.849926E-1
7.100000E0	3.422010E0	-3.082437E-1
7.133333E0	3.405127E0	-3.187434E-1
7.166667E0	3.409926E0	-3.564444E-1
7.200000E0	3.423649E0	-3.681278E-1
7.233333E0	3.427331E0	-3.696583E-1
7.266667E0	3.476351E0	-3.727717E-1
7.300000E0	3.498803E0	-3.718258E-1
7.333333E0	3.540460E0	-3.634391E-1
7.366667E0	3.632906E0	-3.517701E-1
7.400000E0	3.671081E0	-3.481477E-1
7.433333E0	3.796729E0	-3.323949E-1
7.466667E0	3.846929E0	-3.287707E-1
7.500000E0	3.943672E0	-3.235825E-1
7.533333E0	4.130687E0	-3.120264E-1
7.566667E0	4.203429E0	-2.898434E-1
7.600000E0	4.349644E0	-2.722596E-1
7.633333E0	4.440237E0	-2.574254E-1
7.666667E0	4.594599E0	-2.353789E-1
7.700000E0	4.773804E0	-1.757908E-1
7.733333E0	4.797632E0	-1.878783E-1
7.766667E0	4.910987E0	-1.902638E-1
7.800000E0	5.043236E0	-1.509635E-1
7.833333E0	5.138891E0	-1.260474E-1
7.866667E0	5.259515E0	-1.106536E-1
7.900000E0	5.300258E0	-1.186289E-1
7.933333E0	5.361105E0	-1.171714E-1
7.966667E0	5.395176E0	-1.095762E-1
8.000000E0	5.449513E0	-1.129984E-1
8.033333E0	5.502045E0	-1.078470E-1
8.066667E0	5.513464E0	-1.215360E-1
8.100000E0	5.548404E0	-1.282142E-1
8.133333E0	5.575321E0	-1.313310E-1
8.166667E0	5.601904E0	-1.325664E-1
8.200000E0	5.647808E0	-1.453003E-1
8.233333E0	5.648702E0	-1.461997E-1
8.266667E0	5.655900E0	-1.510065E-1
8.300000E0	5.653261E0	-1.520729E-1
8.333333E0	5.640522E0	-1.539919E-1
8.366667E0	5.632433E0	-1.579035E-1
8.400000E0	5.621321E0	-1.579963E-1
8.433333E0	5.598628E0	-1.628736E-1
8.466667E0	5.596658E0	-1.708161E-1
8.500000E0	5.507240E0	-2.011616E-1
8.533333E0	5.464287E0	-2.382813E-1
8.566667E0	5.445002E0	-2.416435E-1
8.600000E0	5.353470E0	-2.397472E-1
8.633333E0	5.317768E0	-2.540589E-1
8.666667E0	5.215008E0	-3.186872E-1
8.700000E0	5.165495E0	-3.843364E-1
8.733333E0	5.180056E0	-3.898977E-1
8.766667E0	5.150681E0	-4.478647E-1
8.800000E0	5.142057E0	-4.475452E-1
8.833333E0	5.155474E0	-4.705889E-1
8.866667E0	5.170348E0	-4.933519E-1
8.900000E0	5.209477E0	-5.012296E-1
8.933333E0	5.263359E0	-5.103547E-1
8.966667E0	5.282580E0	-5.080845E-1
9.000000E0	5.362016E0	-4.983829E-1
9.033333E0	5.423341E0	-4.848200E-1
9.066667E0	5.469953E0	-4.778549E-1
9.100000E0	5.554449E0	-4.626344E-1
9.133333E0	5.569190E0	-4.411627E-1
9.166667E0	5.725838E0	-3.976358E-1
9.200000E0	5.849048E0	-3.963510E-1
9.233333E0	5.985999E0	-3.639791E-1
9.266667E0	6.121436E0	-3.373210E-1
9.300000E0	6.159046E0	-3.343585E-1
9.333333E0	6.368046E0	-2.956504E-1
9.366667E0	6.477050E0	-2.440531E-1
9.400000E0	6.562889E0	-2.116420E-1
9.433333E0	6.699759E0	-1.919995E-1
9.466667E0	6.749332E0	-1.844169E-1
9.500000E0	6.875833E0	-1.747165E-1
9.533333E0	6.977940E0	-1.500440E-1
9.566667E0	7.026247E0	-1.394009E-1
9.600000E0	7.117976E0	-1.079314E-1
9.633333E0	7.153222E0	-1.108128E-1
9.666667E0	7.265872E0	-8.745334E-2
9.700000E0	7.309953E0	-7.146773E-2
9.733333E0	7.326379E0	-6.657366E-2
9.766667E0	7.385371E0	-5.884952E-2
9.800000E0	7.397657E0	-6.192571E-2
9.833333E0	7.438340E0	-6.150154E-2
9.866667E0	7.467871E0	-7.245476E-2
9.900000E0	7.474110E0	-7.527938E-2
9.933333E0	7.491527E0	-7.665624E-2
9.966667E0	7.506457E0	-7.465240E-2
1.000000E1	7.524194E0	-8.699460E-2
1.003333E1	7.517100E0	-9.188796E-2
1.006667E1	7.507701E0	-8.800237E-2
1.010000E1	7.496446E0	-9.520836E-2
1.013333E1	7.496240E0	-9.598870E-2
1.016667E1	7.456085E0	-1.333976E-1
1.020000E1	7.404098E0	-1.690983E-1
1.023333E1	7.380088E0	-1.720078E-1
1.026667E1	7.312317E0	-1.705195E-1
1.030000E1	7.252760E0	-1.894634E-1
1.033333E1	7.167090E0	-2.700971E-1
1.036667E1	7.114971E0	-3.090187E-1
1.040000E1	7.096671E0	-3.162382E-1
1.043333E1	7.078129E0	-3.402884E-1
1.046667E1	7.082636E0	-3.638413E-1
1.050000E1	7.097381E0	-3.831509E-1
1.053333E1	7.109325E0	-3.788712E-1
1.056667E1	7.130192E0	-3.789735E-1
1.060000E1	7.193983E0	-3.729581E-1
1.063333E1	7.230459E0	-3.668460E-1
1.066667E1	7.304104E0	-3.555843E-1
1.070000E1	7.368604E0	-3.447770E-1
1.073333E1	7.416807E0	-3.380056E-1
1.076667E1	7.524589E0	-3.305140E-1
1.080000E1	7.561436E0	-3.216905E-1
1.083333E1	7.707010E0	-2.984927E-1
1.086667E1	7.823294E0	-2.649594E-1
1.090000E1	7.890950E0	-2.543647E-1
1.093333E1	8.011581E0	-2.539248E-1
1.096667E1	8.083873E0	-2.392649E-1
1.100000E1	8.264490E0	-1.855768E-1
1.103333E1	8.354414E0	-1.602034E-1
1.106667E1	8.426304E0	-1.307515E-1
1.110000E1	8.544087E0	-1.231842E-1
1.113333E1	8.563745E0	-1.125434E-1
1.116667E1	8.713788E0	-9.027003E-2
1.120000E1	8.784824E0	-4.969001E-2
1.123333E1	8.832654E0	-4.701207E-2
1.126667E1	8.890899E0	-3.691028E-2
1.130000E1	8.906046E0	-4.362726E-2
1.133333E1	8.964010E0	-2.098854E-2
1.136667E1	8.980456E0	7.031533E-3
1.140000E1	8.984277E0	7.617607E-3
1.143333E1	8.994952E0	7.182170E-3
1.146667E1	8.986359E0	8.568489E-3
1.150000E1	8.990215E0	4.696072E-3
1.153333E1	8.981605E0	2.084673E-3
1.156667E1	8.975654E0	2.197221E-4
1.160000E1	8.969253E0	-4.944416E-3
1.163333E1	8.964744E0	-3.133500E-3
1.166667E1	8.938856E0	-1.500090E-2
1.170000E1	8.916137E0	-2.453141E-2
1.173333E1	8.879741E0	-2.046341E-2
1.176667E1	8.815154E0	-4.140912E-2
1.180000E1	8.798045E0	-6.267898E-2
1.183333E1	8.707800E0	-9.288289E-2
1.186667E1	8.667533E0	-9.547772E-2
1.190000E1	8.638755E0	-8.507786E-2
1.193333E1	8.534926E0	-8.695569E-2
1.196667E1	8.506911E0	-9.362476E-2
1.200000E1	8.383339E0	-1.518858E-1
1.203333E1	8.319925E0	-1.762357E-1
1.206667E1	8.267981E0	-2.107135E-1
1.210000E1	8.225082E0	-2.361832E-1
1.213333E1	8.222709E0	-2.332658E-1
1.216667E1	8.228657E0	-2.405844E-1
1.220000E1	8.237198E0	-2.294255E-1
1.223333E1	8.247027E0	-2.233401E-1
1.226667E1	8.261301E0	-2.220914E-1
1.230000E1	8.261154E0	-2.191152E-1
1.233333E1	8.313387E0	-2.063037E-1
1.236667E1	8.353545E0	-1.956024E-1
1.240000E1	8.389399E0	-1.858227E-1
1.243333E1	8.451094E0	-1.807889E-1
1.246667E1	8.504607E0	-1.686929E-1
1.250000E1	8.606333E0	-1.229402E-1
1.253333E1	8.688952E0	-1.060011E-1
1.256667E1	8.776067E0	-9.038668E-2
1.260000E1	8.869854E0	-5.021475E-2
1.263333E1	8.918531E0	-5.426558E-2
1.266667E1	9.057298E0	-3.879958E-2
1.270000E1	9.146204E0	-1.130006E-2
1.273333E1	9.202352E0	-9.362565E-3
1.276667E1	9.290747E0	2.340979E-2
1.280000E1	9.327030E0	1.766858E-2
1.283333E1	9.422088E0	2.799329E-2
1.286667E1	9.468648E0	3.073086E-2
1.290000E1	9.486048E0	2.780350E-2
1.293333E1	9.530644E0	3.927307E-2
1.296667E1	9.548340E0	3.265870E-2
1.300000E1	9.570043E0	3.893133E-2
1.303333E1	9.564491E0	3.148656E-2
1.306667E1	9.562518E0	2.669362E-2
1.310000E1	9.565765E0	2.197552E-2
1.313333E1	9.556935E0	1.769376E-2
1.316667E1	9.558410E0	8.550147E-3
1.320000E1	9.554486E0	2.020826E-3
1.323333E1	9.547431E0	1.026049E-3
1.326667E1	9.539884E0	-5.212035E-3
1.330000E1	9.538198E0	-2.316395E-3
1.333333E1	9.523569E0	-1.513518E-2
1.336667E1	9.510611E0	-1.887588E-2
1.340000E1	9.507889E0	-1.435442E-2
1.343333E1	9.439090E0	-4.495855E-2
1.346667E1	9.441280E0	-6.883032E-2
1.350000E1	9.386931E0	-1.121014E-1
1.353333E1	9.354069E0	-1.463921E-1
1.356667E1	9.312800E0	-1.566523E-1
1.360000E1	9.211961E0	-1.714868E-1
1.363333E1	9.180260E0	-1.690262E-1
1.366667E1	9.057094E0	-2.565652E-1
1.370000E1	9.004489E0	-2.956852E-1
1.373333E1	9.001866E0	-3.085791E-1
1.376667E1	8.982937E0	-3.447269E-1
1.380000E1	8.975356E0	-3.678759E-1
1.383333E1	8.995438E0	-3.953726E-1
1.386667E1	8.995375E0	-4.302078E-1
1.390000E1	9.018923E0	-4.339099E-1
1.393333E1	9.067501E0	-4.432270E-1
1.396667E1	9.068963E0	-4.441416E-1
1.400000E1	9.169206E0	-4.314368E-1
1.403333E1	9.244378E0	-4.236024E-1
1.406667E1	9.290481E0	-4.140176E-1
1.410000E1	9.407621E0	-4.108342E-1
1.413333E1	9.432705E0	-3.982897E-1
1.416667E1	9.614702E0	-3.840846E-1
1.420000E1	9.732993E0	-3.506683E-1
1.423333E1	9.839750E0	-3.358697E-1
1.426667E1	9.969035E0	-3.244499E-1
1.430000E1	1.000601E1	-3.275206E-1
1.433333E1	1.020516E1	-2.962413E-1
1.436667E1	1.030580E1	-2.644960E-1
1.440000E1	1.036841E1	-2.698705E-1
1.443333E1	1.049426E1	-2.604940E-1
1.446667E1	1.052012E1	-2.454544E-1
1.450000E1	1.069167E1	-2.380790E-1
1.453333E1	1.077245E1	-2.073857E-1
1.456667E1	1.082506E1	-1.905267E-1
1.460000E1	1.092744E1	-1.925594E-1
1.463333E1	1.095171E1	-1.846005E-1
1.466667E1	1.106875E1	-1.715220E-1
1.470000E1	1.111961E1	-1.429679E-1
1.473333E1	1.115598E1	-1.424083E-1
1.476667E1	1.120540E1	-1.353937E-1
1.480000E1	1.122165E1	-1.360104E-1
1.483333E1	1.128223E1	-1.396374E-1
1.486667E1	1.131485E1	-1.386447E-1
1.490000E1	1.134601E1	-1.446936E-1
1.493333E1	1.137626E1	-1.510381E-1
1.496667E1	1.137056E1	-1.498007E-1
1.500000E1	1.138192E1	-1.633481E-1
1.503333E1	1.137680E1	-1.706371E-1
1.506667E1	1.136159E1	-1.662919E-1
1.510000E1	1.134488E1	-1.819564E-1
1.513333E1	1.134270E1	-2.117906E-1
1.516667E1	1.132036E1	-2.526831E-1
1.520000E1	1.130462E1	-2.978530E-1
1.523333E1	1.127790E1	-3.097903E-1
1.526667E1	1.122053E1	-3.353032E-1
1.530000E1	1.119430E1	-3.658288E-1
1.533333E1	1.113522E1	-4.386384E-1
1.536667E1	1.109609E1	-4.904786E-1
1.540000E1	1.110820E1	-5.191641E-1
1.543333E1	1.112472E1	-5.544073E-1
1.546667E1	1.113177E1	-5.771311E-1
1.550000E1	1.117636E1	-6.049855E-1
1.553333E1	1.123405E1	-6.053980E-1
1.556667E1	1.127427E1	-6.007520E-1
1.560000E1	1.134833E1	-5.952162E-1
1.563333E1	1.137558E1	-5.926601E-1
1.566667E1	1.147833E1	-5.867529E-1
1.570000E1	1.157061E1	-5.728999E-1
1.573333E1	1.164947E1	-5.620967E-1
1.576667E1	1.177050E1	-5.558455E-1
1.580000E1	1.181405E1	-5.541998E-1
1.583333E1	1.199341E1	-5.319627E-1
1.586667E1	1.212870E1	-4.925190E-1
1.590000E1	1.228067E1	-4.502112E-1
1.593333E1	1.244256E1	-4.257673E-1
1.596667E1	1.249340E1	-4.151171E-1
1.600000E1	1.271927E1	-3.779918E-1
1.603333E1	1.285497E1	-3.356360E-1
1.606667E1	1.289771E1	-3.486765E-1
1.610000E1	1.303870E1	-3.431480E-1
1.613333E1	1.313734E1	-3.037244E-1
1.616667E1	1.331399E1	-2.627036E-1
1.620000E1	1.342025E1	-2.488962E-1
1.623333E1	1.347711E1	-2.557080E-1
1.626667E1	1.358779E1	-2.523933E-1
1.630000E1	1.361584E1	-2.588710E-1
1.633333E1	1.374265E1	-2.344585E-1
1.636667E1	1.381317E1	-2.119381E-1
1.640000E1	1.386592E1	-2.000573E-1
1.643333E1	1.395722E1	-2.009699E-1
1.646667E1	1.398815E1	-1.968837E-1
1.650000E1	1.409577E1	-2.015252E-1
1.653333E1	1.416020E1	-2.071965E-1
1.656667E1	1.419866E1	-2.143486E-1
1.660000E1	1.425484E1	-2.130067E-1
1.663333E1	1.427947E1	-2.093055E-1
1.666667E1	1.434467E1	-2.263360E-1
1.670000E1	1.436712E1	-2.299422E-1
1.673333E1	1.439015E1	-2.280367E-1
1.676667E1	1.440978E1	-2.390865E-1
1.680000E1	1.441572E1	-2.409467E-1
1.683333E1	1.440844E1	-2.540125E-1
1.686667E1	1.440054E1	-2.936411E-1
1.690000E1	1.439273E1	-3.030605E-1
1.693333E1	1.438116E1	-3.242778E-1
1.696667E1	1.437195E1	-3.749595E-1
1.700000E1	1.435698E1	-4.162502E-1
1.703333E1	1.435682E1	-4.929357E-1
1.706667E1	1.437375E1	-5.111879E-1
1.710000E1	1.439822E1	-5.429085E-1
1.713333E1	1.441046E1	-5.792978E-1
1.716667E1	1.445158E1	-5.916232E-1
1.720000E1	1.453691E1	-6.095407E-1
1.723333E1	1.456532E1	-6.322694E-1
1.726667E1	1.465290E1	-6.519182E-1
1.730000E1	1.469584E1	-6.539583E-1
1.733333E1	1.476675E1	-6.520565E-1
1.736667E1	1.489728E1	-6.382206E-1
1.740000E1	1.495176E1	-6.368382E-1
1.743333E1	1.510141E1	-6.240299E-1
1.746667E1	1.517847E1	-6.146997E-1
1.750000E1	1.527987E1	-5.968268E-1
1.753333E1	1.546643E1	-5.520561E-1
1.756667E1	1.553644E1	-5.370856E-1
1.760000E1	1.570981E1	-5.469957E-1
1.763333E1	1.583337E1	-5.178678E-1
1.766667E1	1.596987E1	-4.805973E-1
1.770000E1	1.615048E1	-4.266778E-1
1.773333E1	1.619668E1	-4.134584E-1
1.776667E1	1.632375E1	-4.106992E-1
1.780000E1	1.645452E1	-3.782391E-1
1.783333E1	1.657061E1	-3.323511E-1
1.786667E1	1.670545E1	-2.979337E-1
1.790000E1	1.672975E1	-2.832165E-1
1.793333E1	1.682155E1	-2.589883E-1
1.796667E1	1.687151E1	-2.539346E-1
1.800000E1	1.696533E1	-2.220476E-1
1.803333E1	1.707087E1	-1.983696E-1
1.806667E1	1.709698E1	-2.055767E-1
1.810000E1	1.715543E1	-1.997491E-1
1.813333E1	1.719910E1	-1.947108E-1
1.816667E1	1.725919E1	-1.981671E-1
1.820000E1	1.735200E1	-2.086421E-1
1.823333E1	1.736778E1	-2.112165E-1
1.826667E1	1.742910E1	-2.157095E-1
1.830000E1	1.746885E1	-2.184463E-1
1.833333E1	1.750862E1	-2.252187E-1
1.836667E1	1.755647E1	-2.408682E-1
1.840000E1	1.757085E1	-2.335760E-1
1.843333E1	1.758417E1	-2.397180E-1
1.846667E1	1.758567E1	-2.355824E-1
1.850000E1	1.758478E1	-2.439622E-1
1.853333E1	1.758148E1	-2.695893E-1
1.856667E1	1.757733E1	-2.913672E-1
1.860000E1	1.757269E1	-3.186096E-1
1.863333E1	1.756104E1	-3.755054E-1
1.866667E1	1.755893E1	-4.062774E-1
1.870000E1	1.755500E1	-4.887751E-1
1.873333E1	1.756919E1	-5.152117E-1
1.876667E1	1.759934E1	-5.450526E-1
1.880000E1	1.761075E1	-5.969902E-1
1.883333E1	1.770114E1	-6.174423E-1
1.886667E1	1.782132E1	-6.578193E-1
1.890000E1	1.787950E1	-6.700242E-1
1.893333E1	1.797968E1	-6.581617E-1
1.896667E1	1.804631E1	-6.582495E-1
1.900000E1	1.813739E1	-6.550315E-1
1.903333E1	1.824472E1	-6.472541E-1
1.906667E1	1.788083E1	-2.132876E-1
1.910000E1	1.800515E1	-2.065362E-1
1.913333E1	1.806870E1	-1.830204E-1
1.916667E1	1.819596E1	-1.787154E-1
1.920000E1	1.838680E1	-1.592707E-1
1.923333E1	1.842586E1	-1.336729E-1
1.926667E1	1.859448E1	-1.325292E-1
1.930000E1	1.874712E1	-1.131497E-1
1.933333E1	1.888547E1	-1.082055E-1
1.936667E1	1.908265E1	-8.317067E-2
1.940000E1	1.914272E1	-5.592924E-2
1.943333E1	1.926499E1	-5.760148E-2
1.946667E1	1.939027E1	-2.342842E-2
1.950000E1	1.951261E1	9.434597E-3
1.953333E1	1.970128E1	3.507033E-2
1.956667E1	1.971541E1	3.263549E-2
1.960000E1	1.982207E1	4.550734E-2
1.963333E1	1.985788E1	7.176793E-2
1.966667E1	1.992265E1	9.243140E-2
1.970000E1	1.999473E1	1.075634E-1
1.973333E1	2.001531E1	1.009748E-1
1.976667E1	2.010931E1	9.124536E-2
1.980000E1	2.014794E1	8.502614E-2
1.983333E1	2.018989E1	8.799251E-2
1.986667E1	2.026918E1	7.965123E-2
1.990000E1	2.028911E1	7.121787E-2
1.993333E1	2.034003E1	6.821631E-2
1.996667E1	2.037002E1	6.176408E-2
2.000000E1	2.038609E1	5.743170E-2
2.003333E1	2.042272E1	3.885664E-2
2.006667E1	2.042356E1	1.351771E-2
2.010000E1	2.043112E1	-9.733368E-3
2.013333E1	2.042603E1	-1.580179E-2
2.016667E1	2.041326E1	-1.538051E-2
2.020000E1	2.039178E1	-2.022151E-2
2.023333E1	2.038425E1	-1.645910E-2
2.026667E1	2.035592E1	-2.259874E-2
2.030000E1	2.030404E1	-3.008010E-2
2.033333E1	2.027969E1	-5.093322E-2
2.036667E1	2.023998E1	-9.701414E-2
2.040000E1	2.025306E1	-9.648851E-2
2.043333E1	2.026885E1	-1.102029E-1
2.046667E1	2.028146E1	-1.399804E-1
2.050000E1	2.030188E1	-1.560303E-1
2.053333E1	2.035647E1	-1.666231E-1
2.056667E1	2.036994E1	-1.644536E-1
2.060000E1	2.042614E1	-1.612866E-1
2.063333E1	2.046687E1	-1.621709E-1
2.066667E1	2.053778E1	-1.562124E-1
2.070000E1	2.065826E1	-1.384987E-1
2.073333E1	2.069463E1	-1.385986E-1
2.076667E1	2.080260E1	-1.343373E-1
2.080000E1	2.088513E1	-1.096516E-1
2.083333E1	2.100532E1	-1.006120E-1
2.086667E1	2.119492E1	-6.492500E-2
2.090000E1	2.126237E1	-5.905661E-2
2.093333E1	2.142731E1	-6.054145E-2
2.096667E1	2.152097E1	-4.760386E-2
2.100000E1	2.163977E1	-4.428605E-2
2.103333E1	2.181379E1	-2.622583E-2
2.106667E1	2.184214E1	-7.085740E-3
2.110000E1	2.197052E1	9.454405E-3
2.113333E1	2.206361E1	1.914926E-2
2.116667E1	2.216002E1	2.506038E-2
2.120000E1	2.226728E1	3.444041E-2
2.123333E1	2.230359E1	2.779287E-2
2.126667E1	2.235691E1	3.763044E-2
2.130000E1	2.241720E1	5.596761E-2
2.133333E1	2.247372E1	8.825193E-2
2.136667E1	2.256404E1	1.063920E-1
2.140000E1	2.258841E1	9.594061E-2
2.143333E1	2.264041E1	9.540468E-2
2.146667E1	2.267535E1	8.615263E-2
2.150000E1	2.271359E1	8.479706E-2
2.153333E1	2.277112E1	7.950537E-2
2.156667E1	2.278792E1	7.468582E-2
2.160000E1	2.282039E1	6.661403E-2
2.163333E1	2.283596E1	6.778293E-2
2.166667E1	2.286721E1	6.201366E-2
2.170000E1	2.288053E1	4.477630E-2
2.173333E1	2.287566E1	5.083436E-2
2.176667E1	2.286758E1	4.675593E-2
2.180000E1	2.286436E1	5.062407E-2
2.183333E1	2.285149E1	5.557647E-2
2.186667E1	2.279798E1	6.187205E-2
2.190000E1	2.277679E1	6.411773E-2
2.193333E1	2.273149E1	5.912419E-2
2.196667E1	2.268323E1	4.298818E-2
2.200000E1	2.261399E1	2.035473E-2
2.203333E1	2.255464E1	-1.942094E-2
2.206667E1	2.256403E1	-1.937781E-2
2.210000E1	2.256996E1	-3.619066E-2
2.213333E1	2.257691E1	-6.154351E-2
2.216667E1	2.259552E1	-7.528897E-2
2.220000E1	2.264398E1	-8.319107E-2
2.223333E1	2.266936E1	-8.156975E-2
2.226667E1	2.273153E1	-8.170277E-2
2.230000E1	2.276180E1	-8.190754E-2
2.233333E1	2.280547E1	-7.764460E-2
2.236667E1	2.290764E1	-6.226191E-2
2.240000E1	2.295284E1	-5.749674E-2
2.243333E1	2.305888E1	-5.147413E-2
2.246667E1	2.312857E1	-4.210949E-2
2.250000E1	2.324680E1	-4.070373E-2
2.253333E1	2.342204E1	-2.041921E-2
2.256667E1	2.348067E1	-6.342203E-3
2.260000E1	2.359416E1	2.701564E-3
2.263333E1	2.371556E1	1.274602E-2
2.266667E1	2.385199E1	1.752039E-2
2.270000E1	2.402560E1	3.485180E-2
2.273333E1	2.406381E1	1.870647E-2
2.276667E1	2.415939E1	1.894983E-2
2.280000E1	2.424696E1	3.138858E-2
2.283333E1	2.431650E1	2.749713E-2
2.286667E1	2.439567E1	3.776983E-2
2.290000E1	2.441789E1	3.189898E-2
2.293333E1	2.445945E1	3.677376E-2
2.296667E1	2.450486E1	6.298223E-2
2.300000E1	2.455013E1	8.561440E-2
2.303333E1	2.460358E1	9.875289E-2
2.306667E1	2.461517E1	9.467960E-2
2.310000E1	2.465073E1	9.310575E-2
2.313333E1	2.467872E1	8.713054E-2
2.316667E1	2.470747E1	8.272677E-2
2.320000E1	2.472260E1	8.062715E-2
2.323333E1	2.475032E1	7.665787E-2
2.326667E1	2.476918E1	6.646309E-2
2.330000E1	2.476776E1	6.296860E-2
2.333333E1	2.476742E1	5.679768E-2
2.336667E1	2.475567E1	5.008987E-2
2.340000E1	2.475124E1	5.157808E-2
2.343333E1	2.473312E1	4.634291E-2
2.346667E1	2.472048E1	5.241507E-2
2.350000E1	2.469246E1	5.402771E-2
2.353333E1	2.461516E1	5.471820E-2
2.356667E1	2.458879E1	6.456438E-2
2.360000E1	2.451954E1	6.449455E-2
2.363333E1	2.446957E1	4.981626E-2
2.366667E1	2.439131E1	2.903597E-2
2.370000E1	2.432603E1	-2.214677E-2
2.373333E1	2.431654E1	-2.418606E-2
2.376667E1	2.430540E1	-3.229057E-2
2.380000E1	2.430852E1	-2.800338E-2
2.383333E1	2.432147E1	-2.843869E-2
2.386667E1	2.434305E1	-4.017666E-2
2.390000E1	2.434000E1	-5.623537E-2
2.393333E1	2.438103E1	-6.355843E-2
2.396667E1	2.440895E1	-6.614578E-2
2.400000E1	2.445054E1	-6.947037E-2
2.403333E1	2.453074E1	-5.336130E-2
2.406667E1	2.456483E1	-5.164152E-2
2.410000E1	2.464260E1	-5.404389E-2
2.413333E1	2.468811E1	-4.344010E-2
2.416667E1	2.476984E1	-4.147729E-2
2.420000E1	2.493365E1	-1.037820E-2
2.423333E1	2.499402E1	-7.983849E-3
2.426667E1	2.509371E1	5.152848E-3
2.430000E1	2.520056E1	1.561043E-2
2.433333E1	2.529527E1	2.274664E-2
2.436667E1	2.545768E1	4.282584E-2
2.440000E1	2.549734E1	6.414106E-2
2.443333E1	2.558954E1	8.096673E-2
2.446667E1	2.566610E1	9.278199E-2
2.450000E1	2.574793E1	9.952891E-2
2.453333E1	2.581762E1	1.116037E-1
2.456667E1	2.583650E1	1.054748E-1
2.460000E1	2.588875E1	1.121931E-1
2.463333E1	2.591376E1	1.491267E-1
2.466667E1	2.594810E1	1.681489E-1
2.470000E1	2.599194E1	1.717747E-1
2.473333E1	2.599705E1	1.676840E-1
2.476667E1	2.601816E1	1.677492E-1
2.480000E1	2.604879E1	1.618561E-1
2.483333E1	2.606613E1	1.563615E-1
2.486667E1	2.607767E1	1.451226E-1
2.490000E1	2.607340E1	1.422513E-1
2.493333E1	2.607308E1	1.356367E-1
2.496667E1	2.607251E1	1.295917E-1
2.500000E1	2.605986E1	1.278199E-1
2.503333E1	2.605029E1	1.218561E-1
2.506667E1	2.604560E1	1.244837E-1
2.510000E1	2.602343E1	1.208996E-1
2.513333E1	2.602199E1	1.308841E-1
2.516667E1	2.597543E1	1.278045E-1
2.520000E1	2.591822E1	1.336245E-1
2.523333E1	2.586912E1	1.351964E-1
2.526667E1	2.578283E1	1.277886E-1
2.530000E1	2.574611E1	1.241221E-1
2.533333E1	2.563787E1	7.434623E-2
2.536667E1	2.558859E1	5.575338E-2
2.540000E1	2.556200E1	3.163880E-2
2.543333E1	2.553347E1	5.036141E-3
2.546667E1	2.553607E1	-7.933888E-3
2.550000E1	2.554900E1	-2.041857E-2
2.553333E1	2.557099E1	-2.885665E-2
2.556667E1	2.558039E1	-1.945148E-2
2.560000E1	2.561832E1	-2.020397E-2
2.563333E1	2.563931E1	-1.559991E-2
2.566667E1	2.570032E1	-1.855511E-3
2.570000E1	2.574945E1	8.191438E-3
2.573333E1	2.580110E1	1.938633E-2
2.576667E1	2.589775E1	2.165065E-2
2.580000E1	2.593326E1	2.220127E-2
2.583333E1	2.605569E1	3.677173E-2
2.586667E1	2.617324E1	5.484588E-2
2.590000E1	2.621930E1	4.949512E-2
2.593333E1	2.636123E1	5.263647E-2
2.596667E1	2.642794E1	6.423317E-2
2.600000E1	2.659093E1	8.305831E-2
2.603333E1	2.668579E1	1.185222E-1
2.606667E1	2.673108E1	1.303478E-1
2.610000E1	2.684247E1	1.304474E-1
2.613333E1	2.689011E1	1.351160E-1
2.616667E1	2.700806E1	1.365010E-1
2.620000E1	2.706583E1	1.371425E-1
2.623333E1	2.709378E1	1.332705E-1
2.626667E1	2.714438E1	1.463532E-1
2.630000E1	2.715742E1	1.765749E-1
2.633333E1	2.720496E1	2.031052E-1
2.636667E1	2.723742E1	2.051070E-1
2.640000E1	2.724076E1	2.020392E-1
2.643333E1	2.725688E1	1.991691E-1
2.646667E1	2.728167E1	1.942843E-1
2.650000E1	2.730827E1	1.879771E-1
2.653333E1	2.731143E1	1.784928E-1
2.656667E1	2.730399E1	1.753904E-1
2.660000E1	2.730312E1	1.734184E-1
2.663333E1	2.729617E1	1.739602E-1
2.666667E1	2.728984E1	1.628241E-1
2.670000E1	2.727916E1	1.597477E-1
2.673333E1	2.727188E1	1.616471E-1
2.676667E1	2.725030E1	1.528812E-1
2.680000E1	2.724955E1	1.609585E-1
2.683333E1	2.719774E1	1.572524E-1
2.686667E1	2.715077E1	1.618556E-1
2.690000E1	2.710894E1	1.654641E-1
2.693333E1	2.702233E1	1.626121E-1
2.696667E1	2.698497E1	1.564879E-1
2.700000E1	2.687036E1	1.156632E-1
2.703333E1	2.681593E1	7.821124E-2
2.706667E1	2.679841E1	5.733427E-2
2.710000E1	2.676465E1	3.265850E-2
2.713333E1	2.676953E1	2.947091E-2
2.716667E1	2.677634E1	2.074604E-2
2.720000E1	2.679922E1	8.727639E-3
2.723333E1	2.681044E1	1.375082E-2
2.726667E1	2.684158E1	1.755451E-2
2.730000E1	2.686267E1	2.275370E-2
2.733333E1	2.693272E1	2.702727E-2
2.736667E1	2.698806E1	3.779380E-2
2.740000E1	2.703603E1	4.828891E-2
2.743333E1	2.714454E1	5.137342E-2
2.746667E1	2.718590E1	6.332843E-2
2.750000E1	2.733549E1	7.810576E-2
2.753333E1	2.745362E1	1.085992E-1
2.756667E1	2.750787E1	1.211286E-1
2.760000E1	2.765169E1	1.215665E-1
2.763333E1	2.772081E1	1.262266E-1
2.766667E1	2.789631E1	1.445247E-1
2.770000E1	2.798578E1	1.517287E-1
2.773333E1	2.803264E1	1.647784E-1
2.776667E1	2.816122E1	1.890404E-1
2.780000E1	2.820667E1	1.946307E-1
2.783333E1	2.834006E1	2.084564E-1
2.786667E1	2.840366E1	2.090111E-1
2.790000E1	2.842076E1	2.108039E-1
2.793333E1	2.849576E1	2.144166E-1
2.796667E1	2.852207E1	2.129353E-1
2.800000E1	2.859428E1	2.366818E-1
2.803333E1	2.863087E1	2.611791E-1
2.806667E1	2.866789E1	2.655216E-1
2.810000E1	2.870938E1	2.605385E-1
2.813333E1	2.873446E1	2.595898E-1
2.816667E1	2.878482E1	2.564316E-1
2.820000E1	2.881415E1	2.475623E-1
2.823333E1	2.882599E1	2.476495E-1
2.826667E1	2.884529E1	2.417169E-1
2.830000E1	2.886825E1	2.407263E-1
2.833333E1	2.889482E1	2.231403E-1
2.836667E1	2.889305E1	2.212213E-1
2.840000E1	2.888614E1	2.218251E-1
2.843333E1	2.887737E1	2.142290E-1
2.846667E1	2.887630E1	1.914010E-1
2.850000E1	2.884754E1	1.671866E-1
2.853333E1	2.881871E1	1.690866E-1
2.856667E1	2.878487E1	1.660387E-1
2.860000E1	2.873548E1	1.597452E-1
2.863333E1	2.871129E1	1.507517E-1
2.866667E1	2.863437E1	1.087292E-1
2.870000E1	2.860162E1	7.696368E-2
2.873333E1	2.858760E1	6.372233E-2
2.876667E1	2.857929E1	2.774383E-2
2.880000E1	2.858416E1	2.130442E-2
2.883333E1	2.860822E1	1.003717E-2
2.886667E1	2.863569E1	7.003852E-3
2.890000E1	2.867824E1	1.318343E-2
2.893333E1	2.872838E1	1.501078E-2
2.896667E1	2.874798E1	1.576449E-2
2.900000E1	2.883405E1	2.351790E-2
2.903333E1	2.889079E1	3.794817E-2
2.906667E1	2.894676E1	4.207587E-2
2.910000E1	2.904893E1	4.729350E-2
2.913333E1	2.908406E1	5.512093E-2
2.916667E1	2.924334E1	6.779415E-2
2.920000E1	2.937029E1	7.000882E-2
2.923333E1	2.943565E1	5.362882E-2
2.926667E1	2.960663E1	5.346069E-2
2.930000E1	2.967571E1	6.501260E-2
2.933333E1	2.985803E1	7.350953E-2
2.936667E1	2.998285E1	1.117716E-1
2.940000E1	2.999797E1	1.225172E-1
2.943333E1	3.016050E1	1.233332E-1
2.946667E1	3.022139E1	1.337218E-1
2.950000E1	3.036100E1	1.534778E-1
2.953333E1	3.042792E1	1.825929E-1
2.956667E1	3.044650E1	2.008005E-1
2.960000E1	3.052446E1	2.067607E-1
2.963333E1	3.054971E1	2.062106E-1
2.966667E1	3.061867E1	2.146073E-1
2.970000E1	3.065783E1	2.139093E-1
2.973333E1	3.068414E1	2.050075E-1
2.976667E1	3.071794E1	2.052319E-1
2.980000E1	3.071680E1	1.986229E-1
2.983333E1	3.074341E1	1.889463E-1
2.986667E1	3.076694E1	1.826785E-1
2.990000E1	3.076664E1	1.814700E-1
2.993333E1	3.076764E1	1.758561E-1
2.996667E1	3.076590E1	1.741841E-1
3.000000E1	3.075368E1	1.601857E-1
3.003333E1	3.073790E1	1.516312E-1
3.006667E1	3.073475E1	1.556701E-1
3.010000E1	3.069363E1	1.576465E-1
3.013333E1	3.066777E1	1.621644E-1
3.016667E1	3.058808E1	1.606637E-1
3.020000E1	3.053533E1	1.679304E-1
3.023333E1	3.046963E1	1.757491E-1
3.026667E1	3.035779E1	1.736479E-1
3.030000E1	3.029174E1	1.685278E-1
3.033333E1	3.016482E1	1.477042E-1
3.036667E1	3.009142E1	1.472719E-1
3.040000E1	3.005629E1	1.554427E-1
3.043333E1	2.998171E1	1.567349E-1
3.046667E1	2.995613E1	1.576199E-1
3.050000E1	2.992264E1	1.631020E-1
3.053333E1	2.990076E1	1.711637E-1
3.056667E1	2.989111E1	1.752686E-1
3.060000E1	2.988981E1	1.796710E-1
3.063333E1	2.988805E1	1.795649E-1
3.066667E1	2.990449E1	1.919999E-1
3.070000E1	2.991704E1	2.011627E-1
3.073333E1	2.992360E1	2.048850E-1
3.076667E1	2.995347E1	2.148831E-1
3.080000E1	2.997349E1	2.149785E-1
3.083333E1	3.003634E1	2.377862E-1
3.086667E1	3.009622E1	2.632651E-1
3.090000E1	3.013699E1	2.681626E-1
3.093333E1	3.021496E1	2.840171E-1
3.096667E1	3.025531E1	2.831760E-1
3.100000E1	3.033958E1	3.069957E-1
3.103333E1	3.038749E1	3.323729E-1
3.106667E1	3.041124E1	3.438689E-1
3.110000E1	3.045769E1	3.504179E-1
3.113333E1	3.047631E1	3.483579E-1
3.116667E1	3.050428E1	3.598518E-1
3.120000E1	3.052180E1	3.706568E-1
3.123333E1	3.052685E1	4.014794E-1
3.126667E1	3.052592E1	4.281400E-1
3.130000E1	3.053049E1	4.209738E-1
3.133333E1	3.052329E1	4.301185E-1
3.136667E1	3.050856E1	4.306711E-1
3.140000E1	3.051214E1	4.238774E-1
3.143333E1	3.048984E1	4.240712E-1
3.146667E1	3.046730E1	4.201783E-1
3.150000E1	3.043230E1	4.100663E-1
3.153333E1	3.041368E1	4.044119E-1
3.156667E1	3.038534E1	3.950148E-1
3.160000E1	3.034685E1	3.877069E-1
3.163333E1	3.031648E1	3.876469E-1
3.166667E1	3.025397E1	3.810422E-1
3.170000E1	3.018894E1	3.790600E-1
3.173333E1	3.014367E1	3.770426E-1
3.176667E1	3.008677E1	3.689083E-1
3.180000E1	3.005458E1	3.660534E-1
3.183333E1	2.997399E1	3.653348E-1
3.186667E1	2.984044E1	3.568558E-1
3.190000E1	2.979727E1	3.431247E-1
3.193333E1	2.966852E1	3.157052E-1
3.196667E1	2.961931E1	2.926406E-1
3.200000E1	2.945867E1	2.452888E-1
3.203333E1	2.938234E1	2.059403E-1
3.206667E1	2.935015E1	1.811365E-1
3.210000E1	2.930579E1	1.498088E-1
3.213333E1	2.929043E1	1.441526E-1
3.216667E1	2.929289E1	1.027224E-1
3.220000E1	2.930771E1	9.268562E-2
3.223333E1	2.932554E1	8.150533E-2
3.226667E1	2.935158E1	8.217487E-2
3.230000E1	2.938125E1	8.835892E-2
3.233333E1	2.944641E1	9.680445E-2
3.236667E1	2.951037E1	1.113478E-1
3.240000E1	2.955091E1	1.159443E-1
3.243333E1	2.964564E1	1.238750E-1
3.246667E1	2.968474E1	1.220046E-1
3.250000E1	2.982663E1	1.332400E-1
3.253333E1	2.994275E1	1.382093E-1
3.256667E1	2.998308E1	1.275056E-1
3.260000E1	3.015275E1	1.246730E-1
3.263333E1	3.024613E1	1.347441E-1
3.266667E1	3.046172E1	1.540093E-1
3.270000E1	3.059163E1	1.786129E-1
3.273333E1	3.064763E1	1.707322E-1
3.276667E1	3.079205E1	1.870238E-1
3.280000E1	3.087320E1	1.937055E-1
3.283333E1	3.103875E1	1.974808E-1
3.286667E1	3.114671E1	2.002589E-1
3.290000E1	3.117179E1	1.998679E-1
3.293333E1	3.128579E1	1.973022E-1
3.296667E1	3.131383E1	2.061437E-1
3.300000E1	3.145007E1	2.165374E-1
3.303333E1	3.153491E1	2.111074E-1
3.306667E1	3.159322E1	1.975483E-1
3.310000E1	3.170584E1	1.865124E-1
3.313333E1	3.174203E1	1.838721E-1
3.316667E1	3.187976E1	1.776805E-1
3.320000E1	3.195963E1	1.683069E-1
3.323333E1	3.202008E1	1.728901E-1
3.326667E1	3.210572E1	1.637775E-1
3.330000E1	3.214511E1	1.627589E-1
3.333333E1	3.225902E1	1.325867E-1
3.336667E1	3.231568E1	7.864963E-2
3.340000E1	3.236494E1	8.295472E-2
3.343333E1	3.243578E1	7.369381E-2
3.346667E1	3.247961E1	5.212273E-2
3.350000E1	3.253299E1	2.231511E-2
3.353333E1	3.260282E1	5.987364E-3
3.356667E1	3.263156E1	7.391756E-3
3.360000E1	3.266037E1	2.629328E-3
3.363333E1	3.266103E1	-1.432290E-2
3.366667E1	3.266214E1	-5.714169E-2
3.370000E1	3.270097E1	-1.236550E-1
3.373333E1	3.272342E1	-1.292748E-1
3.376667E1	3.279313E1	-1.732902E-1
3.380000E1	3.282983E1	-2.036615E-1
3.383333E1	3.291946E1	-2.163970E-1
3.386667E1	3.305531E1	-2.616842E-1
3.390000E1	3.310753E1	-2.670907E-1
3.393333E1	3.326709E1	-2.635678E-1
3.396667E1	3.333027E1	-2.713801E-1
3.400000E1	3.345885E1	-2.769039E-1
3.403333E1	3.363224E1	-2.683369E-1
3.406667E1	3.379198E1	-2.440991E-1
3.410000E1	3.401107E1	-2.449315E-1
3.413333E1	3.409167E1	-2.397488E-1
3.416667E1	3.424939E1	-2.375939E-1
3.420000E1	3.452110E1	-2.161396E-1
3.423333E1	3.462091E1	-2.093453E-1
3.426667E1	3.479716E1	-1.783554E-1
3.430000E1	3.496437E1	-1.658904E-1
3.433333E1	3.514353E1	-1.556084E-1
3.436667E1	3.540768E1	-1.468733E-1
3.440000E1	3.545846E1	-1.631671E-1
3.443333E1	3.562505E1	-1.649678E-1
3.446667E1	3.576782E1	-1.268479E-1
3.450000E1	3.589627E1	-8.879176E-2
3.453333E1	3.608872E1	-5.368387E-2
3.456667E1	3.615452E1	-3.006932E-2
3.460000E1	3.629720E1	-2.298202E-2
3.463333E1	3.637961E1	-2.807718E-3
3.466667E1	3.649743E1	1.871667E-2
3.470000E1	3.663666E1	5.538224E-2
3.473333E1	3.668290E1	4.697717E-2
3.476667E1	3.680741E1	4.646202E-2
3.480000E1	3.689569E1	4.861923E-2
3.483333E1	3.700178E1	5.043545E-2
3.486667E1	3.715451E1	4.440368E-2
3.490000E1	3.719193E1	4.218625E-2
3.493333E1	3.732315E1	4.156677E-2
3.496667E1	3.738893E1	4.015930E-2
3.500000E1	3.750459E1	3.160197E-2
3.503333E1	3.763053E1	2.603710E-2
3.506667E1	3.767522E1	2.768399E-2
3.510000E1	3.778716E1	2.666100E-2
3.513333E1	3.785157E1	1.708845E-2
3.516667E1	3.793175E1	1.982235E-2
3.520000E1	3.803671E1	8.170889E-3
3.523333E1	3.806165E1	1.990122E-2
3.526667E1	3.812267E1	1.048303E-2
3.530000E1	3.816209E1	7.008625E-3
3.533333E1	3.820468E1	-2.790886E-2
3.536667E1	3.830006E1	-7.841113E-2
3.540000E1	3.832770E1	-1.092767E-1
3.543333E1	3.843831E1	-1.157471E-1
3.546667E1	3.849881E1	-1.293011E-1
3.550000E1	3.859505E1	-1.270825E-1
3.553333E1	3.875557E1	-1.319016E-1
3.556667E1	3.883171E1	-1.196377E-1
3.560000E1	3.900265E1	-1.106006E-1
3.563333E1	3.908041E1	-1.142199E-1
3.566667E1	3.921153E1	-1.043595E-1
3.570000E1	3.942827E1	-9.140876E-2
3.573333E1	3.950055E1	-9.893711E-2
3.576667E1	3.967151E1	-1.011212E-1
3.580000E1	3.981630E1	-7.432416E-2
3.583333E1	3.998399E1	-7.082471E-2
3.586667E1	4.029327E1	-1.730989E-2
3.590000E1	4.036472E1	4.227844E-3
3.593333E1	4.056951E1	3.131813E-2
3.596667E1	4.076110E1	3.658078E-2
3.600000E1	4.094587E1	4.934254E-2
3.603333E1	4.121806E1	7.155455E-2
3.606667E1	4.125601E1	5.737446E-2
3.610000E1	4.142179E1	6.002513E-2
3.613333E1	4.161042E1	1.445075E-1
3.616667E1	4.174917E1	1.476505E-1
3.620000E1	4.196026E1	1.885107E-1
3.623333E1	4.200592E1	1.944785E-1
3.626667E1	4.215745E1	1.969354E-1
3.630000E1	4.227530E1	2.289810E-1
3.633333E1	4.238174E1	2.687112E-1
3.636667E1	4.255322E1	3.002054E-1
3.640000E1	4.259543E1	3.104007E-1
3.643333E1	4.274325E1	3.220251E-1
3.646667E1	4.283932E1	3.271478E-1
3.650000E1	4.295045E1	3.267403E-1
3.653333E1	4.312554E1	3.261722E-1
3.656667E1	4.317318E1	3.245300E-1
3.660000E1	4.331980E1	3.239882E-1
3.663333E1	4.339990E1	3.227561E-1
3.666667E1	4.350497E1	3.173738E-1
3.670000E1	4.363824E1	3.166081E-1
3.673333E1	4.368117E1	3.202539E-1
3.676667E1	4.379795E1	3.205201E-1
3.680000E1	4.384674E1	3.186906E-1
3.683333E1	4.392269E1	3.242681E-1
3.686667E1	4.400375E1	3.217288E-1
3.690000E1	4.401862E1	3.211477E-1
3.693333E1	4.405548E1	3.132178E-1
3.696667E1	4.407498E1	3.108333E-1
3.700000E1	4.409443E1	2.977908E-1
3.703333E1	4.414751E1	2.604113E-1
3.706667E1	4.416211E1	2.445138E-1
3.710000E1	4.422243E1	2.305635E-1
3.713333E1	4.427500E1	2.266702E-1
3.716667E1	4.435555E1	2.275029E-1
3.720000E1	4.448853E1	2.234494E-1
3.723333E1	4.453078E1	2.384327E-1
3.726667E1	4.463918E1	2.432973E-1
3.730000E1	4.472060E1	2.441559E-1
3.733333E1	4.482838E1	2.471299E-1
3.736667E1	4.501866E1	2.717554E-1
3.740000E1	4.506443E1	2.627714E-1
3.743333E1	4.521695E1	2.603986E-1
3.746667E1	4.534419E1	2.875796E-1
3.750000E1	4.549847E1	2.881136E-1
3.753333E1	4.573434E1	3.078766E-1
3.756667E1	4.577532E1	3.063576E-1
3.760000E1	4.595319E1	3.186869E-1
3.763333E1	4.611932E1	3.392620E-1
3.766667E1	4.625709E1	3.495214E-1
3.770000E1	4.644721E1	3.693940E-1
3.773333E1	4.649645E1	3.784423E-1
3.776667E1	4.665510E1	3.987065E-1
3.780000E1	4.677352E1	4.152511E-1
3.783333E1	4.686347E1	4.184534E-1
3.786667E1	4.700152E1	4.266290E-1
3.790000E1	4.704175E1	4.193449E-1
3.793333E1	4.714499E1	4.208024E-1
3.796667E1	4.720221E1	4.393103E-1
3.800000E1	4.729230E1	4.796152E-1
3.803333E1	4.741875E1	4.964234E-1
3.806667E1	4.745361E1	5.025979E-1
3.810000E1	4.758759E1	4.863957E-1
3.813333E1	4.763615E1	4.839433E-1
3.816667E1	4.770828E1	4.802280E-1
3.820000E1	4.780871E1	4.665793E-1
3.823333E1	4.785044E1	4.668342E-1
3.826667E1	4.792905E1	4.638788E-1
3.830000E1	4.796366E1	4.554308E-1
3.833333E1	4.802282E1	4.458787E-1
3.836667E1	4.811737E1	4.380900E-1
3.840000E1	4.813777E1	4.491916E-1
3.843333E1	4.818919E1	4.532680E-1
3.846667E1	4.821716E1	4.577386E-1
3.850000E1	4.823661E1	4.555857E-1
3.853333E1	4.826303E1	4.609945E-1
3.856667E1	4.826144E1	4.589429E-1
3.860000E1	4.825395E1	4.501030E-1
3.863333E1	4.824626E1	4.392899E-1
3.866667E1	4.824681E1	4.201347E-1
3.870000E1	4.824695E1	3.657675E-1
3.873333E1	4.825747E1	3.679260E-1
3.876667E1	4.829005E1	3.558348E-1
3.880000E1	4.830436E1	3.276889E-1
3.883333E1	4.835538E1	3.153718E-1
3.886667E1	4.842333E1	3.017619E-1
3.890000E1	4.844648E1	3.048333E-1
3.893333E1	4.853345E1	3.101374E-1
3.896667E1	4.858308E1	3.077985E-1
3.900000E1	4.864748E1	3.158404E-1
3.903333E1	4.874995E1	3.275488E-1
3.906667E1	4.879027E1	3.321403E-1
3.910000E1	4.889383E1	3.335228E-1
3.913333E1	4.897584E1	3.428376E-1
3.916667E1	4.907677E1	3.499413E-1
3.920000E1	4.923753E1	3.536096E-1
3.923333E1	4.930444E1	3.425610E-1
3.926667E1	4.941247E1	3.362207E-1
3.930000E1	4.952124E1	3.481267E-1
3.933333E1	4.960303E1	3.417014E-1
3.936667E1	4.975908E1	3.493717E-1
3.940000E1	4.979308E1	3.389677E-1
3.943333E1	4.988483E1	3.347833E-1
3.946667E1	4.991751E1	3.377940E-1
3.950000E1	4.996538E1	3.366046E-1
3.953333E1	5.003885E1	3.398787E-1
3.956667E1	5.006105E1	3.398488E-1
3.960000E1	5.009012E1	3.464354E-1
3.963333E1	5.009715E1	3.502684E-1
3.966667E1	5.011028E1	3.469343E-1
3.970000E1	5.014463E1	3.566477E-1
3.973333E1	5.014576E1	3.470530E-1
3.976667E1	5.015792E1	3.431004E-1
3.980000E1	5.016085E1	3.388839E-1
3.983333E1	5.016329E1	3.284261E-1
3.986667E1	5.016298E1	3.246666E-1
3.990000E1	5.015560E1	3.203573E-1
3.993333E1	5.014619E1	3.158670E-1
3.996667E1	5.014039E1	3.145986E-1
4.000000E1	5.012701E1	3.053360E-1
4.003333E1	5.009837E1	2.995349E-1
4.006667E1	5.005869E1	3.041797E-1
4.010000E1	5.002509E1	3.074144E-1
4.013333E1	4.999415E1	3.116699E-1
4.016667E1	4.990665E1	3.061484E-1
4.020000E1	4.978912E1	3.150101E-1
4.023333E1	4.974465E1	3.182769E-1
4.026667E1	4.963740E1	3.206084E-1
4.030000E1	4.952725E1	3.158793E-1
4.033333E1	4.944652E1	3.094071E-1
4.036667E1	4.929813E1	2.926757E-1
4.040000E1	4.926054E1	3.042945E-1
4.043333E1	4.918763E1	3.088488E-1
4.046667E1	4.914398E1	3.018825E-1
4.050000E1	4.909784E1	3.088879E-1
4.053333E1	4.905898E1	3.146906E-1
4.056667E1	4.905279E1	3.172661E-1
4.060000E1	4.902094E1	3.210763E-1
4.063333E1	4.902050E1	3.234907E-1
4.066667E1	4.901963E1	3.296492E-1
4.070000E1	4.902190E1	3.450028E-1
4.073333E1	4.903519E1	3.526334E-1
4.076667E1	4.904087E1	3.583414E-1
4.080000E1	4.904605E1	3.604369E-1
4.083333E1	4.905178E1	3.637455E-1
4.086667E1	4.908911E1	4.091712E-1
4.090000E1	4.908241E1	4.075506E-1
4.093333E1	4.909962E1	4.167056E-1
4.096667E1	4.912795E1	4.226020E-1
4.100000E1	4.914997E1	4.308767E-1
4.103333E1	4.913471E1	4.516788E-1
4.106667E1	4.912847E1	4.659567E-1
4.110000E1	4.912061E1	4.798436E-1
4.113333E1	4.911332E1	4.793220E-1
4.116667E1	4.910094E1	4.852896E-1
4.120000E1	4.905419E1	4.951499E-1
4.123333E1	4.903293E1	4.902925E-1
4.126667E1	4.899642E1	4.936949E-1
4.130000E1	4.896687E1	4.925924E-1
4.133333E1	4.891440E1	5.017313E-1
4.136667E1	4.885354E1	4.977426E-1
4.140000E1	4.882935E1	4.891085E-1
4.143333E1	4.878684E1	4.831859E-1
4.146667E1	4.875177E1	4.797077E-1
4.150000E1	4.871462E1	4.708122E-1
4.153333E1	4.864928E1	4.598922E-1
4.156667E1	4.861699E1	4.601227E-1
4.160000E1	4.857399E1	4.591069E-1
4.163333E1	4.852480E1	4.580440E-1
4.166667E1	4.847502E1	4.486130E-1
4.170000E1	4.839061E1	4.453246E-1
4.173333E1	4.835749E1	4.489060E-1
4.176667E1	4.827816E1	4.501519E-1
4.180000E1	4.823633E1	4.472188E-1
4.183333E1	4.812223E1	4.343973E-1
4.186667E1	4.801371E1	4.004562E-1
4.190000E1	4.796722E1	3.906961E-1
4.193333E1	4.782271E1	3.876365E-1
4.196667E1	4.776638E1	3.707582E-1
4.200000E1	4.757573E1	3.147989E-1
4.203333E1	4.748713E1	2.915473E-1
4.206667E1	4.742331E1	2.655039E-1
4.210000E1	4.733451E1	2.422732E-1
4.213333E1	4.730990E1	2.370832E-1
4.216667E1	4.725813E1	2.105329E-1
4.220000E1	4.723528E1	1.790056E-1
4.223333E1	4.723092E1	1.693811E-1
4.226667E1	4.722083E1	1.592856E-1
4.230000E1	4.722982E1	1.662194E-1
4.233333E1	4.724136E1	1.696737E-1
4.236667E1	4.725499E1	1.798495E-1
4.240000E1	4.726762E1	1.858720E-1
4.243333E1	4.730084E1	1.891480E-1
4.246667E1	4.732963E1	1.945018E-1
4.250000E1	4.739621E1	1.980777E-1
4.253333E1	4.746153E1	2.030896E-1
4.256667E1	4.751205E1	1.986855E-1
4.260000E1	4.761616E1	1.965563E-1
4.263333E1	4.764490E1	1.998206E-1
4.266667E1	4.773228E1	2.063387E-1
4.270000E1	4.779856E1	2.060965E-1
4.273333E1	4.785327E1	2.046935E-1
4.276667E1	4.791025E1	2.057193E-1
4.280000E1	4.793073E1	2.092263E-1
4.283333E1	4.796335E1	2.053630E-1
4.286667E1	4.798560E1	2.014215E-1
4.290000E1	4.798861E1	1.982134E-1
4.293333E1	4.799769E1	1.959481E-1
4.296667E1	4.799149E1	1.927827E-1
4.300000E1	4.799361E1	1.983888E-1
4.303333E1	4.798691E1	1.948846E-1
4.306667E1	4.798094E1	1.899252E-1
4.310000E1	4.798906E1	1.873734E-1
4.313333E1	4.798801E1	1.850304E-1
4.316667E1	4.798997E1	1.747588E-1
4.320000E1	4.798773E1	1.662981E-1
4.323333E1	4.798432E1	1.637157E-1
4.326667E1	4.797943E1	1.587007E-1
4.330000E1	4.797751E1	1.621905E-1
4.333333E1	4.796482E1	1.475494E-1
4.336667E1	4.795605E1	1.444347E-1
4.340000E1	4.794912E1	1.084203E-1
4.343333E1	4.793949E1	8.362462E-2
4.346667E1	4.794492E1	9.059964E-2
