	masse A		
t	x	y	
0.000000E0	-6.020192E-3	6.020192E-3
3.333333E-2	-1.158162E-2	3.548851E-3
6.666667E-2	-2.058434E-2	3.864598E-3
1.000000E-1	-3.647893E-2	3.054984E-3
1.333333E-1	-3.244391E-2	4.846197E-3
1.666667E-1	-1.197629E-1	-3.909499E-2
2.000000E-1	-1.675823E-1	-5.337694E-2
2.333333E-1	-2.131217E-1	-8.421772E-2
2.666667E-1	-3.086406E-1	-9.087941E-2
3.000000E-1	-3.401668E-1	-1.030315E-1
3.333333E-1	-4.723107E-1	-1.438105E-1
3.666667E-1	-5.583616E-1	-1.691697E-1
4.000000E-1	-5.803293E-1	-1.658107E-1
4.333333E-1	-6.510764E-1	-1.823669E-1
4.666667E-1	-6.726833E-1	-1.959846E-1
5.000000E-1	-6.651858E-1	-2.163096E-1
5.333333E-1	-6.492406E-1	-2.216632E-1
5.666667E-1	-6.241176E-1	-2.096943E-1
6.000000E-1	-6.030465E-1	-2.071368E-1
6.333333E-1	-5.807441E-1	-2.051081E-1
6.666667E-1	-4.981983E-1	-2.002879E-1
7.000000E-1	-4.478514E-1	-1.909531E-1
7.333333E-1	-3.983684E-1	-1.834984E-1
7.666667E-1	-2.963705E-1	-1.640919E-1
8.000000E-1	-2.592974E-1	-1.270441E-1
8.333333E-1	-1.450195E-1	-8.808770E-2
8.666667E-1	-4.891892E-2	-5.051266E-2
9.000000E-1	-1.269187E-2	-4.173493E-2
9.333333E-1	1.204942E-1	-3.569762E-2
9.666667E-1	1.651527E-1	-2.066083E-2
1.000000E0	2.847213E-1	2.913764E-2
1.033333E0	3.983162E-1	4.580535E-2
1.066667E0	4.405126E-1	6.587297E-2
1.100000E0	5.568613E-1	8.953796E-2
1.133333E0	5.865843E-1	8.881289E-2
1.166667E0	7.104999E-1	9.587274E-2
1.200000E0	7.728776E-1	9.155878E-2
1.233333E0	8.251138E-1	9.278877E-2
1.266667E0	8.948542E-1	8.410775E-2
1.300000E0	9.117990E-1	8.985135E-2
1.333333E0	9.973076E-1	9.951892E-2
1.366667E0	1.039960E0	9.314734E-2
1.400000E0	1.065257E0	9.092439E-2
1.433333E0	1.129670E0	8.547571E-2
1.466667E0	1.150487E0	8.474379E-2
1.500000E0	1.210194E0	7.911079E-2
1.533333E0	1.245873E0	7.784495E-2
1.566667E0	1.253668E0	7.312286E-2
1.600000E0	1.272976E0	6.941477E-2
1.633333E0	1.294522E0	6.891709E-2
1.666667E0	1.301740E0	6.078655E-2
1.700000E0	1.307580E0	4.688036E-2
1.733333E0	1.300337E0	5.858297E-2
1.766667E0	1.292300E0	4.567556E-2
1.800000E0	1.285353E0	4.302240E-2
1.833333E0	1.274314E0	2.583917E-2
1.866667E0	1.251752E0	-3.437368E-2
1.900000E0	1.216495E0	-6.507322E-2
1.933333E0	1.164052E0	-9.002148E-2
1.966667E0	1.126460E0	-1.220762E-1
2.000000E0	1.098000E0	-1.664985E-1
2.033333E0	1.046327E0	-2.286468E-1
2.066667E0	1.056670E0	-2.283665E-1
2.100000E0	1.059454E0	-2.402829E-1
2.133333E0	1.072567E0	-2.443347E-1
2.166667E0	1.079024E0	-2.376121E-1
2.200000E0	1.102470E0	-2.423251E-1
2.233333E0	1.107478E0	-2.295771E-1
2.266667E0	1.126795E0	-2.243883E-1
2.300000E0	1.155134E0	-2.193672E-1
2.333333E0	1.213532E0	-2.162615E-1
2.366667E0	1.292707E0	-2.079981E-1
2.400000E0	1.323380E0	-2.050460E-1
2.433333E0	1.413648E0	-1.951525E-1
2.466667E0	1.468731E0	-1.874429E-1
2.500000E0	1.543674E0	-1.761590E-1
2.533333E0	1.670406E0	-1.502148E-1
2.566667E0	1.708690E0	-1.287214E-1
2.600000E0	1.824168E0	-1.179098E-1
2.633333E0	1.885451E0	-9.562592E-2
2.666667E0	1.982581E0	-5.545392E-2
2.700000E0	2.122258E0	-4.543438E-3
2.733333E0	2.144635E0	1.098795E-2
2.766667E0	2.231033E0	3.474746E-2
2.800000E0	2.290091E0	6.811677E-2
2.833333E0	2.352202E0	1.032977E-1
2.866667E0	2.430389E0	1.310610E-1
2.900000E0	2.451346E0	1.538540E-1
2.933333E0	2.481268E0	1.671651E-1
2.966667E0	2.482803E0	1.754032E-1
3.000000E0	2.506751E0	1.855272E-1
3.033333E0	2.559809E0	1.938853E-1
3.066667E0	2.583889E0	2.152355E-1
3.100000E0	2.610434E0	2.191182E-1
3.133333E0	2.620251E0	2.168892E-1
3.166667E0	2.627499E0	2.155465E-1
3.200000E0	2.644876E0	2.116646E-1
3.233333E0	2.665672E0	2.090722E-1
3.266667E0	2.682772E0	2.009120E-1
3.300000E0	2.683991E0	1.966328E-1
3.333333E0	2.678299E0	1.898607E-1
3.366667E0	2.663653E0	1.607895E-1
3.400000E0	2.662816E0	1.375410E-1
3.433333E0	2.643618E0	1.192158E-1
3.466667E0	2.643087E0	1.114658E-1
3.500000E0	2.623142E0	8.309197E-2
3.533333E0	2.531510E0	6.179358E-2
3.566667E0	2.515281E0	6.184398E-2
3.600000E0	2.465368E0	6.088191E-2
3.633333E0	2.405341E0	3.561624E-2
3.666667E0	2.333644E0	-5.357971E-3
3.700000E0	2.256176E0	-4.769811E-2
3.733333E0	2.236132E0	-6.945406E-2
3.766667E0	2.212660E0	-8.699534E-2
3.800000E0	2.220666E0	-9.690505E-2
3.833333E0	2.241131E0	-9.137748E-2
3.866667E0	2.255645E0	-1.001428E-1
3.900000E0	2.260086E0	-8.411444E-2
3.933333E0	2.294448E0	-8.129799E-2
3.966667E0	2.331540E0	-7.989361E-2
4.000000E0	2.376081E0	-6.994481E-2
4.033333E0	2.464534E0	-5.594807E-2
4.066667E0	2.491462E0	-5.519147E-2
4.100000E0	2.593121E0	-4.034223E-2
4.133333E0	2.661646E0	-3.236270E-2
4.166667E0	2.747337E0	-1.025758E-2
4.200000E0	2.904664E0	2.622106E-2
4.233333E0	2.945858E0	3.065208E-2
4.266667E0	3.075347E0	3.052896E-2
4.300000E0	3.164820E0	4.946216E-2
4.333333E0	3.283766E0	8.294708E-2
4.366667E0	3.443840E0	1.121438E-1
4.400000E0	3.481276E0	1.121336E-1
4.433333E0	3.585510E0	1.085805E-1
4.466667E0	3.638947E0	1.253460E-1
4.500000E0	3.715525E0	1.629779E-1
4.533333E0	3.791512E0	1.916273E-1
4.566667E0	3.825623E0	2.238802E-1
4.600000E0	3.882697E0	2.416201E-1
4.633333E0	3.921870E0	2.537846E-1
4.666667E0	3.958385E0	2.527364E-1
4.700000E0	4.026488E0	2.527915E-1
4.733333E0	4.030966E0	2.461482E-1
4.766667E0	4.055376E0	2.441351E-1
4.800000E0	4.072885E0	2.358582E-1
4.833333E0	4.097301E0	2.251460E-1
4.866667E0	4.148442E0	2.186927E-1
4.900000E0	4.176273E0	2.160831E-1
4.933333E0	4.195621E0	2.038965E-1
4.966667E0	4.205371E0	1.968218E-1
5.000000E0	4.206852E0	1.898026E-1
5.033333E0	4.212590E0	1.580778E-1
5.066667E0	4.201585E0	1.436784E-1
5.100000E0	4.190156E0	1.198377E-1
5.133333E0	4.182611E0	1.152673E-1
5.166667E0	4.165834E0	1.174694E-1
5.200000E0	4.111999E0	1.147170E-1
5.233333E0	4.086567E0	1.212055E-1
5.266667E0	4.044070E0	1.290722E-1
5.300000E0	3.990323E0	1.225058E-1
5.333333E0	3.926076E0	1.142274E-1
5.366667E0	3.845462E0	5.055149E-2
5.400000E0	3.828831E0	4.600437E-2
5.433333E0	3.824043E0	3.714345E-2
5.466667E0	3.819499E0	8.728382E-3
5.500000E0	3.829045E0	-5.079194E-3
5.533333E0	3.858509E0	-1.340576E-2
5.566667E0	3.868567E0	-2.094389E-2
5.600000E0	3.928079E0	-1.398739E-2
5.633333E0	3.947427E0	-1.929523E-2
5.666667E0	4.002360E0	-9.569662E-3
5.700000E0	4.089984E0	1.196954E-3
5.733333E0	4.127713E0	9.081102E-3
5.766667E0	4.231224E0	1.632537E-2
5.800000E0	4.297574E0	1.799868E-2
5.833333E0	4.404314E0	2.719772E-2
5.866667E0	4.564638E0	3.540257E-2
5.900000E0	4.617797E0	2.404601E-2
5.933333E0	4.756403E0	1.825335E-2
5.966667E0	4.840960E0	3.219609E-2
6.000000E0	4.957437E0	3.228500E-2
6.033333E0	5.111740E0	5.591973E-2
6.066667E0	5.147116E0	8.064734E-2
6.100000E0	5.239068E0	8.986393E-2
6.133333E0	5.316748E0	9.626677E-2
6.166667E0	5.395138E0	1.074266E-1
6.200000E0	5.487916E0	1.252524E-1
6.233333E0	5.518617E0	1.518098E-1
6.266667E0	5.590227E0	1.656617E-1
6.300000E0	5.620013E0	1.703647E-1
6.333333E0	5.666251E0	1.775142E-1
6.366667E0	5.744931E0	1.728171E-1
6.400000E0	5.772358E0	1.647436E-1
6.433333E0	5.820160E0	1.598212E-1
6.466667E0	5.857746E0	1.541279E-1
6.500000E0	5.895277E0	1.481188E-1
6.533333E0	5.945494E0	1.378133E-1
6.566667E0	5.944690E0	1.395243E-1
6.600000E0	5.970005E0	1.327066E-1
6.633333E0	5.994023E0	1.287177E-1
6.666667E0	6.002794E0	1.178680E-1
6.700000E0	6.006377E0	8.512014E-2
6.733333E0	5.998444E0	7.100516E-2
6.766667E0	5.991271E0	5.454117E-2
6.800000E0	5.986497E0	4.434952E-2
6.833333E0	5.977698E0	3.581016E-2
6.866667E0	5.935894E0	3.262026E-3
6.900000E0	5.906005E0	-9.404125E-3
6.933333E0	5.855558E0	-9.540745E-3
6.966667E0	5.797057E0	-2.065924E-2
7.000000E0	5.760231E0	-4.525187E-2
7.033333E0	5.712754E0	-7.998918E-2
7.066667E0	5.701229E0	-8.641293E-2
7.100000E0	5.696356E0	-9.907550E-2
7.133333E0	5.706091E0	-9.386448E-2
7.166667E0	5.725092E0	-8.798940E-2
7.200000E0	5.766839E0	-9.974656E-2
7.233333E0	5.791044E0	-8.294785E-2
7.266667E0	5.811541E0	-7.860842E-2
7.300000E0	5.838248E0	-7.137172E-2
7.333333E0	5.899903E0	-6.881196E-2
7.366667E0	6.009505E0	-5.619846E-2
7.400000E0	6.043843E0	-5.231228E-2
7.433333E0	6.162429E0	-4.922434E-2
7.466667E0	6.219168E0	-2.916862E-2
7.500000E0	6.314994E0	4.117375E-3
7.533333E0	6.481968E0	1.850175E-2
7.566667E0	6.537699E0	2.353192E-2
7.600000E0	6.691111E0	1.508171E-2
7.633333E0	6.789549E0	2.224365E-2
7.666667E0	6.900949E0	3.065185E-2
7.700000E0	7.064384E0	5.848810E-2
7.733333E0	7.098872E0	7.949072E-2
7.766667E0	7.196686E0	9.534537E-2
7.800000E0	7.280299E0	1.050737E-1
7.833333E0	7.356507E0	1.072089E-1
7.866667E0	7.456366E0	1.392504E-1
7.900000E0	7.475940E0	1.496806E-1
7.933333E0	7.555927E0	1.630604E-1
7.966667E0	7.612198E0	1.688844E-1
8.000000E0	7.651360E0	1.676000E-1
8.033333E0	7.721108E0	1.738101E-1
8.066667E0	7.741560E0	1.640457E-1
8.100000E0	7.809385E0	1.577595E-1
8.133333E0	7.848202E0	1.499803E-1
8.166667E0	7.899333E0	1.508881E-1
8.200000E0	7.948457E0	1.389287E-1
8.233333E0	7.961381E0	1.424855E-1
8.266667E0	7.996622E0	1.345132E-1
8.300000E0	8.020028E0	1.312894E-1
8.333333E0	8.036729E0	1.228225E-1
8.366667E0	8.067890E0	8.231286E-2
8.400000E0	8.078914E0	6.417423E-2
8.433333E0	8.084231E0	5.024777E-2
8.466667E0	8.085593E0	4.620249E-2
8.500000E0	8.079763E0	4.682585E-2
8.533333E0	8.048734E0	6.329276E-2
8.566667E0	8.017879E0	6.069775E-2
8.600000E0	7.962249E0	6.480372E-2
8.633333E0	7.925768E0	4.928486E-2
8.666667E0	7.898525E0	2.953091E-2
8.700000E0	7.847125E0	-1.630103E-2
8.733333E0	7.860986E0	-1.006404E-2
8.766667E0	7.877952E0	-1.856532E-2
8.800000E0	7.891156E0	-2.339210E-2
8.833333E0	7.911561E0	-2.117380E-2
8.866667E0	7.993479E0	-2.463288E-2
8.900000E0	8.027454E0	-1.851143E-2
8.933333E0	8.092100E0	-1.197516E-2
8.966667E0	8.136252E0	-9.562925E-3
9.000000E0	8.217972E0	1.107699E-3
9.033333E0	8.331518E0	1.675571E-2
9.066667E0	8.373896E0	2.109201E-2
9.100000E0	8.485501E0	2.709062E-2
9.133333E0	8.557174E0	3.371486E-2
9.166667E0	8.684409E0	3.633706E-2
9.200000E0	8.841615E0	6.073872E-2
9.233333E0	8.902768E0	6.672329E-2
9.266667E0	9.034136E0	8.509447E-2
9.300000E0	9.144289E0	1.046002E-1
9.333333E0	9.281444E0	1.107332E-1
9.366667E0	9.449851E0	1.212553E-1
9.400000E0	9.484834E0	1.381760E-1
9.433333E0	9.593922E0	1.499906E-1
9.466667E0	9.666454E0	1.667013E-1
9.500000E0	9.743049E0	1.724349E-1
9.533333E0	9.860975E0	1.780603E-1
9.566667E0	9.903818E0	1.757874E-1
9.600000E0	9.983301E0	1.709880E-1
9.633333E0	1.002343E1	1.785654E-1
9.666667E0	1.008410E1	1.697734E-1
9.700000E0	1.017821E1	1.736298E-1
9.733333E0	1.019543E1	1.651916E-1
9.766667E0	1.026090E1	1.577475E-1
9.800000E0	1.030490E1	1.537611E-1
9.833333E0	1.035715E1	1.517174E-1
9.866667E0	1.042249E1	1.436241E-1
9.900000E0	1.043280E1	1.457963E-1
9.933333E0	1.047558E1	1.377280E-1
9.966667E0	1.050150E1	1.390909E-1
1.000000E1	1.051310E1	1.144548E-1
1.003333E1	1.054755E1	1.161981E-1
1.006667E1	1.056011E1	1.181772E-1
1.010000E1	1.059055E1	8.428076E-2
1.013333E1	1.060984E1	6.625618E-2
1.016667E1	1.062101E1	6.123964E-2
1.020000E1	1.061266E1	5.750347E-2
1.023333E1	1.060230E1	6.641588E-2
1.026667E1	1.056744E1	5.711363E-2
1.030000E1	1.054568E1	5.368677E-2
1.033333E1	1.049912E1	2.116769E-2
1.036667E1	1.047282E1	-1.253150E-2
1.040000E1	1.047224E1	-1.910728E-2
1.043333E1	1.048632E1	-2.762634E-2
1.046667E1	1.049307E1	-1.773739E-2
1.050000E1	1.053923E1	-3.225244E-2
1.053333E1	1.057154E1	-6.145116E-2
1.056667E1	1.060825E1	-7.077744E-2
1.060000E1	1.068160E1	-7.207312E-2
1.063333E1	1.071009E1	-7.088792E-2
1.066667E1	1.081332E1	-6.878156E-2
1.070000E1	1.088733E1	-5.753462E-2
1.073333E1	1.096384E1	-4.591568E-2
1.076667E1	1.106662E1	-5.095867E-2
1.080000E1	1.110860E1	-3.831861E-2
1.083333E1	1.126308E1	-2.590346E-2
1.086667E1	1.139229E1	6.059212E-4
1.090000E1	1.142678E1	6.818739E-3
1.093333E1	1.159328E1	1.644751E-2
1.096667E1	1.168831E1	2.757998E-2
1.100000E1	1.185034E1	4.038414E-2
1.103333E1	1.195979E1	3.894415E-2
1.106667E1	1.200474E1	3.073000E-2
1.110000E1	1.212891E1	3.511501E-2
1.113333E1	1.216332E1	3.470274E-2
1.116667E1	1.227110E1	7.262238E-2
1.120000E1	1.234853E1	9.383490E-2
1.123333E1	1.237957E1	9.255415E-2
1.126667E1	1.245428E1	1.005541E-1
1.130000E1	1.247612E1	1.084509E-1
1.133333E1	1.256802E1	1.152710E-1
1.136667E1	1.262247E1	1.449194E-1
1.140000E1	1.266670E1	1.471382E-1
1.143333E1	1.271902E1	1.483412E-1
1.146667E1	1.274487E1	1.480024E-1
1.150000E1	1.283733E1	1.427822E-1
1.153333E1	1.289323E1	1.395049E-1
1.156667E1	1.293618E1	1.376591E-1
1.160000E1	1.298875E1	1.335939E-1
1.163333E1	1.300730E1	1.360877E-1
1.166667E1	1.305855E1	1.112453E-1
1.170000E1	1.308073E1	8.084989E-2
1.173333E1	1.308578E1	7.063148E-2
1.176667E1	1.309767E1	6.028352E-2
1.180000E1	1.309520E1	5.788632E-2
1.183333E1	1.309113E1	5.274299E-2
1.186667E1	1.307350E1	5.988934E-2
1.190000E1	1.305733E1	5.719612E-2
1.193333E1	1.302330E1	6.173613E-2
1.196667E1	1.299942E1	5.279542E-2
1.200000E1	1.294971E1	2.147084E-2
1.203333E1	1.292116E1	-1.400536E-2
1.206667E1	1.292203E1	-2.017419E-2
1.210000E1	1.293192E1	-2.749878E-2
1.213333E1	1.293629E1	-1.780416E-2
1.216667E1	1.299316E1	-3.988954E-2
1.220000E1	1.302577E1	-6.052508E-2
1.223333E1	1.305599E1	-6.941726E-2
1.226667E1	1.312477E1	-7.219684E-2
1.230000E1	1.315421E1	-7.002072E-2
1.233333E1	1.324044E1	-6.626956E-2
1.236667E1	1.330505E1	-5.575306E-2
1.240000E1	1.336920E1	-5.327752E-2
1.243333E1	1.347349E1	-4.984073E-2
1.246667E1	1.351688E1	-4.693352E-2
1.250000E1	1.365621E1	-2.596576E-2
1.253333E1	1.377688E1	-1.919463E-3
1.256667E1	1.381302E1	1.480210E-2
1.260000E1	1.397968E1	2.047080E-2
1.263333E1	1.407108E1	1.947094E-2
1.266667E1	1.423336E1	4.785467E-2
1.270000E1	1.434332E1	6.992831E-2
1.273333E1	1.439082E1	8.289763E-2
1.276667E1	1.451722E1	9.766284E-2
1.280000E1	1.456268E1	9.917324E-2
1.283333E1	1.470987E1	1.133230E-1
1.286667E1	1.479555E1	1.116845E-1
1.290000E1	1.483151E1	9.899251E-2
1.293333E1	1.490648E1	9.854707E-2
1.296667E1	1.493093E1	1.161109E-1
1.300000E1	1.502073E1	1.530848E-1
1.303333E1	1.507788E1	1.566910E-1
1.306667E1	1.512651E1	1.576074E-1
1.310000E1	1.517779E1	1.528199E-1
1.313333E1	1.519772E1	1.551782E-1
1.316667E1	1.526438E1	1.452123E-1
1.320000E1	1.530992E1	1.396122E-1
1.323333E1	1.533704E1	1.417379E-1
1.326667E1	1.538621E1	1.312030E-1
1.330000E1	1.540111E1	1.350359E-1
1.333333E1	1.544456E1	1.225178E-1
1.336667E1	1.546691E1	1.180606E-1
1.340000E1	1.547187E1	1.274771E-1
1.343333E1	1.550039E1	1.049387E-1
1.346667E1	1.551675E1	8.117045E-2
1.350000E1	1.552912E1	7.179123E-2
1.353333E1	1.552084E1	6.892313E-2
1.356667E1	1.551174E1	6.138275E-2
1.360000E1	1.547543E1	5.854973E-2
1.363333E1	1.545256E1	5.513600E-2
1.366667E1	1.540376E1	1.840444E-2
1.370000E1	1.537922E1	-1.336451E-2
1.373333E1	1.538162E1	-2.077780E-2
1.376667E1	1.539915E1	-3.783312E-2
1.380000E1	1.539815E1	-5.231936E-2
1.383333E1	1.543613E1	-8.298890E-2
1.386667E1	1.548565E1	-8.870233E-2
1.390000E1	1.551718E1	-9.350967E-2
1.393333E1	1.558274E1	-8.697637E-2
1.396667E1	1.561397E1	-8.309784E-2
1.400000E1	1.570358E1	-7.400686E-2
1.403333E1	1.576692E1	-5.683094E-2
1.406667E1	1.581268E1	-4.812904E-2
1.410000E1	1.592046E1	-5.168303E-2
1.413333E1	1.596015E1	-4.014765E-2
1.416667E1	1.610600E1	-2.834902E-2
1.420000E1	1.623011E1	1.986900E-3
1.423333E1	1.631332E1	5.886259E-3
1.426667E1	1.646738E1	1.730728E-2
1.430000E1	1.652906E1	2.782080E-2
1.433333E1	1.665033E1	2.608801E-2
1.436667E1	1.680588E1	4.249876E-2
1.440000E1	1.683782E1	6.541735E-2
1.443333E1	1.697047E1	8.837756E-2
1.446667E1	1.702593E1	9.661260E-2
1.450000E1	1.716807E1	1.053887E-1
1.453333E1	1.725011E1	1.065582E-1
1.456667E1	1.728464E1	1.012675E-1
1.460000E1	1.736387E1	1.005492E-1
1.463333E1	1.738315E1	1.111820E-1
1.466667E1	1.747698E1	1.193263E-1
1.470000E1	1.753617E1	1.412023E-1
1.473333E1	1.758893E1	1.428498E-1
1.476667E1	1.766980E1	1.459389E-1
1.480000E1	1.769773E1	1.483232E-1
1.483333E1	1.778217E1	1.465820E-1
1.486667E1	1.782890E1	1.373545E-1
1.490000E1	1.787252E1	1.396407E-1
1.493333E1	1.792157E1	1.374849E-1
1.496667E1	1.793762E1	1.374934E-1
1.500000E1	1.799095E1	1.263139E-1
1.503333E1	1.803159E1	1.045167E-1
1.506667E1	1.805596E1	8.151556E-2
1.510000E1	1.808391E1	7.276877E-2
1.513333E1	1.808378E1	6.836147E-2
1.516667E1	1.811474E1	4.872840E-2
1.520000E1	1.812127E1	6.076179E-2
1.523333E1	1.811850E1	6.018524E-2
1.526667E1	1.811070E1	4.839766E-2
1.530000E1	1.811515E1	5.084745E-2
1.533333E1	1.808935E1	1.067466E-2
1.536667E1	1.807809E1	-1.191585E-2
1.540000E1	1.807726E1	-2.480020E-2
1.543333E1	1.811217E1	-5.244466E-2
1.546667E1	1.813282E1	-6.544035E-2
1.550000E1	1.819806E1	-8.373583E-2
1.553333E1	1.825059E1	-9.293747E-2
1.556667E1	1.830881E1	-1.016098E-1
1.560000E1	1.841066E1	-8.829799E-2
1.563333E1	1.844335E1	-8.351883E-2
1.566667E1	1.855669E1	-8.312260E-2
1.570000E1	1.864169E1	-6.567030E-2
1.573333E1	1.872649E1	-5.739473E-2
1.576667E1	1.883521E1	-5.464708E-2
1.580000E1	1.889064E1	-4.884142E-2
1.583333E1	1.906981E1	-2.107608E-2
1.586667E1	1.920684E1	6.403337E-3
1.590000E1	1.923311E1	5.804164E-3
1.593333E1	1.939845E1	2.120774E-2
1.596667E1	1.950049E1	2.763038E-2
1.600000E1	1.969102E1	4.496045E-2
1.603333E1	1.981804E1	7.688007E-2
1.606667E1	1.983089E1	8.078555E-2
1.610000E1	1.999290E1	8.804470E-2
1.613333E1	2.005809E1	9.511524E-2
1.616667E1	2.021188E1	1.041062E-1
1.620000E1	2.030159E1	1.039388E-1
1.623333E1	2.034983E1	1.000645E-1
1.626667E1	2.045423E1	1.020658E-1
1.630000E1	2.048643E1	1.070600E-1
1.633333E1	2.059542E1	1.123875E-1
1.636667E1	2.065531E1	1.054661E-1
1.640000E1	2.069188E1	9.357769E-2
1.643333E1	2.079305E1	8.821707E-2
1.646667E1	2.082941E1	9.093772E-2
1.650000E1	2.092166E1	8.455623E-2
1.653333E1	2.098108E1	8.083212E-2
1.656667E1	2.103766E1	7.469208E-2
1.660000E1	2.110840E1	7.025791E-2
1.663333E1	2.113832E1	6.211040E-2
1.666667E1	2.122214E1	5.310147E-2
1.670000E1	2.126773E1	5.311080E-2
1.673333E1	2.128006E1	5.245356E-2
1.676667E1	2.132464E1	5.411071E-2
1.680000E1	2.132945E1	6.130965E-2
1.683333E1	2.136394E1	4.764065E-2
1.686667E1	2.138707E1	5.980133E-2
1.690000E1	2.138304E1	6.374647E-2
1.693333E1	2.137925E1	5.930178E-2
1.696667E1	2.137433E1	5.611679E-2
1.700000E1	2.136673E1	1.712245E-2
1.703333E1	2.137240E1	-5.201913E-3
1.706667E1	2.138473E1	-1.889832E-2
1.710000E1	2.140454E1	-3.385244E-2
1.713333E1	2.141236E1	-5.038472E-2
1.716667E1	2.148581E1	-7.458594E-2
1.720000E1	2.152545E1	-7.745112E-2
1.723333E1	2.156936E1	-7.509312E-2
1.726667E1	2.166385E1	-7.571332E-2
1.730000E1	2.169545E1	-7.720509E-2
1.733333E1	2.180396E1	-6.667813E-2
1.736667E1	2.189380E1	-5.862295E-2
1.740000E1	2.195409E1	-4.960442E-2
1.743333E1	2.208376E1	-4.583981E-2
1.746667E1	2.213246E1	-4.143538E-2
1.750000E1	2.229467E1	-2.170387E-2
1.753333E1	2.243133E1	1.135418E-2
1.756667E1	2.248551E1	2.268265E-2
1.760000E1	2.264004E1	1.692972E-2
1.763333E1	2.271944E1	2.355743E-2
1.766667E1	2.290438E1	4.196160E-2
1.770000E1	2.300943E1	3.957552E-2
1.773333E1	2.305366E1	2.085438E-2
1.776667E1	2.318244E1	2.607074E-2
1.780000E1	2.324678E1	3.365935E-2
1.783333E1	2.338425E1	3.103743E-2
1.786667E1	2.346862E1	3.591489E-2
1.790000E1	2.350164E1	2.393857E-2
1.793333E1	2.358260E1	3.722495E-2
1.796667E1	2.362427E1	3.654865E-2
1.800000E1	2.371444E1	5.002208E-2
1.803333E1	2.374111E1	6.488882E-2
1.806667E1	2.379962E1	8.084017E-2
1.810000E1	2.390334E1	8.082834E-2
1.813333E1	2.392638E1	7.934289E-2
1.816667E1	2.400861E1	7.834849E-2
1.820000E1	2.405310E1	7.689297E-2
1.823333E1	2.409541E1	7.342549E-2
1.826667E1	2.416731E1	6.599285E-2
1.830000E1	2.419974E1	6.251617E-2
1.833333E1	2.423669E1	6.205879E-2
1.836667E1	2.430148E1	5.231167E-2
1.840000E1	2.430043E1	6.007194E-2
1.843333E1	2.432645E1	5.377831E-2
1.846667E1	2.434621E1	6.125586E-2
1.850000E1	2.435616E1	6.354933E-2
1.853333E1	2.435481E1	6.691143E-2
1.856667E1	2.434822E1	6.570908E-2
1.860000E1	2.433528E1	5.556890E-2
1.863333E1	2.432471E1	5.137312E-2
1.866667E1	2.430579E1	3.872616E-2
1.870000E1	2.429595E1	-7.537936E-3
1.873333E1	2.428312E1	-1.651970E-2
1.876667E1	2.429136E1	-1.943527E-2
1.880000E1	2.429857E1	-1.850780E-2
1.883333E1	2.432971E1	-2.233368E-2
1.886667E1	2.439792E1	-2.516687E-2
1.890000E1	2.442790E1	-1.585041E-2
1.893333E1	2.449478E1	-8.098097E-3
1.896667E1	2.452737E1	-4.038105E-3
1.900000E1	2.461167E1	2.570319E-3
1.903333E1	2.471801E1	1.673673E-2
1.906667E1	2.475536E1	1.673034E-2
1.910000E1	2.486325E1	1.534782E-2
1.913333E1	2.492847E1	3.210718E-2
1.916667E1	2.501481E1	3.743102E-2
1.920000E1	2.517393E1	6.397094E-2
1.923333E1	2.524565E1	8.187918E-2
1.926667E1	2.539529E1	9.115359E-2
1.930000E1	2.546990E1	1.002676E-1
1.933333E1	2.558408E1	1.023625E-1
1.936667E1	2.569648E1	1.133766E-1
1.940000E1	2.573638E1	1.027302E-1
1.943333E1	2.583427E1	9.574689E-2
1.946667E1	2.591547E1	1.041512E-1
1.950000E1	2.599405E1	9.912027E-2
1.953333E1	2.607902E1	1.037653E-1
1.956667E1	2.610357E1	9.891887E-2
1.960000E1	2.614736E1	1.005450E-1
1.963333E1	2.617855E1	1.080262E-1
1.966667E1	2.620521E1	1.111914E-1
1.970000E1	2.627068E1	1.137121E-1
1.973333E1	2.629185E1	1.036664E-1
1.976667E1	2.633576E1	9.633640E-2
1.980000E1	2.637313E1	9.470658E-2
1.983333E1	2.640628E1	8.933164E-2
1.986667E1	2.646538E1	8.812942E-2
1.990000E1	2.647011E1	8.119988E-2
1.993333E1	2.649541E1	7.435228E-2
1.996667E1	2.651795E1	7.408913E-2
2.000000E1	2.654163E1	7.081844E-2
2.003333E1	2.655241E1	6.059777E-2
2.006667E1	2.656648E1	6.308412E-2
2.010000E1	2.657432E1	5.920162E-2
2.013333E1	2.657831E1	6.164999E-2
2.016667E1	2.656726E1	5.906066E-2
2.020000E1	2.656381E1	5.605323E-2
2.023333E1	2.655961E1	6.181261E-2
2.026667E1	2.653542E1	5.394130E-2
2.030000E1	2.648825E1	3.172223E-2
2.033333E1	2.645015E1	-1.573695E-3
2.036667E1	2.641550E1	-5.349479E-2
2.040000E1	2.642204E1	-7.094967E-2
2.043333E1	2.642974E1	-8.719965E-2
2.046667E1	2.643907E1	-9.092210E-2
2.050000E1	2.645337E1	-9.115191E-2
2.053333E1	2.651035E1	-1.054336E-1
2.056667E1	2.652770E1	-1.235081E-1
2.060000E1	2.657817E1	-1.366573E-1
2.063333E1	2.661171E1	-1.436494E-1
2.066667E1	2.665331E1	-1.380494E-1
2.070000E1	2.675269E1	-1.242791E-1
2.073333E1	2.677611E1	-1.254055E-1
2.076667E1	2.687713E1	-1.214404E-1
2.080000E1	2.693534E1	-1.099152E-1
2.083333E1	2.707962E1	-8.159491E-2
2.086667E1	2.723273E1	-5.262673E-2
2.090000E1	2.726029E1	-5.002723E-2
2.093333E1	2.736843E1	-5.610875E-2
2.096667E1	2.746595E1	-3.977376E-2
2.100000E1	2.754285E1	-3.231815E-2
2.103333E1	2.764635E1	-3.024931E-3
2.106667E1	2.768164E1	9.109241E-3
2.110000E1	2.777162E1	1.217689E-2
2.113333E1	2.785360E1	1.318703E-2
2.116667E1	2.793071E1	1.458704E-2
2.120000E1	2.801173E1	2.798388E-2
2.123333E1	2.803436E1	2.478659E-2
2.126667E1	2.808599E1	2.613704E-2
2.130000E1	2.812665E1	3.019409E-2
2.133333E1	2.816462E1	3.234453E-2
2.136667E1	2.823260E1	3.624415E-2
2.140000E1	2.824946E1	2.576580E-2
2.143333E1	2.830303E1	1.545949E-2
2.146667E1	2.833800E1	1.284892E-2
2.150000E1	2.837148E1	5.927739E-3
2.153333E1	2.844411E1	5.769209E-4
2.156667E1	2.846371E1	-2.352678E-4
2.160000E1	2.850340E1	-1.070477E-2
2.163333E1	2.853964E1	-9.408697E-3
2.166667E1	2.856524E1	-1.383571E-2
2.170000E1	2.860066E1	-3.190497E-2
2.173333E1	2.860721E1	-5.460332E-2
2.176667E1	2.861855E1	-6.716948E-2
2.180000E1	2.861513E1	-7.075833E-2
2.183333E1	2.860965E1	-8.055651E-2
2.186667E1	2.860173E1	-8.665754E-2
2.190000E1	2.859598E1	-8.615748E-2
2.193333E1	2.857471E1	-9.951349E-2
2.196667E1	2.855228E1	-1.057758E-1
2.200000E1	2.852097E1	-1.519992E-1
2.203333E1	2.850421E1	-1.913798E-1
2.206667E1	2.851581E1	-2.105143E-1
2.210000E1	2.853749E1	-2.256996E-1
2.213333E1	2.855036E1	-2.295096E-1
2.216667E1	2.857267E1	-2.436352E-1
2.220000E1	2.864257E1	-2.453209E-1
2.223333E1	2.867794E1	-2.321977E-1
2.226667E1	2.874034E1	-2.242614E-1
2.230000E1	2.876951E1	-2.252281E-1
2.233333E1	2.882486E1	-2.187527E-1
2.236667E1	2.892252E1	-1.991875E-1
2.240000E1	2.895338E1	-2.000401E-1
2.243333E1	2.906101E1	-1.960276E-1
2.246667E1	2.911006E1	-1.768318E-1
2.250000E1	2.919822E1	-1.772903E-1
2.253333E1	2.935991E1	-1.610131E-1
2.256667E1	2.937397E1	-1.401427E-1
2.260000E1	2.949406E1	-1.340391E-1
2.263333E1	2.959964E1	-1.156014E-1
2.266667E1	2.968745E1	-1.060973E-1
2.270000E1	2.981853E1	-8.715673E-2
2.273333E1	2.986169E1	-6.825616E-2
2.276667E1	2.994189E1	-5.967236E-2
2.280000E1	3.002422E1	-5.352945E-2
2.283333E1	3.009997E1	-4.996797E-2
2.286667E1	3.017890E1	-3.278723E-2
2.290000E1	3.020166E1	-4.192820E-2
2.293333E1	3.025670E1	-4.118785E-2
2.296667E1	3.030137E1	-2.710799E-2
2.300000E1	3.035972E1	9.869185E-3
2.303333E1	3.042440E1	1.882538E-2
2.306667E1	3.044922E1	1.219634E-2
2.310000E1	3.051453E1	1.062350E-2
2.313333E1	3.053934E1	9.290056E-3
2.316667E1	3.059798E1	6.227104E-3
2.320000E1	3.067847E1	-3.159344E-3
2.323333E1	3.070544E1	1.589497E-3
2.326667E1	3.075438E1	-5.857609E-3
2.330000E1	3.078823E1	-9.399334E-3
2.333333E1	3.082075E1	-1.584119E-2
2.336667E1	3.088444E1	-2.341259E-2
2.340000E1	3.091062E1	-1.524918E-2
2.343333E1	3.093152E1	-1.674085E-2
2.346667E1	3.093353E1	-1.223626E-2
2.350000E1	3.093700E1	-7.139687E-3
2.353333E1	3.092589E1	-1.548046E-2
2.356667E1	3.091592E1	-1.868516E-2
2.360000E1	3.090475E1	-3.447124E-2
2.363333E1	3.089512E1	-7.608829E-2
2.366667E1	3.089495E1	-1.057952E-1
2.370000E1	3.087608E1	-1.386489E-1
2.373333E1	3.086909E1	-1.434442E-1
2.376667E1	3.088719E1	-1.665313E-1
2.380000E1	3.091640E1	-1.653531E-1
2.383333E1	3.094399E1	-1.674763E-1
2.386667E1	3.101151E1	-1.731557E-1
2.390000E1	3.102915E1	-1.612095E-1
2.393333E1	3.111341E1	-1.481950E-1
2.396667E1	3.116075E1	-1.477206E-1
2.400000E1	3.121395E1	-1.433546E-1
2.403333E1	3.132497E1	-1.243368E-1
2.406667E1	3.137314E1	-1.243973E-1
2.410000E1	3.147048E1	-1.216845E-1
2.413333E1	3.154776E1	-1.077417E-1
2.416667E1	3.165918E1	-1.029357E-1
2.420000E1	3.182294E1	-9.238350E-2
2.423333E1	3.189051E1	-7.273158E-2
2.426667E1	3.204407E1	-5.543727E-2
2.430000E1	3.212488E1	-4.016573E-2
2.433333E1	3.222404E1	-1.948131E-2
2.436667E1	3.238206E1	2.066598E-2
2.440000E1	3.240785E1	1.398276E-2
2.443333E1	3.252532E1	9.631196E-3
2.446667E1	3.259858E1	2.602454E-2
2.450000E1	3.265666E1	2.769580E-2
2.453333E1	3.275894E1	3.610555E-2
2.456667E1	3.279201E1	2.989713E-2
2.460000E1	3.287117E1	2.823122E-2
2.463333E1	3.291643E1	3.907062E-2
2.466667E1	3.297893E1	4.150000E-2
2.470000E1	3.308132E1	4.522871E-2
2.473333E1	3.310321E1	7.168941E-2
2.476667E1	3.318255E1	7.587746E-2
2.480000E1	3.322099E1	7.384983E-2
2.483333E1	3.328796E1	7.049606E-2
2.486667E1	3.338370E1	6.884856E-2
2.490000E1	3.341344E1	6.707240E-2
2.493333E1	3.350271E1	6.920720E-2
2.496667E1	3.354452E1	6.341135E-2
2.500000E1	3.359551E1	5.410358E-2
2.503333E1	3.367523E1	3.567317E-2
2.506667E1	3.368973E1	1.855164E-2
2.510000E1	3.374259E1	2.715798E-4
2.513333E1	3.377642E1	-7.806314E-3
2.516667E1	3.381603E1	-1.939460E-3
2.520000E1	3.383243E1	-2.892697E-3
2.523333E1	3.382262E1	-5.895440E-3
2.526667E1	3.382050E1	-2.698702E-2
2.530000E1	3.382448E1	-3.621415E-2
2.533333E1	3.381067E1	-7.698269E-2
2.536667E1	3.382765E1	-1.142436E-1
2.540000E1	3.382987E1	-1.306450E-1
2.543333E1	3.387521E1	-1.503178E-1
2.546667E1	3.390530E1	-1.522078E-1
2.550000E1	3.394816E1	-1.543601E-1
2.553333E1	3.403484E1	-1.651015E-1
2.556667E1	3.407355E1	-1.587462E-1
2.560000E1	3.417296E1	-1.513361E-1
2.563333E1	3.422961E1	-1.539033E-1
2.566667E1	3.430410E1	-1.446153E-1
2.570000E1	3.444256E1	-1.247702E-1
2.573333E1	3.450142E1	-1.255946E-1
2.576667E1	3.463408E1	-1.242772E-1
2.580000E1	3.472077E1	-1.085937E-1
2.583333E1	3.485197E1	-1.108809E-1
2.586667E1	3.504239E1	-8.513320E-2
2.590000E1	3.508991E1	-7.614380E-2
2.593333E1	3.524424E1	-6.348162E-2
2.596667E1	3.534662E1	-2.436641E-2
2.600000E1	3.545424E1	7.416734E-3
2.603333E1	3.562715E1	2.987086E-2
2.606667E1	3.564664E1	2.221012E-2
2.610000E1	3.577899E1	1.159961E-2
2.613333E1	3.586320E1	2.638836E-2
2.616667E1	3.595255E1	3.361459E-2
2.620000E1	3.606002E1	5.281258E-2
2.623333E1	3.608901E1	7.066938E-2
2.626667E1	3.618243E1	8.957947E-2
2.630000E1	3.624226E1	1.020637E-1
2.633333E1	3.631528E1	1.071958E-1
2.636667E1	3.641799E1	1.073594E-1
2.640000E1	3.644605E1	9.807294E-2
2.643333E1	3.654590E1	9.008955E-2
2.646667E1	3.659390E1	8.500425E-2
2.650000E1	3.667709E1	8.029915E-2
2.653333E1	3.679569E1	7.726703E-2
2.656667E1	3.682172E1	7.431008E-2
2.660000E1	3.690759E1	7.326693E-2
2.663333E1	3.695619E1	6.689942E-2
2.666667E1	3.702728E1	5.729804E-2
2.670000E1	3.709215E1	4.979555E-2
2.673333E1	3.714450E1	5.589293E-2
2.676667E1	3.722660E1	5.733813E-2
2.680000E1	3.724341E1	5.205323E-2
2.683333E1	3.732376E1	5.391292E-2
2.686667E1	3.735339E1	6.598138E-2
2.690000E1	3.735720E1	6.411369E-2
2.693333E1	3.735431E1	5.632793E-2
2.696667E1	3.735162E1	5.488113E-2
2.700000E1	3.736582E1	2.440941E-2
2.703333E1	3.736747E1	-4.488085E-3
2.706667E1	3.737492E1	-1.849263E-2
2.710000E1	3.741684E1	-3.103349E-2
2.713333E1	3.743264E1	-5.571195E-2
2.716667E1	3.750392E1	-6.896807E-2
2.720000E1	3.756060E1	-7.946396E-2
2.723333E1	3.761091E1	-7.664235E-2
2.726667E1	3.770326E1	-7.767430E-2
2.730000E1	3.773187E1	-7.416010E-2
2.733333E1	3.783773E1	-7.562710E-2
2.736667E1	3.792821E1	-5.974502E-2
2.740000E1	3.799737E1	-5.856559E-2
2.743333E1	3.811723E1	-5.287085E-2
2.746667E1	3.816915E1	-4.196989E-2
2.750000E1	3.830831E1	-2.606068E-2
2.753333E1	3.842142E1	-2.526228E-3
2.756667E1	3.845115E1	8.618326E-3
2.760000E1	3.859992E1	1.819887E-2
2.763333E1	3.868834E1	2.773000E-2
2.766667E1	3.885009E1	5.525608E-2
2.770000E1	3.894396E1	8.689035E-2
2.773333E1	3.899255E1	8.868020E-2
2.776667E1	3.911447E1	9.415814E-2
2.780000E1	3.915378E1	9.885384E-2
2.783333E1	3.924634E1	1.056157E-1
2.786667E1	3.928688E1	1.069666E-1
2.790000E1	3.931738E1	1.075119E-1
2.793333E1	3.937388E1	1.093570E-1
2.796667E1	3.939350E1	1.118282E-1
2.800000E1	3.944898E1	1.225964E-1
2.803333E1	3.949482E1	1.584826E-1
2.806667E1	3.953117E1	1.659769E-1
2.810000E1	3.958368E1	1.618720E-1
2.813333E1	3.960766E1	1.580149E-1
2.816667E1	3.967750E1	1.499253E-1
2.820000E1	3.971449E1	1.444143E-1
2.823333E1	3.974232E1	1.465018E-1
2.826667E1	3.979979E1	1.430268E-1
2.830000E1	3.982218E1	1.424604E-1
2.833333E1	3.986760E1	1.315111E-1
2.836667E1	3.990931E1	1.260300E-1
2.840000E1	3.994439E1	1.281773E-1
2.843333E1	3.997486E1	1.281912E-1
2.846667E1	3.997063E1	1.309597E-1
2.850000E1	3.998814E1	1.262076E-1
2.853333E1	4.000822E1	1.376217E-1
2.856667E1	4.000082E1	1.397992E-1
2.860000E1	3.997549E1	1.413914E-1
2.863333E1	3.994493E1	1.361258E-1
2.866667E1	3.989818E1	1.196223E-1
2.870000E1	3.987949E1	1.015987E-1
2.873333E1	3.987625E1	7.410123E-2
2.876667E1	3.987889E1	6.175585E-2
2.880000E1	3.987997E1	6.476298E-2
2.883333E1	3.990253E1	6.934847E-2
2.886667E1	3.992312E1	6.524360E-2
2.890000E1	3.995735E1	6.971527E-2
2.893333E1	4.000573E1	6.847346E-2
2.896667E1	4.002971E1	6.908563E-2
2.900000E1	4.009629E1	8.620739E-2
2.903333E1	4.015051E1	9.225355E-2
2.906667E1	4.019752E1	9.526314E-2
2.910000E1	4.029471E1	9.640452E-2
2.913333E1	4.032847E1	1.061691E-1
2.916667E1	4.043142E1	1.196430E-1
2.920000E1	4.052037E1	1.493583E-1
2.923333E1	4.057451E1	1.685092E-1
2.926667E1	4.067745E1	1.714447E-1
2.930000E1	4.069414E1	1.711259E-1
2.933333E1	4.081808E1	1.952658E-1
2.936667E1	4.087570E1	2.203058E-1
2.940000E1	4.091392E1	2.337360E-1
2.943333E1	4.096292E1	2.372624E-1
2.946667E1	4.098434E1	2.408862E-1
2.950000E1	4.102215E1	2.520217E-1
2.953333E1	4.104911E1	2.523421E-1
2.956667E1	4.104983E1	2.496800E-1
2.960000E1	4.107213E1	2.539890E-1
2.963333E1	4.109467E1	2.507672E-1
2.966667E1	4.112854E1	2.536949E-1
2.970000E1	4.113877E1	2.506764E-1
2.973333E1	4.116942E1	2.442694E-1
2.976667E1	4.119013E1	2.427359E-1
2.980000E1	4.119894E1	2.358525E-1
2.983333E1	4.122692E1	2.250397E-1
2.986667E1	4.125697E1	2.200752E-1
2.990000E1	4.127093E1	2.192896E-1
2.993333E1	4.128747E1	2.061853E-1
2.996667E1	4.130841E1	2.086294E-1
3.000000E1	4.133444E1	2.039176E-1
3.003333E1	4.134120E1	2.007915E-1
3.006667E1	4.133771E1	1.963647E-1
3.010000E1	4.133870E1	1.889198E-1
3.013333E1	4.133255E1	1.977401E-1
3.016667E1	4.132403E1	2.004625E-1
3.020000E1	4.131315E1	2.085033E-1
3.023333E1	4.129444E1	2.085630E-1
3.026667E1	4.125333E1	2.037755E-1
3.030000E1	4.122432E1	1.980669E-1
3.033333E1	4.116754E1	1.541617E-1
3.036667E1	4.114445E1	1.263545E-1
3.040000E1	4.114893E1	1.193497E-1
3.043333E1	4.115356E1	1.061662E-1
3.046667E1	4.116461E1	8.689903E-2
3.050000E1	4.118041E1	7.011120E-2
3.053333E1	4.119431E1	7.224731E-2
3.056667E1	4.121300E1	6.576710E-2
3.060000E1	4.125434E1	6.483007E-2
3.063333E1	4.126483E1	7.010802E-2
3.066667E1	4.132378E1	7.544737E-2
3.070000E1	4.137139E1	8.630655E-2
3.073333E1	4.141779E1	9.071901E-2
3.076667E1	4.148579E1	9.703717E-2
3.080000E1	4.150698E1	9.624553E-2
3.083333E1	4.161813E1	1.132474E-1
3.086667E1	4.169979E1	1.112811E-1
3.090000E1	4.173613E1	9.859661E-2
3.093333E1	4.184159E1	9.681455E-2
3.096667E1	4.187912E1	1.038084E-1
3.100000E1	4.196550E1	1.171104E-1
3.103333E1	4.201927E1	1.346032E-1
3.106667E1	4.206075E1	1.494399E-1
3.110000E1	4.210227E1	1.551409E-1
3.113333E1	4.211862E1	1.591885E-1
3.116667E1	4.215811E1	1.620170E-1
3.120000E1	4.218509E1	1.711931E-1
3.123333E1	4.219346E1	1.720809E-1
3.126667E1	4.220522E1	1.806929E-1
3.130000E1	4.220119E1	1.727429E-1
3.133333E1	4.221041E1	1.840365E-1
3.136667E1	4.220697E1	1.798556E-1
3.140000E1	4.220674E1	1.754651E-1
3.143333E1	4.221072E1	1.755391E-1
3.146667E1	4.220254E1	1.663419E-1
3.150000E1	4.222191E1	1.519051E-1
3.153333E1	4.225652E1	1.448780E-1
3.156667E1	4.226163E1	1.448532E-1
3.160000E1	4.227251E1	1.398201E-1
3.163333E1	4.226798E1	1.423363E-1
3.166667E1	4.227915E1	1.344496E-1
3.170000E1	4.227260E1	1.299087E-1
3.173333E1	4.227011E1	1.205618E-1
3.176667E1	4.227185E1	1.122638E-1
3.180000E1	4.226796E1	8.156873E-2
3.183333E1	4.225187E1	6.539187E-2
3.186667E1	4.223539E1	6.333957E-2
3.190000E1	4.221993E1	5.972314E-2
3.193333E1	4.218107E1	5.828846E-2
3.196667E1	4.215785E1	4.879367E-2
3.200000E1	4.210977E1	1.003685E-2
3.203333E1	4.207361E1	-1.435512E-2
3.206667E1	4.205152E1	-2.782346E-2
3.210000E1	4.204763E1	-3.956251E-2
3.213333E1	4.204712E1	-5.673590E-2
3.216667E1	4.206020E1	-7.397895E-2
3.220000E1	4.208025E1	-7.978928E-2
3.223333E1	4.211898E1	-7.767055E-2
3.226667E1	4.216560E1	-7.787627E-2
3.230000E1	4.219177E1	-7.333971E-2
3.233333E1	4.225710E1	-7.072519E-2
3.236667E1	4.230753E1	-6.431071E-2
3.240000E1	4.235308E1	-5.357909E-2
3.243333E1	4.244226E1	-4.965403E-2
3.246667E1	4.249021E1	-4.152162E-2
3.250000E1	4.260915E1	-3.139323E-2
3.253333E1	4.269574E1	-2.822755E-2
3.256667E1	4.275735E1	-8.874050E-3
3.260000E1	4.287996E1	1.119307E-2
3.263333E1	4.293166E1	1.668516E-2
3.266667E1	4.304189E1	2.852062E-2
3.270000E1	4.311602E1	3.060382E-2
3.273333E1	4.316392E1	2.014464E-2
3.276667E1	4.323600E1	2.312846E-2
3.280000E1	4.327068E1	2.789005E-2
3.283333E1	4.333172E1	3.131416E-2
3.286667E1	4.337346E1	3.585019E-2
3.290000E1	4.337589E1	2.792088E-2
3.293333E1	4.342691E1	3.137838E-2
3.296667E1	4.343180E1	3.089120E-2
3.300000E1	4.347696E1	3.621223E-2
3.303333E1	4.350777E1	3.477611E-2
3.306667E1	4.352873E1	2.374271E-2
3.310000E1	4.358174E1	2.188775E-2
3.313333E1	4.358591E1	1.703992E-2
3.316667E1	4.364343E1	6.517359E-3
3.320000E1	4.367856E1	-3.084182E-3
3.323333E1	4.370912E1	-2.520537E-3
3.326667E1	4.375920E1	-1.320959E-2
3.330000E1	4.377955E1	-7.318160E-3
3.333333E1	4.382644E1	-2.256303E-2
3.336667E1	4.385989E1	-2.901824E-2
3.340000E1	4.387023E1	-2.287760E-2
3.343333E1	4.389337E1	-2.817397E-2
3.346667E1	4.391634E1	-2.472999E-2
3.350000E1	4.393525E1	-1.320312E-2
3.353333E1	4.393129E1	-7.789601E-3
3.356667E1	4.391828E1	-1.173825E-2
3.360000E1	4.389514E1	-2.004817E-2
3.363333E1	4.389231E1	-2.221020E-2
3.366667E1	4.386451E1	-5.086965E-2
3.370000E1	4.383222E1	-8.299099E-2
3.373333E1	4.383608E1	-8.793154E-2
3.376667E1	4.383877E1	-9.737583E-2
3.380000E1	4.384560E1	-8.639264E-2
3.383333E1	4.386083E1	-8.865117E-2
3.386667E1	4.388450E1	-9.763183E-2
3.390000E1	4.392538E1	-8.313589E-2
3.393333E1	4.396247E1	-8.041045E-2
3.396667E1	4.399052E1	-7.538918E-2
3.400000E1	4.405559E1	-7.255935E-2
3.403333E1	4.410923E1	-6.092605E-2
3.406667E1	4.416342E1	-4.809542E-2
3.410000E1	4.422928E1	-4.605854E-2
3.413333E1	4.425629E1	-4.374600E-2
3.416667E1	4.435617E1	-2.903881E-2
3.420000E1	4.443841E1	6.101955E-3
3.423333E1	4.448266E1	1.177614E-2
3.426667E1	4.459084E1	2.771369E-2
3.430000E1	4.462600E1	2.957892E-2
3.433333E1	4.472328E1	5.186436E-2
3.436667E1	4.477361E1	7.924258E-2
3.440000E1	4.480039E1	9.267419E-2
3.443333E1	4.485094E1	1.064197E-1
3.446667E1	4.487208E1	1.034985E-1
3.450000E1	4.491468E1	1.090775E-1
3.453333E1	4.493728E1	1.125939E-1
3.456667E1	4.494537E1	1.075330E-1
3.460000E1	4.495780E1	1.207040E-1
3.463333E1	4.495131E1	1.524779E-1
3.466667E1	4.498361E1	1.721241E-1
3.470000E1	4.501851E1	1.801946E-1
3.473333E1	4.502874E1	1.750868E-1
3.476667E1	4.505909E1	1.687441E-1
3.480000E1	4.508172E1	1.617471E-1
3.483333E1	4.512210E1	1.490013E-1
3.486667E1	4.516444E1	1.502377E-1
3.490000E1	4.518081E1	1.470939E-1
3.493333E1	4.520585E1	1.412848E-1
3.496667E1	4.522622E1	1.409015E-1
3.500000E1	4.525323E1	1.393522E-1
3.503333E1	4.528235E1	1.173675E-1
3.506667E1	4.529766E1	1.274768E-1
3.510000E1	4.531975E1	1.275248E-1
3.513333E1	4.532305E1	1.326561E-1
3.516667E1	4.532000E1	1.347414E-1
3.520000E1	4.531228E1	1.362421E-1
3.523333E1	4.530097E1	1.389607E-1
3.526667E1	4.527144E1	1.215243E-1
3.530000E1	4.525910E1	1.189607E-1
3.533333E1	4.524987E1	9.601650E-2
3.536667E1	4.520915E1	4.726305E-2
3.540000E1	4.521624E1	4.444212E-2
3.543333E1	4.523223E1	3.211653E-2
3.546667E1	4.524491E1	1.135850E-2
3.550000E1	4.526491E1	7.045279E-4
3.553333E1	4.532364E1	-6.326165E-3
3.556667E1	4.533530E1	-3.494106E-3
3.560000E1	4.540518E1	-3.832144E-3
3.563333E1	4.545010E1	-2.062912E-3
3.566667E1	4.549906E1	5.525579E-3
3.570000E1	4.560260E1	2.346071E-2
3.573333E1	4.562783E1	2.054341E-2
3.576667E1	4.572555E1	2.561451E-2
3.580000E1	4.579436E1	3.308189E-2
3.583333E1	4.587549E1	3.416725E-2
3.586667E1	4.601688E1	4.253917E-2
3.590000E1	4.606394E1	6.750357E-2
3.593333E1	4.619093E1	8.194645E-2
3.596667E1	4.624972E1	1.016125E-1
3.600000E1	4.632363E1	1.078208E-1
3.603333E1	4.641860E1	1.085924E-1
3.606667E1	4.645308E1	1.021244E-1
3.610000E1	4.652315E1	1.024971E-1
3.613333E1	4.656509E1	1.100842E-1
3.616667E1	4.662304E1	1.121139E-1
3.620000E1	4.666900E1	1.141075E-1
3.623333E1	4.668089E1	1.006356E-1
3.626667E1	4.671375E1	1.092173E-1
3.630000E1	4.674534E1	1.103515E-1
3.633333E1	4.677513E1	1.081768E-1
3.636667E1	4.683438E1	1.175349E-1
3.640000E1	4.683798E1	1.414866E-1
3.643333E1	4.687374E1	1.450090E-1
3.646667E1	4.691163E1	1.442034E-1
3.650000E1	4.694738E1	1.424078E-1
3.653333E1	4.701853E1	1.379052E-1
3.656667E1	4.704012E1	1.386983E-1
3.660000E1	4.708142E1	1.373555E-1
3.663333E1	4.711943E1	1.338459E-1
3.666667E1	4.714062E1	1.210463E-1
3.670000E1	4.719464E1	1.125694E-1
3.673333E1	4.719274E1	7.510164E-2
3.676667E1	4.721496E1	5.937845E-2
3.680000E1	4.724220E1	6.482189E-2
3.683333E1	4.725182E1	6.403359E-2
3.686667E1	4.724050E1	6.215167E-2
3.690000E1	4.723793E1	6.296003E-2
3.693333E1	4.720539E1	5.526747E-2
3.696667E1	4.719091E1	5.333970E-2
3.700000E1	4.716271E1	3.393640E-2
3.703333E1	4.712090E1	-4.002618E-3
3.706667E1	4.710842E1	-7.987653E-3
3.710000E1	4.709858E1	-1.745807E-2
3.713333E1	4.710394E1	-1.342717E-2
3.716667E1	4.711602E1	-8.204752E-3
3.720000E1	4.713666E1	-1.153107E-2
3.723333E1	4.716495E1	-4.232104E-3
3.726667E1	4.719660E1	-4.526405E-3
3.730000E1	4.720540E1	-7.407687E-3
3.733333E1	4.725695E1	8.753200E-4
3.736667E1	4.731210E1	1.835556E-2
3.740000E1	4.733541E1	2.351429E-2
3.743333E1	4.738985E1	2.824533E-2
3.746667E1	4.742959E1	3.889530E-2
3.750000E1	4.750362E1	3.549654E-2
3.753333E1	4.760402E1	6.092456E-2
3.756667E1	4.762051E1	8.141334E-2
3.760000E1	4.767872E1	9.382814E-2
3.763333E1	4.774254E1	1.053264E-1
3.766667E1	4.779740E1	1.011227E-1
3.770000E1	4.783079E1	1.293192E-1
3.773333E1	4.784200E1	1.479238E-1
3.776667E1	4.785679E1	1.555191E-1
3.780000E1	4.787886E1	1.630571E-1
3.783333E1	4.789300E1	1.713150E-1
3.786667E1	4.788737E1	1.803814E-1
3.790000E1	4.788591E1	1.777054E-1
3.793333E1	4.788193E1	1.783851E-1
3.796667E1	4.787901E1	1.764192E-1
3.800000E1	4.788055E1	1.795970E-1
3.803333E1	4.787042E1	1.903267E-1
3.806667E1	4.788002E1	2.067803E-1
3.810000E1	4.787753E1	2.180895E-1
3.813333E1	4.787894E1	2.194259E-1
3.816667E1	4.787749E1	2.136088E-1
3.820000E1	4.787327E1	2.071193E-1
3.823333E1	4.787886E1	2.135746E-1
3.826667E1	4.786826E1	2.132168E-1
3.830000E1	4.786414E1	2.089098E-1
3.833333E1	4.785986E1	2.063096E-1
3.836667E1	4.782694E1	1.993645E-1
3.840000E1	4.780950E1	2.007681E-1
3.843333E1	4.776841E1	2.063606E-1
3.846667E1	4.773128E1	2.042721E-1
3.850000E1	4.768162E1	2.139278E-1
3.853333E1	4.758420E1	2.151774E-1
3.856667E1	4.754225E1	2.197143E-1
3.860000E1	4.743923E1	2.203963E-1
3.863333E1	4.737730E1	2.024240E-1
3.866667E1	4.730343E1	1.976508E-1
3.870000E1	4.719214E1	1.761040E-1
3.873333E1	4.716130E1	1.591984E-1
3.876667E1	4.710718E1	1.456628E-1
3.880000E1	4.708100E1	1.409238E-1
3.883333E1	4.706293E1	1.420532E-1
3.886667E1	4.703732E1	1.465799E-1
3.890000E1	4.703180E1	1.480638E-1
3.893333E1	4.701992E1	1.478755E-1
3.896667E1	4.701646E1	1.489244E-1
3.900000E1	4.701636E1	1.553152E-1
3.903333E1	4.702481E1	1.690278E-1
3.906667E1	4.703328E1	1.700789E-1
3.910000E1	4.704679E1	1.792741E-1
3.913333E1	4.705002E1	1.827301E-1
3.916667E1	4.706973E1	1.741289E-1
3.920000E1	4.714216E1	1.776774E-1
3.923333E1	4.716977E1	1.800134E-1
3.926667E1	4.721291E1	1.739426E-1
3.930000E1	4.725261E1	1.782717E-1
3.933333E1	4.727170E1	1.852671E-1
3.936667E1	4.727444E1	1.812771E-1
3.940000E1	4.725701E1	1.760851E-1
3.943333E1	4.724264E1	1.772964E-1
3.946667E1	4.724330E1	1.738515E-1
3.950000E1	4.722942E1	1.758142E-1
3.953333E1	4.722009E1	1.748293E-1
3.956667E1	4.721890E1	1.726566E-1
3.960000E1	4.721407E1	1.768286E-1
3.963333E1	4.721388E1	1.707195E-1
3.966667E1	4.721964E1	1.736563E-1
3.970000E1	4.721420E1	1.735986E-1
3.973333E1	4.722253E1	1.662523E-1
3.976667E1	4.722408E1	1.615444E-1
3.980000E1	4.722519E1	1.559543E-1
3.983333E1	4.722835E1	1.454497E-1
3.986667E1	4.723067E1	1.375441E-1
3.990000E1	4.723235E1	1.442877E-1
3.993333E1	4.723282E1	1.355898E-1
3.996667E1	4.723384E1	1.325655E-1
4.000000E1	4.723442E1	1.259683E-1
4.003333E1	4.723813E1	1.057449E-1
4.006667E1	4.723955E1	7.062252E-2
4.010000E1	4.723742E1	4.652844E-2
4.013333E1	4.723588E1	4.460855E-2
4.016667E1	4.722553E1	4.392895E-2
4.020000E1	4.718511E1	4.806339E-2
4.023333E1	4.714158E1	4.994084E-2
4.026667E1	4.710295E1	4.575667E-2
4.030000E1	4.707664E1	1.437486E-2
4.033333E1	4.704470E1	-2.262528E-2
4.036667E1	4.698986E1	-7.320202E-2
4.040000E1	4.700706E1	-8.121229E-2
4.043333E1	4.702226E1	-1.049298E-1
4.046667E1	4.702557E1	-1.341796E-1
4.050000E1	4.704176E1	-1.516342E-1
4.053333E1	4.705971E1	-1.662775E-1
4.056667E1	4.705857E1	-1.574195E-1
4.060000E1	4.709657E1	-1.578870E-1
4.063333E1	4.711662E1	-1.565591E-1
4.066667E1	4.715412E1	-1.449372E-1
4.070000E1	4.723582E1	-1.377999E-1
4.073333E1	4.726525E1	-1.350313E-1
4.076667E1	4.734360E1	-1.345598E-1
4.080000E1	4.738029E1	-1.273551E-1
4.083333E1	4.747007E1	-1.213243E-1
4.086667E1	4.759746E1	-1.117388E-1
4.090000E1	4.763973E1	-1.229984E-1
4.093333E1	4.776660E1	-1.190314E-1
4.096667E1	4.782467E1	-1.113651E-1
4.100000E1	4.791027E1	-1.137772E-1
4.103333E1	4.802242E1	-1.151165E-1
4.106667E1	4.805081E1	-1.188742E-1
4.110000E1	4.812193E1	-1.234728E-1
4.113333E1	4.815984E1	-1.165401E-1
4.116667E1	4.821340E1	-1.163806E-1
4.120000E1	4.826683E1	-1.132608E-1
4.123333E1	4.828573E1	-1.157032E-1
4.126667E1	4.831920E1	-1.169314E-1
4.130000E1	4.834935E1	-1.129075E-1
4.133333E1	4.838216E1	-1.182733E-1
4.136667E1	4.845205E1	-1.202495E-1
4.140000E1	4.847854E1	-1.259750E-1
4.143333E1	4.853510E1	-1.319622E-1
4.146667E1	4.857573E1	-1.302103E-1
4.150000E1	4.861211E1	-1.430672E-1
4.153333E1	4.869297E1	-1.438035E-1
4.156667E1	4.871561E1	-1.457263E-1
4.160000E1	4.876881E1	-1.533991E-1
4.163333E1	4.880178E1	-1.549370E-1
4.166667E1	4.885586E1	-1.600743E-1
4.170000E1	4.892005E1	-1.925674E-1
4.173333E1	4.893199E1	-2.144212E-1
4.176667E1	4.896477E1	-2.294715E-1
4.180000E1	4.899421E1	-2.389985E-1
4.183333E1	4.901031E1	-2.410164E-1
4.186667E1	4.900514E1	-2.360244E-1
4.190000E1	4.898887E1	-2.276384E-1
4.193333E1	4.896689E1	-2.404066E-1
4.196667E1	4.895592E1	-2.466791E-1
4.200000E1	4.895463E1	-2.613541E-1
4.203333E1	4.894348E1	-3.173761E-1
4.206667E1	4.895600E1	-3.107439E-1
4.210000E1	4.897306E1	-3.183145E-1
4.213333E1	4.897996E1	-3.061230E-1
4.216667E1	4.899496E1	-2.995278E-1
4.220000E1	4.903876E1	-2.976977E-1
4.223333E1	4.904248E1	-2.925621E-1
4.226667E1	4.909465E1	-2.922541E-1
4.230000E1	4.914128E1	-2.875622E-1
4.233333E1	4.917283E1	-2.897465E-1
4.236667E1	4.925677E1	-2.731664E-1
4.240000E1	4.928081E1	-2.706606E-1
4.243333E1	4.935132E1	-2.645282E-1
4.246667E1	4.939095E1	-2.509033E-1
4.250000E1	4.945344E1	-2.436325E-1
4.253333E1	4.956394E1	-1.722550E-1
4.256667E1	4.959542E1	-1.475243E-1
4.260000E1	4.969222E1	-1.353402E-1
4.263333E1	4.974641E1	-1.244660E-1
4.266667E1	4.981721E1	-1.189834E-1
4.270000E1	4.988609E1	-1.033253E-1
4.273333E1	4.990500E1	-1.047845E-1
4.276667E1	4.992010E1	-7.837088E-2
4.280000E1	4.992967E1	-5.304568E-2
4.283333E1	4.992952E1	-4.418650E-2
4.286667E1	4.993060E1	-1.760174E-2
4.290000E1	4.992466E1	5.627491E-5
4.293333E1	4.991829E1	2.122407E-2
4.296667E1	4.991490E1	3.230207E-2
4.300000E1	4.991523E1	3.332027E-2
4.303333E1	4.991638E1	4.516802E-2
4.306667E1	4.991606E1	7.561421E-2
4.310000E1	4.991730E1	8.572216E-2
4.313333E1	4.991814E1	8.788761E-2
4.316667E1	4.991779E1	8.680650E-2
4.320000E1	4.991955E1	8.394052E-2
4.323333E1	4.991734E1	8.227256E-2
4.326667E1	4.991128E1	8.098704E-2
4.330000E1	4.990802E1	7.873874E-2
4.333333E1	4.990146E1	7.432490E-2
4.336667E1	4.989328E1	6.785241E-2
4.340000E1	4.988715E1	6.767801E-2
4.343333E1	4.986863E1	6.780795E-2
4.346667E1	4.983393E1	6.668521E-2
4.350000E1	4.977750E1	6.988063E-2
4.353333E1	4.971477E1	7.919474E-2
4.356667E1	4.964256E1	7.669178E-2
4.360000E1	4.954276E1	7.545774E-2
4.363333E1	4.950425E1	7.085142E-2
4.366667E1	4.936234E1	5.663919E-2
4.370000E1	4.927869E1	4.863597E-2
4.373333E1	4.924309E1	6.051676E-2
4.376667E1	4.918565E1	5.946759E-2
4.380000E1	4.917055E1	6.380515E-2
4.383333E1	4.913533E1	7.239732E-2
4.386667E1	4.910774E1	7.794932E-2
4.390000E1	4.911032E1	7.873811E-2
4.393333E1	4.910793E1	7.998871E-2
4.396667E1	4.910892E1	8.086210E-2
4.400000E1	4.911457E1	9.461546E-2
4.403333E1	4.912371E1	1.051322E-1
4.406667E1	4.912954E1	1.084019E-1
4.410000E1	4.913835E1	1.311352E-1
4.413333E1	4.913830E1	1.529002E-1
4.416667E1	4.918196E1	1.755880E-1
4.420000E1	4.923487E1	1.736144E-1
4.423333E1	4.926164E1	1.893391E-1
4.426667E1	4.931690E1	2.278312E-1
4.430000E1	4.934532E1	2.343258E-1
4.433333E1	4.939879E1	2.499814E-1
4.436667E1	4.940612E1	2.645244E-1
4.440000E1	4.941453E1	2.867879E-1
4.443333E1	4.941982E1	3.036829E-1
4.446667E1	4.941803E1	3.037530E-1
4.450000E1	4.941186E1	3.120909E-1
4.453333E1	4.940376E1	3.129694E-1
4.456667E1	4.939882E1	3.194089E-1
4.460000E1	4.939172E1	3.214657E-1
4.463333E1	4.939195E1	3.194075E-1
4.466667E1	4.939001E1	3.234820E-1
4.470000E1	4.939431E1	3.217969E-1
4.473333E1	4.939865E1	3.135025E-1
4.476667E1	4.940024E1	3.082243E-1
4.480000E1	4.940204E1	3.039495E-1
4.483333E1	4.939989E1	2.916930E-1
4.486667E1	4.940182E1	2.868182E-1
4.490000E1	4.940266E1	2.823171E-1
4.493333E1	4.940043E1	2.754101E-1
4.496667E1	4.939976E1	2.750982E-1
4.500000E1	4.939326E1	2.644858E-1
4.503333E1	4.939253E1	2.636590E-1
4.506667E1	4.939704E1	2.705550E-1
4.510000E1	4.939457E1	2.671473E-1
4.513333E1	4.939537E1	2.717835E-1
4.516667E1	4.937419E1	2.760495E-1
4.520000E1	4.932102E1	2.819862E-1
4.523333E1	4.928007E1	2.811086E-1
4.526667E1	4.919870E1	2.775076E-1
4.530000E1	4.916426E1	2.756770E-1
4.533333E1	4.907526E1	2.295897E-1
4.536667E1	4.902312E1	1.897446E-1
4.540000E1	4.901134E1	1.841714E-1
4.543333E1	4.897839E1	1.518920E-1
4.546667E1	4.896860E1	1.431696E-1
4.550000E1	4.896974E1	1.321135E-1
4.553333E1	4.897297E1	1.201535E-1
4.556667E1	4.897466E1	1.248864E-1
4.560000E1	4.897892E1	1.250571E-1
4.563333E1	4.898067E1	1.295789E-1
4.566667E1	4.899010E1	1.324393E-1
4.570000E1	4.900066E1	1.416319E-1
4.573333E1	4.900353E1	1.478554E-1
4.576667E1	4.903331E1	1.584665E-1
4.580000E1	4.905866E1	1.548605E-1
4.583333E1	4.912113E1	1.701373E-1
4.586667E1	4.917065E1	1.720297E-1
4.590000E1	4.920500E1	1.632076E-1
4.593333E1	4.926032E1	1.614212E-1
4.596667E1	4.928592E1	1.628551E-1
4.600000E1	4.935856E1	1.599727E-1
4.603333E1	4.938825E1	1.649671E-1
4.606667E1	4.941089E1	1.566839E-1
4.610000E1	4.943550E1	1.571470E-1
4.613333E1	4.942866E1	1.552370E-1
4.616667E1	4.942056E1	1.585044E-1
4.620000E1	4.941825E1	1.571530E-1
4.623333E1	4.941192E1	1.588570E-1
4.626667E1	4.940715E1	1.583204E-1
4.630000E1	4.940399E1	1.587345E-1
4.633333E1	4.940458E1	1.690657E-1
4.636667E1	4.940141E1	1.670728E-1
4.640000E1	4.940310E1	1.613129E-1
4.643333E1	4.940291E1	1.573908E-1
4.646667E1	4.940396E1	1.549653E-1
4.650000E1	4.940197E1	1.443832E-1
4.653333E1	4.940470E1	1.434884E-1
4.656667E1	4.940094E1	1.380823E-1
4.660000E1	4.939942E1	1.316921E-1
4.663333E1	4.940009E1	1.348970E-1
4.666667E1	4.938993E1	1.226871E-1
4.670000E1	4.939319E1	1.187017E-1
4.673333E1	4.939768E1	1.235230E-1
4.676667E1	4.939667E1	1.249521E-1
4.680000E1	4.939831E1	1.322632E-1
4.683333E1	4.938647E1	1.393411E-1
4.686667E1	4.937917E1	1.398417E-1
4.690000E1	4.937682E1	1.455869E-1
4.693333E1	4.935658E1	1.403564E-1
