	masse A		
t	x	y	
0.000000E0	-3.594783E-3	3.552714E-15
3.333333E-2	-2.947752E-3	3.906696E-4
6.666667E-2	-9.497611E-3	9.277373E-4
1.000000E-1	-4.130029E-2	8.903614E-4
1.333333E-1	-1.120908E-1	-2.647171E-3
1.666667E-1	-1.720863E-1	-4.202822E-3
2.000000E-1	-2.858639E-1	-1.229359E-2
2.333333E-1	-3.136686E-1	-6.750435E-3
2.666667E-1	-4.259637E-1	-1.017930E-2
3.000000E-1	-4.693282E-1	-8.713420E-3
3.333333E-1	-5.424152E-1	-1.487340E-2
3.666667E-1	-5.230037E-1	-2.887737E-2
4.000000E-1	-4.673561E-1	-1.788115E-2
4.333333E-1	-2.971611E-1	-5.102636E-3
4.666667E-1	-1.282485E-1	2.226245E-3
5.000000E-1	6.313119E-2	5.161626E-3
5.333333E-1	3.957654E-1	2.241494E-2
5.666667E-1	4.603301E-1	8.286694E-3
6.000000E-1	6.079947E-1	1.255849E-2
6.333333E-1	7.131123E-1	1.975881E-2
6.666667E-1	7.772544E-1	3.673323E-3
7.000000E-1	8.676604E-1	2.645889E-3
7.333333E-1	8.767806E-1	7.913353E-3
7.666667E-1	8.900269E-1	1.972270E-2
8.000000E-1	8.830760E-1	2.054757E-2
8.333333E-1	8.450235E-1	2.070398E-2
8.666667E-1	7.086618E-1	3.357024E-3
9.000000E-1	6.049349E-1	-1.213288E-2
9.333333E-1	4.093229E-1	-1.679010E-2
9.666667E-1	2.538965E-1	-7.114906E-2
1.000000E0	2.631235E-2	-1.163587E-1
1.033333E0	-2.267141E-1	-1.703357E-1
1.066667E0	-2.511538E-1	-1.617890E-1
1.100000E0	-2.381019E-1	-1.652997E-1
1.133333E0	-1.966408E-1	-1.611940E-1
1.166667E0	-2.382324E-2	-1.534823E-1
1.200000E0	3.548693E-1	-1.610374E-1
1.233333E0	4.398110E-1	-1.540103E-1
1.266667E0	8.002717E-1	-1.438613E-1
1.300000E0	1.041632E0	-1.338050E-1
1.333333E0	1.231722E0	-1.418275E-1
1.366667E0	1.354828E0	-1.568904E-1
1.400000E0	1.378261E0	-1.633723E-1
1.433333E0	1.440103E0	-1.661283E-1
1.466667E0	1.471481E0	-1.685726E-1
1.500000E0	1.518929E0	-1.452643E-1
1.533333E0	1.502975E0	-1.547562E-1
1.566667E0	1.482508E0	-1.518049E-1
1.600000E0	1.387213E0	-1.534115E-1
1.633333E0	1.246700E0	-1.761329E-1
1.666667E0	1.049183E0	-2.037724E-1
1.700000E0	7.530287E-1	-2.743540E-1
1.733333E0	7.002204E-1	-2.931416E-1
1.766667E0	5.629661E-1	-3.240581E-1
1.800000E0	5.377027E-1	-3.690270E-1
1.833333E0	5.790221E-1	-3.658516E-1
1.866667E0	7.578443E-1	-3.407527E-1
1.900000E0	8.443347E-1	-3.449029E-1
1.933333E0	1.120284E0	-3.521548E-1
1.966667E0	1.206802E0	-3.546529E-1
2.000000E0	1.355567E0	-3.670227E-1
2.033333E0	1.446112E0	-4.018882E-1
2.066667E0	1.465898E0	-4.217667E-1
2.100000E0	1.504834E0	-4.074269E-1
2.133333E0	1.528554E0	-3.953912E-1
2.166667E0	1.504784E0	-3.273006E-1
2.200000E0	1.392134E0	-2.940111E-1
2.233333E0	1.329682E0	-2.864650E-1
2.266667E0	1.193934E0	-2.860425E-1
2.300000E0	1.024373E0	-2.894794E-1
2.333333E0	8.288660E-1	-3.071872E-1
2.366667E0	5.145887E-1	-3.901347E-1
2.400000E0	4.081309E-1	-4.098017E-1
2.433333E0	3.055772E-1	-4.337822E-1
2.466667E0	2.689071E-1	-4.331125E-1
2.500000E0	2.861482E-1	-4.179885E-1
2.533333E0	3.590284E-1	-4.127197E-1
2.566667E0	4.114995E-1	-4.173873E-1
2.600000E0	6.047982E-1	-4.247451E-1
2.633333E0	6.998603E-1	-4.044568E-1
2.666667E0	9.722510E-1	-4.030475E-1
2.700000E0	1.051517E0	-4.221534E-1
2.733333E0	1.099746E0	-4.278794E-1
2.766667E0	1.143055E0	-4.188065E-1
2.800000E0	1.155417E0	-4.105461E-1
2.833333E0	1.136099E0	-3.185138E-1
2.866667E0	1.044015E0	-2.779835E-1
2.900000E0	9.945993E-1	-2.759401E-1
2.933333E0	8.151107E-1	-2.722582E-1
2.966667E0	7.070243E-1	-2.535356E-1
3.000000E0	4.231755E-1	-2.946078E-1
3.033333E0	1.948161E-1	-3.162207E-1
3.066667E0	1.639102E-1	-2.987862E-1
3.100000E0	-1.322661E-1	-4.029940E-1
3.133333E0	-1.618581E-1	-4.076421E-1
3.166667E0	-1.568374E-1	-3.676442E-1
3.200000E0	-9.262654E-2	-3.252723E-1
3.233333E0	-1.652870E-2	-3.275705E-1
3.266667E0	2.295667E-1	-3.351702E-1
3.300000E0	3.213783E-1	-3.115552E-1
3.333333E0	6.021501E-1	-2.899894E-1
3.366667E0	7.018434E-1	-2.844519E-1
3.400000E0	7.469413E-1	-2.904396E-1
3.433333E0	8.322652E-1	-2.737477E-1
3.466667E0	8.574021E-1	-2.708417E-1
3.500000E0	8.569665E-1	-1.848715E-1
3.533333E0	8.216136E-1	-1.573713E-1
3.566667E0	7.333381E-1	-1.339188E-1
3.600000E0	5.700897E-1	-1.259409E-1
3.633333E0	5.110569E-1	-1.056030E-1
3.666667E0	2.340061E-1	-1.229680E-1
3.700000E0	3.266494E-2	-1.532592E-1
3.733333E0	-3.895513E-2	-1.593610E-1
3.766667E0	-2.336485E-1	-1.951986E-1
3.800000E0	-2.525105E-1	-2.197945E-1
3.833333E0	-2.207875E-1	-1.930522E-1
3.866667E0	-1.025164E-1	-1.510980E-1
3.900000E0	-4.410254E-2	-1.501566E-1
3.933333E0	1.887154E-1	-1.365313E-1
3.966667E0	3.243063E-1	-1.136607E-1
4.000000E0	6.332076E-1	-1.206217E-1
4.033333E0	7.714429E-1	-1.319291E-1
4.066667E0	8.283679E-1	-1.465386E-1
4.100000E0	9.699154E-1	-1.414729E-1
4.133333E0	1.011287E0	-1.394261E-1
4.166667E0	1.057984E0	-9.888331E-2
4.200000E0	1.034868E0	-4.742311E-2
4.233333E0	9.864892E-1	-1.913459E-2
4.266667E0	8.756659E-1	1.342542E-2
4.300000E0	8.270372E-1	2.830966E-2
4.333333E0	5.956825E-1	1.769383E-3
4.366667E0	4.218218E-1	-2.642240E-2
4.400000E0	2.927248E-1	-4.708692E-2
4.433333E0	2.072089E-1	-8.807858E-2
4.466667E0	1.887810E-1	-9.411483E-2
4.500000E0	2.658217E-1	-5.352551E-2
4.533333E0	4.065858E-1	-2.578756E-2
4.566667E0	5.423536E-1	5.535354E-3
4.600000E0	8.006730E-1	2.485559E-3
4.633333E0	8.740206E-1	3.168469E-3
4.666667E0	1.199144E0	7.411250E-3
4.700000E0	1.365286E0	-6.470634E-3
4.733333E0	1.474945E0	-1.120057E-2
4.766667E0	1.631200E0	-9.236667E-3
4.800000E0	1.671497E0	-1.055621E-2
4.833333E0	1.747943E0	1.141207E-2
4.866667E0	1.731678E0	3.040712E-2
4.900000E0	1.709845E0	4.090074E-2
4.933333E0	1.627023E0	1.051723E-1
4.966667E0	1.585740E0	1.258308E-1
5.000000E0	1.385038E0	1.201763E-1
5.033333E0	1.217737E0	8.422495E-2
5.066667E0	1.148553E0	5.645916E-2
5.100000E0	1.015927E0	-3.031750E-3
5.133333E0	9.994657E-1	-1.001960E-2
5.166667E0	1.081551E0	2.129146E-2
5.200000E0	1.219280E0	4.493307E-2
5.233333E0	1.410591E0	7.514195E-2
5.266667E0	1.678042E0	7.533888E-2
5.300000E0	1.724337E0	7.916181E-2
5.333333E0	2.061182E0	7.354596E-2
5.366667E0	2.226368E0	5.641771E-2
5.400000E0	2.342885E0	5.770874E-2
5.433333E0	2.505930E0	5.509990E-2
5.466667E0	2.552212E0	5.345582E-2
5.500000E0	2.651912E0	8.600909E-2
5.533333E0	2.669047E0	1.104185E-1
5.566667E0	2.640772E0	1.533156E-1
5.600000E0	2.579164E0	1.725962E-1
5.633333E0	2.530115E0	1.892106E-1
5.666667E0	2.337056E0	1.846198E-1
5.700000E0	2.198405E0	1.535208E-1
5.733333E0	2.143937E0	1.256256E-1
5.766667E0	2.021566E0	6.562010E-2
5.800000E0	2.007662E0	4.717598E-2
5.833333E0	2.088954E0	8.277429E-2
5.866667E0	2.218002E0	1.179386E-1
5.900000E0	2.420293E0	1.383282E-1
5.933333E0	2.677102E0	1.444134E-1
5.966667E0	2.731637E0	1.445658E-1
6.000000E0	3.048596E0	1.355941E-1
6.033333E0	3.188981E0	1.229815E-1
6.066667E0	3.294022E0	1.280419E-1
6.100000E0	3.456145E0	1.160352E-1
6.133333E0	3.506877E0	1.108903E-1
6.166667E0	3.616810E0	1.357367E-1
6.200000E0	3.622750E0	1.489870E-1
6.233333E0	3.603838E0	1.742736E-1
6.266667E0	3.568963E0	1.959903E-1
6.300000E0	3.533028E0	2.323653E-1
6.333333E0	3.357615E0	2.049627E-1
6.366667E0	3.235287E0	1.661945E-1
6.400000E0	3.170645E0	1.167857E-1
6.433333E0	3.067616E0	7.904132E-2
6.466667E0	3.072393E0	4.758336E-2
6.500000E0	3.170094E0	7.820639E-2
6.533333E0	3.308993E0	1.102132E-1
6.566667E0	3.436039E0	1.350521E-1
6.600000E0	3.718485E0	1.424426E-1
6.633333E0	3.816662E0	1.394323E-1
6.666667E0	4.156167E0	1.305877E-1
6.700000E0	4.312112E0	1.206784E-1
6.733333E0	4.429759E0	1.232553E-1
6.766667E0	4.607378E0	1.141385E-1
6.800000E0	4.633208E0	1.094519E-1
6.833333E0	4.744278E0	1.319027E-1
6.866667E0	4.763603E0	1.466063E-1
6.900000E0	4.753045E0	1.709074E-1
6.933333E0	4.729138E0	1.777803E-1
6.966667E0	4.701479E0	1.947488E-1
7.000000E0	4.538334E0	1.796644E-1
7.033333E0	4.418077E0	1.397661E-1
7.066667E0	4.340291E0	8.715969E-2
7.100000E0	4.288358E0	4.289562E-2
7.133333E0	4.288517E0	2.635613E-2
7.166667E0	4.397785E0	3.413341E-2
7.200000E0	4.524509E0	5.719950E-2
7.233333E0	4.730729E0	7.139892E-2
7.266667E0	4.872316E0	7.378171E-2
7.300000E0	4.909933E0	7.330147E-2
7.333333E0	5.362409E0	6.899878E-2
7.366667E0	5.534492E0	5.191888E-2
7.400000E0	5.657336E0	4.999701E-2
7.433333E0	5.830217E0	4.937882E-2
7.466667E0	5.873076E0	4.401371E-2
7.500000E0	6.005437E0	7.831341E-2
7.533333E0	6.050922E0	9.496706E-2
7.566667E0	6.046951E0	1.203451E-1
7.600000E0	6.028804E0	1.662921E-1
7.633333E0	6.015384E0	1.716156E-1
7.666667E0	5.884434E0	1.371232E-1
7.700000E0	5.761541E0	1.126463E-1
7.733333E0	5.710084E0	7.446076E-2
7.766667E0	5.607872E0	1.111018E-2
7.800000E0	5.604100E0	-6.508279E-3
7.833333E0	5.701705E0	8.637530E-3
7.866667E0	5.826671E0	3.567817E-2
7.900000E0	6.012028E0	2.504137E-2
7.933333E0	6.264728E0	1.147260E-2
7.966667E0	6.326052E0	2.703193E-2
8.000000E0	6.645465E0	1.785447E-2
8.033333E0	6.783856E0	2.653012E-3
8.066667E0	6.896268E0	-3.939545E-4
8.100000E0	7.050168E0	-3.444454E-3
8.133333E0	7.094819E0	4.338216E-3
8.166667E0	7.220588E0	1.719244E-2
8.200000E0	7.250183E0	4.589855E-2
8.233333E0	7.252803E0	9.896191E-2
8.266667E0	7.235024E0	1.326317E-1
8.300000E0	7.212526E0	1.538221E-1
8.333333E0	7.059141E0	1.349383E-1
8.366667E0	6.934354E0	1.056163E-1
8.400000E0	6.887233E0	5.818916E-2
8.433333E0	6.802722E0	4.539786E-3
8.466667E0	6.812448E0	-9.747059E-3
8.500000E0	6.896661E0	1.349203E-2
8.533333E0	7.028511E0	4.423518E-2
8.566667E0	7.187055E0	6.672460E-2
8.600000E0	7.442534E0	7.470876E-2
8.633333E0	7.495583E0	7.212466E-2
8.666667E0	7.789665E0	7.387269E-2
8.700000E0	7.916776E0	6.140432E-2
8.733333E0	8.041053E0	6.146330E-2
8.766667E0	8.185071E0	5.648845E-2
8.800000E0	8.212651E0	5.602018E-2
8.833333E0	8.315842E0	9.020440E-2
8.866667E0	8.336522E0	1.240357E-1
8.900000E0	8.328569E0	1.588419E-1
8.933333E0	8.301227E0	1.695406E-1
8.966667E0	8.241771E0	1.982012E-1
9.000000E0	8.076535E0	1.959567E-1
9.033333E0	7.923875E0	1.687432E-1
9.066667E0	7.872372E0	1.322678E-1
9.100000E0	7.745376E0	9.139932E-2
9.133333E0	7.741114E0	5.860574E-2
9.166667E0	7.783430E0	9.358545E-2
9.200000E0	7.896554E0	1.263324E-1
9.233333E0	8.021358E0	1.487698E-1
9.266667E0	8.220627E0	1.425592E-1
9.300000E0	8.326529E0	1.465804E-1
9.333333E0	8.611763E0	1.471715E-1
9.366667E0	8.739518E0	1.288657E-1
9.400000E0	8.790597E0	1.234295E-1
9.433333E0	8.917368E0	1.240919E-1
9.466667E0	8.943985E0	1.288450E-1
9.500000E0	9.019509E0	1.534200E-1
9.533333E0	9.037722E0	1.748885E-1
9.566667E0	9.035978E0	1.747248E-1
9.600000E0	8.938232E0	2.654932E-1
9.633333E0	8.895223E0	2.813431E-1
9.666667E0	8.701411E0	2.732886E-1
9.700000E0	8.547647E0	2.600380E-1
9.733333E0	8.487818E0	2.541730E-1
9.766667E0	8.324076E0	1.610426E-1
9.800000E0	8.309315E0	1.491262E-1
9.833333E0	8.342449E0	1.712079E-1
9.866667E0	8.458674E0	1.914510E-1
9.900000E0	8.612542E0	2.211893E-1
9.933333E0	8.788898E0	2.218084E-1
9.966667E0	8.845783E0	2.237362E-1
1.000000E1	9.087416E0	2.190927E-1
1.003333E1	9.193460E0	1.892312E-1
1.006667E1	9.244188E0	1.691925E-1
1.010000E1	9.359727E0	1.432785E-1
1.013333E1	9.390671E0	1.514669E-1
1.016667E1	9.469321E0	1.782934E-1
1.020000E1	9.470209E0	2.135616E-1
1.023333E1	9.448573E0	2.649094E-1
1.026667E1	9.360612E0	3.042663E-1
1.030000E1	9.314176E0	3.240124E-1
1.033333E1	9.142169E0	3.180913E-1
1.036667E1	8.991138E0	2.761968E-1
1.040000E1	8.867129E0	2.245027E-1
1.043333E1	8.770268E0	1.942550E-1
1.046667E1	8.758314E0	1.816039E-1
1.050000E1	8.795464E0	2.113278E-1
1.053333E1	8.901601E0	2.378523E-1
1.056667E1	9.032805E0	2.371772E-1
1.060000E1	9.228496E0	2.226671E-1
1.063333E1	9.323830E0	2.299842E-1
1.066667E1	9.607842E0	2.190079E-1
1.070000E1	9.714123E0	1.888191E-1
1.073333E1	9.772326E0	1.845908E-1
1.076667E1	9.911865E0	1.666273E-1
1.080000E1	9.944939E0	1.476963E-1
1.083333E1	1.003138E1	1.688360E-1
1.086667E1	1.005083E1	2.001770E-1
1.090000E1	1.005128E1	2.261497E-1
1.093333E1	1.000602E1	2.773681E-1
1.096667E1	9.934324E0	3.107932E-1
1.100000E1	9.829763E0	2.949368E-1
1.103333E1	9.642469E0	2.560415E-1
1.106667E1	9.563490E0	2.296387E-1
1.110000E1	9.476607E0	1.870716E-1
1.113333E1	9.441799E0	1.442679E-1
1.116667E1	9.456282E0	1.484549E-1
1.120000E1	9.608705E0	1.817767E-1
1.123333E1	9.671341E0	1.931534E-1
1.126667E1	9.945243E0	2.102617E-1
1.130000E1	1.003593E1	2.025145E-1
1.133333E1	1.022936E1	1.990115E-1
1.136667E1	1.040372E1	1.683863E-1
1.140000E1	1.046478E1	1.328738E-1
1.143333E1	1.061660E1	1.305598E-1
1.146667E1	1.067135E1	1.111003E-1
1.150000E1	1.071642E1	1.322750E-1
1.153333E1	1.075276E1	1.574057E-1
1.156667E1	1.076338E1	1.740083E-1
1.160000E1	1.072048E1	1.971719E-1
1.163333E1	1.065355E1	2.576510E-1
1.166667E1	1.055602E1	2.581621E-1
1.170000E1	1.037354E1	2.024929E-1
1.173333E1	1.030918E1	1.667978E-1
1.176667E1	1.020920E1	1.179004E-1
1.180000E1	1.017470E1	8.142806E-2
1.183333E1	1.021366E1	7.497627E-2
1.186667E1	1.034938E1	1.244086E-1
1.190000E1	1.041008E1	1.339793E-1
1.193333E1	1.064815E1	1.373148E-1
1.196667E1	1.075231E1	1.368643E-1
1.200000E1	1.094326E1	1.377382E-1
1.203333E1	1.112002E1	1.189165E-1
1.206667E1	1.118691E1	1.185297E-1
1.210000E1	1.133393E1	1.171562E-1
1.213333E1	1.137849E1	6.364573E-2
1.216667E1	1.141831E1	7.608439E-2
1.220000E1	1.145870E1	1.063335E-1
1.223333E1	1.144494E1	1.138069E-1
1.226667E1	1.141300E1	1.642894E-1
1.230000E1	1.136156E1	1.855792E-1
1.233333E1	1.126161E1	1.756427E-1
1.236667E1	1.109401E1	1.184419E-1
1.240000E1	1.102610E1	9.486028E-2
1.243333E1	1.093349E1	4.448708E-2
1.246667E1	1.090421E1	3.253551E-3
1.250000E1	1.092866E1	7.642546E-4
1.253333E1	1.106708E1	5.366957E-2
1.256667E1	1.113360E1	5.715593E-2
1.260000E1	1.136046E1	6.870560E-2
1.263333E1	1.146526E1	6.861939E-2
1.266667E1	1.164599E1	6.530931E-2
1.270000E1	1.180536E1	5.323249E-2
1.273333E1	1.185331E1	5.020708E-2
1.276667E1	1.197816E1	4.331172E-2
1.280000E1	1.204195E1	2.463465E-2
1.283333E1	1.208497E1	3.437513E-2
1.286667E1	1.210779E1	6.718299E-2
1.290000E1	1.208979E1	9.100133E-2
1.293333E1	1.204962E1	1.311139E-1
1.296667E1	1.200647E1	1.533963E-1
1.300000E1	1.190278E1	1.339721E-1
1.303333E1	1.173041E1	7.156225E-2
1.306667E1	1.166484E1	4.561649E-2
1.310000E1	1.156657E1	-1.532991E-2
1.313333E1	1.153713E1	-2.882597E-2
1.316667E1	1.157300E1	-1.336243E-2
1.320000E1	1.170659E1	4.000266E-2
1.323333E1	1.176986E1	5.512218E-2
1.326667E1	1.199294E1	6.526672E-2
1.330000E1	1.208597E1	5.945083E-2
1.333333E1	1.225471E1	6.320097E-2
1.336667E1	1.243030E1	4.756532E-2
1.340000E1	1.247964E1	3.197554E-2
1.343333E1	1.260243E1	-1.453042E-3
1.346667E1	1.264597E1	-7.812825E-3
1.350000E1	1.267102E1	1.166993E-2
1.353333E1	1.268482E1	4.991341E-2
1.356667E1	1.266710E1	7.398568E-2
1.360000E1	1.263123E1	1.189648E-1
1.363333E1	1.259775E1	1.517584E-1
1.366667E1	1.248714E1	1.296952E-1
1.370000E1	1.230184E1	6.401026E-2
1.373333E1	1.221777E1	3.127887E-2
1.376667E1	1.213863E1	-1.926988E-2
1.380000E1	1.210602E1	-5.230479E-2
1.383333E1	1.210948E1	-5.854858E-2
1.386667E1	1.223808E1	1.142034E-3
1.390000E1	1.230175E1	5.086451E-3
1.393333E1	1.249615E1	3.978303E-3
1.396667E1	1.262953E1	1.514655E-2
1.400000E1	1.280086E1	1.673817E-2
1.403333E1	1.294870E1	6.232851E-4
1.406667E1	1.299364E1	-1.094285E-2
1.410000E1	1.311829E1	-9.178601E-3
1.413333E1	1.317855E1	-1.145155E-2
1.416667E1	1.320403E1	6.033006E-3
1.420000E1	1.322798E1	5.080005E-2
1.423333E1	1.322356E1	7.492142E-2
1.426667E1	1.317323E1	1.271098E-1
1.430000E1	1.311212E1	1.504142E-1
1.433333E1	1.299757E1	1.325631E-1
1.436667E1	1.281141E1	6.290548E-2
1.440000E1	1.272841E1	2.776373E-2
1.443333E1	1.264483E1	-1.844937E-2
1.446667E1	1.261910E1	-3.737455E-2
1.450000E1	1.264354E1	-4.364238E-2
1.453333E1	1.277745E1	2.053572E-3
1.456667E1	1.281860E1	-2.156012E-4
1.460000E1	1.296475E1	1.338914E-3
1.463333E1	1.312428E1	2.079868E-2
1.466667E1	1.332316E1	2.020063E-2
1.470000E1	1.350101E1	-8.854598E-3
1.473333E1	1.355435E1	-1.460353E-2
1.476667E1	1.367599E1	-5.731703E-3
1.480000E1	1.370456E1	2.135040E-3
1.483333E1	1.374687E1	1.201444E-2
1.486667E1	1.374406E1	7.894204E-2
1.490000E1	1.373349E1	9.854657E-2
1.493333E1	1.367787E1	1.190030E-1
1.496667E1	1.361306E1	1.441116E-1
1.500000E1	1.350948E1	1.227060E-1
1.503333E1	1.331554E1	4.727952E-2
1.506667E1	1.327796E1	3.957421E-2
1.510000E1	1.321998E1	-5.975038E-3
1.513333E1	1.321748E1	-1.804806E-2
1.516667E1	1.325803E1	6.372739E-3
1.520000E1	1.340935E1	4.818194E-2
1.523333E1	1.350017E1	5.837350E-2
1.526667E1	1.376643E1	7.451494E-2
1.530000E1	1.382527E1	6.692318E-2
1.533333E1	1.395949E1	6.991896E-2
1.536667E1	1.409149E1	3.568134E-2
1.540000E1	1.414184E1	2.567077E-3
1.543333E1	1.425922E1	-3.645037E-3
1.546667E1	1.430801E1	5.469671E-3
1.550000E1	1.434879E1	2.328700E-2
1.553333E1	1.437335E1	8.013426E-2
1.556667E1	1.437160E1	1.055898E-1
1.560000E1	1.433374E1	1.322735E-1
1.563333E1	1.425464E1	1.542104E-1
1.566667E1	1.416384E1	1.228028E-1
1.570000E1	1.398174E1	4.913117E-2
1.573333E1	1.394057E1	2.398716E-2
1.576667E1	1.391181E1	-1.626720E-2
1.580000E1	1.392236E1	-2.331274E-2
1.583333E1	1.396343E1	-4.420606E-3
1.586667E1	1.412091E1	3.695015E-2
1.590000E1	1.419805E1	6.173180E-2
1.593333E1	1.448918E1	7.692548E-2
1.596667E1	1.453770E1	6.802610E-2
1.600000E1	1.467593E1	6.292302E-2
1.603333E1	1.481290E1	1.868572E-2
1.606667E1	1.486612E1	-8.122079E-3
1.610000E1	1.497712E1	-1.172469E-2
1.613333E1	1.502429E1	-2.389158E-3
1.616667E1	1.507451E1	1.509945E-2
1.620000E1	1.509705E1	6.890142E-2
1.623333E1	1.509529E1	8.703367E-2
1.626667E1	1.505944E1	1.340712E-1
1.630000E1	1.501852E1	1.560788E-1
1.633333E1	1.494185E1	1.268865E-1
1.636667E1	1.482566E1	8.430931E-2
1.640000E1	1.478990E1	6.239566E-2
1.643333E1	1.469893E1	-1.679254E-2
1.646667E1	1.468594E1	-2.416381E-2
1.650000E1	1.473519E1	-5.357082E-4
1.653333E1	1.489961E1	3.902843E-2
1.656667E1	1.495842E1	5.034387E-2
1.660000E1	1.512961E1	6.541876E-2
1.663333E1	1.529060E1	7.259724E-2
1.666667E1	1.545321E1	6.892249E-2
1.670000E1	1.559731E1	1.753252E-2
1.673333E1	1.565766E1	-1.031492E-2
1.676667E1	1.578598E1	-8.958323E-3
1.680000E1	1.582732E1	-9.991534E-3
1.683333E1	1.586972E1	6.965539E-3
1.686667E1	1.589369E1	5.881757E-2
1.690000E1	1.588700E1	8.158052E-2
1.693333E1	1.585422E1	1.233231E-1
1.696667E1	1.582551E1	1.519280E-1
1.700000E1	1.574535E1	1.289462E-1
1.703333E1	1.558727E1	6.594924E-2
1.706667E1	1.554379E1	2.533843E-2
1.710000E1	1.551405E1	-1.567794E-2
1.713333E1	1.552189E1	-2.785138E-2
1.716667E1	1.557349E1	-2.952576E-3
1.720000E1	1.574956E1	3.193872E-2
1.723333E1	1.579715E1	2.331377E-2
1.726667E1	1.599030E1	5.528658E-3
1.730000E1	1.612853E1	1.793902E-2
1.733333E1	1.625978E1	1.334723E-2
1.736667E1	1.641439E1	-2.864564E-2
1.740000E1	1.648929E1	-3.051207E-2
1.743333E1	1.657767E1	-1.857439E-2
1.746667E1	1.663811E1	-1.832085E-2
1.750000E1	1.667745E1	-1.222926E-3
1.753333E1	1.669278E1	4.774862E-2
1.756667E1	1.668693E1	7.296489E-2
1.760000E1	1.666587E1	1.286763E-1
1.763333E1	1.664135E1	1.541627E-1
1.766667E1	1.657112E1	1.270441E-1
1.770000E1	1.643519E1	5.969223E-2
1.773333E1	1.639530E1	2.885802E-2
1.776667E1	1.637522E1	-1.735480E-2
1.780000E1	1.638347E1	-2.560126E-2
1.783333E1	1.641952E1	-6.727318E-3
1.786667E1	1.658548E1	4.250838E-2
1.790000E1	1.665555E1	5.718845E-2
1.793333E1	1.685267E1	6.650766E-2
1.796667E1	1.697683E1	7.299015E-2
1.800000E1	1.712358E1	7.264424E-2
1.803333E1	1.725734E1	1.699248E-2
1.806667E1	1.729481E1	-1.149319E-2
1.810000E1	1.742763E1	-1.158095E-2
1.813333E1	1.748170E1	-2.184437E-3
1.816667E1	1.753090E1	7.631621E-3
1.820000E1	1.756334E1	4.648257E-2
1.823333E1	1.755378E1	7.365287E-2
1.826667E1	1.753660E1	1.302986E-1
1.830000E1	1.751881E1	1.554270E-1
1.833333E1	1.746577E1	1.273647E-1
1.836667E1	1.731871E1	6.007243E-2
1.840000E1	1.727527E1	2.669838E-2
1.843333E1	1.725950E1	-1.844202E-2
1.846667E1	1.726817E1	-2.749455E-2
1.850000E1	1.733089E1	-2.616317E-3
1.853333E1	1.752532E1	3.286865E-2
1.856667E1	1.757074E1	1.020758E-2
1.860000E1	1.776095E1	6.218949E-3
1.863333E1	1.795255E1	3.407823E-2
1.866667E1	1.812082E1	2.270282E-2
1.870000E1	1.827861E1	-1.614451E-2
1.873333E1	1.835274E1	-1.890892E-2
1.876667E1	1.846967E1	-1.021152E-2
1.880000E1	1.853697E1	-5.393193E-3
1.883333E1	1.860932E1	1.007007E-2
1.886667E1	1.867295E1	5.494282E-2
1.890000E1	1.868286E1	8.199468E-2
1.893333E1	1.868209E1	1.318555E-1
1.896667E1	1.867249E1	1.585697E-1
1.900000E1	1.862298E1	1.348860E-1
1.903333E1	1.848911E1	6.697681E-2
1.906667E1	1.846280E1	4.560989E-2
1.910000E1	1.845295E1	3.586892E-3
1.913333E1	1.847089E1	-1.099894E-2
1.916667E1	1.854011E1	4.409219E-3
1.920000E1	1.867783E1	3.701386E-2
1.923333E1	1.881553E1	5.668488E-2
1.926667E1	1.900308E1	7.235986E-2
1.930000E1	1.908701E1	8.196971E-2
1.933333E1	1.934011E1	8.267163E-2
1.936667E1	1.944346E1	5.407588E-2
1.940000E1	1.954208E1	3.342084E-2
1.943333E1	1.967443E1	-1.697405E-3
1.946667E1	1.970528E1	-2.686041E-3
1.950000E1	1.982123E1	2.163140E-2
1.953333E1	1.985373E1	4.066443E-2
1.956667E1	1.985260E1	8.212647E-2
1.960000E1	1.985466E1	1.404547E-1
1.963333E1	1.984284E1	1.606463E-1
1.966667E1	1.976221E1	1.436885E-1
1.970000E1	1.968764E1	1.210719E-1
1.973333E1	1.962704E1	8.841790E-2
1.976667E1	1.956955E1	2.303518E-2
1.980000E1	1.956537E1	-1.354084E-3
1.983333E1	1.963894E1	1.492652E-2
1.986667E1	1.975492E1	4.570728E-2
1.990000E1	1.987821E1	8.643436E-2
1.993333E1	2.006923E1	8.083608E-2
1.996667E1	2.013230E1	9.397796E-2
2.000000E1	2.038405E1	9.879910E-2
2.003333E1	2.050290E1	6.450714E-2
2.006667E1	2.056408E1	5.102375E-2
2.010000E1	2.070067E1	4.046221E-2
2.013333E1	2.073149E1	4.407660E-2
2.016667E1	2.081906E1	8.325586E-2
2.020000E1	2.084921E1	1.012852E-1
2.023333E1	2.085653E1	1.351244E-1
2.026667E1	2.084667E1	1.832321E-1
2.030000E1	2.083701E1	2.299833E-1
2.033333E1	2.073368E1	2.100065E-1
2.036667E1	2.064148E1	1.806987E-1
2.040000E1	2.056152E1	1.373386E-1
2.043333E1	2.050887E1	9.552909E-2
2.046667E1	2.050000E1	6.865258E-2
2.050000E1	2.056490E1	8.852494E-2
2.053333E1	2.068191E1	1.273774E-1
2.056667E1	2.081554E1	1.502034E-1
2.060000E1	2.098765E1	1.491498E-1
2.063333E1	2.103690E1	1.562424E-1
2.066667E1	2.129594E1	1.529707E-1
2.070000E1	2.139211E1	1.386925E-1
2.073333E1	2.145046E1	1.185959E-1
2.076667E1	2.157361E1	9.902340E-2
2.080000E1	2.159841E1	7.906916E-2
2.083333E1	2.169241E1	1.195121E-1
2.086667E1	2.171257E1	1.501072E-1
2.090000E1	2.171396E1	1.700058E-1
2.093333E1	2.170585E1	2.413324E-1
2.096667E1	2.169500E1	2.618688E-1
2.100000E1	2.158053E1	2.580106E-1
2.103333E1	2.146133E1	2.349002E-1
2.106667E1	2.142346E1	1.897941E-1
2.110000E1	2.134018E1	1.402186E-1
2.113333E1	2.134334E1	1.294050E-1
2.116667E1	2.139938E1	1.454607E-1
2.120000E1	2.150785E1	1.673455E-1
2.123333E1	2.158061E1	1.596720E-1
2.126667E1	2.174570E1	1.607294E-1
2.130000E1	2.184753E1	1.716997E-1
2.133333E1	2.208412E1	1.663309E-1
2.136667E1	2.216226E1	1.421260E-1
2.140000E1	2.221981E1	1.187853E-1
2.143333E1	2.232804E1	1.153861E-1
2.146667E1	2.237622E1	1.153589E-1
2.150000E1	2.243887E1	1.493968E-1
2.153333E1	2.244417E1	1.624576E-1
2.156667E1	2.243129E1	1.825423E-1
2.160000E1	2.242211E1	2.659372E-1
2.163333E1	2.240798E1	2.919524E-1
2.166667E1	2.228805E1	2.825508E-1
2.170000E1	2.217496E1	2.608978E-1
2.173333E1	2.211139E1	2.477116E-1
2.176667E1	2.200796E1	1.556489E-1
2.180000E1	2.200089E1	1.371924E-1
2.183333E1	2.204170E1	1.511075E-1
2.186667E1	2.214328E1	1.727342E-1
2.190000E1	2.225086E1	1.688256E-1
2.193333E1	2.242756E1	1.604439E-1
2.196667E1	2.247079E1	1.706954E-1
2.200000E1	2.270824E1	1.684635E-1
2.203333E1	2.280189E1	1.392608E-1
2.206667E1	2.285438E1	1.198603E-1
2.210000E1	2.295587E1	1.146768E-1
2.213333E1	2.297870E1	1.216964E-1
2.216667E1	2.302963E1	1.436620E-1
2.220000E1	2.302260E1	1.696199E-1
2.223333E1	2.300843E1	1.921487E-1
2.226667E1	2.298478E1	2.715940E-1
2.230000E1	2.297074E1	2.982452E-1
2.233333E1	2.284568E1	2.769602E-1
2.236667E1	2.272040E1	2.534316E-1
2.240000E1	2.260694E1	1.918804E-1
2.243333E1	2.254175E1	1.618301E-1
2.246667E1	2.254301E1	1.357691E-1
2.250000E1	2.257865E1	1.524246E-1
2.253333E1	2.267192E1	1.712546E-1
2.256667E1	2.272663E1	1.628665E-1
2.260000E1	2.287798E1	1.576984E-1
2.263333E1	2.297529E1	1.680066E-1
2.266667E1	2.317526E1	1.617641E-1
2.270000E1	2.326377E1	1.408934E-1
2.273333E1	2.331436E1	1.209043E-1
2.276667E1	2.341696E1	1.138727E-1
2.280000E1	2.344341E1	1.223217E-1
2.283333E1	2.348462E1	1.468833E-1
2.286667E1	2.349828E1	1.743311E-1
2.290000E1	2.348631E1	1.781394E-1
2.293333E1	2.345048E1	2.566279E-1
2.296667E1	2.341911E1	2.813628E-1
2.300000E1	2.327759E1	2.692453E-1
2.303333E1	2.314860E1	2.379198E-1
2.306667E1	2.302619E1	1.623891E-1
2.310000E1	2.295922E1	1.249553E-1
2.313333E1	2.293180E1	1.171267E-1
2.316667E1	2.296078E1	1.335876E-1
2.320000E1	2.302668E1	1.609780E-1
2.323333E1	2.310312E1	1.560094E-1
2.326667E1	2.325855E1	1.598564E-1
2.330000E1	2.334508E1	1.610984E-1
2.333333E1	2.355986E1	1.625621E-1
2.336667E1	2.364903E1	1.398000E-1
2.340000E1	2.370466E1	1.122812E-1
2.343333E1	2.379196E1	1.083321E-1
2.346667E1	2.381500E1	1.109166E-1
2.350000E1	2.384214E1	1.409522E-1
2.353333E1	2.385175E1	1.597920E-1
2.356667E1	2.384666E1	1.759142E-1
2.360000E1	2.378920E1	2.539585E-1
2.363333E1	2.375554E1	2.814694E-1
2.366667E1	2.358770E1	2.718548E-1
2.370000E1	2.345312E1	2.296088E-1
2.373333E1	2.332258E1	1.546598E-1
2.376667E1	2.326146E1	1.208703E-1
2.380000E1	2.326174E1	1.130590E-1
2.383333E1	2.328745E1	1.297369E-1
2.386667E1	2.334591E1	1.619726E-1
2.390000E1	2.343633E1	1.629332E-1
2.393333E1	2.358686E1	1.551565E-1
2.396667E1	2.366797E1	1.618474E-1
2.400000E1	2.385631E1	1.528032E-1
2.403333E1	2.392711E1	1.303533E-1
2.406667E1	2.398593E1	1.087504E-1
2.410000E1	2.408003E1	7.591651E-2
2.413333E1	2.410508E1	6.957352E-2
2.416667E1	2.413704E1	9.045863E-2
2.420000E1	2.414007E1	1.187168E-1
2.423333E1	2.413552E1	1.540105E-1
2.426667E1	2.407067E1	2.017200E-1
2.430000E1	2.404174E1	2.415103E-1
2.433333E1	2.387197E1	2.042188E-1
2.436667E1	2.373804E1	1.637361E-1
2.440000E1	2.360574E1	8.824674E-2
2.443333E1	2.355155E1	5.861671E-2
2.446667E1	2.354877E1	3.996401E-2
2.450000E1	2.357771E1	5.715862E-2
2.453333E1	2.365584E1	9.539756E-2
2.456667E1	2.372690E1	9.563566E-2
2.460000E1	2.387775E1	8.884438E-2
2.463333E1	2.395245E1	9.890976E-2
2.466667E1	2.415468E1	8.709393E-2
2.470000E1	2.423872E1	6.163498E-2
2.473333E1	2.427298E1	5.307457E-2
2.476667E1	2.437643E1	3.293420E-2
2.480000E1	2.441934E1	2.929697E-3
2.483333E1	2.445854E1	1.760839E-2
2.486667E1	2.445278E1	4.697299E-2
2.490000E1	2.444068E1	9.774366E-2
2.493333E1	2.440551E1	1.301669E-1
2.496667E1	2.438004E1	1.604312E-1
2.500000E1	2.422042E1	1.290143E-1
2.503333E1	2.409098E1	9.731786E-2
2.506667E1	2.401710E1	4.299361E-2
2.510000E1	2.390356E1	-1.422067E-2
2.513333E1	2.390357E1	-2.079218E-2
2.516667E1	2.394484E1	-6.497568E-3
2.520000E1	2.401539E1	2.308028E-2
2.523333E1	2.407471E1	1.633279E-2
2.526667E1	2.424674E1	1.983457E-2
2.530000E1	2.432189E1	3.127721E-2
2.533333E1	2.453599E1	2.796125E-2
2.536667E1	2.459930E1	9.354476E-4
2.540000E1	2.465574E1	-1.800476E-2
2.543333E1	2.474642E1	-2.582412E-2
2.546667E1	2.477059E1	-1.800998E-2
2.550000E1	2.482676E1	2.277857E-4
2.553333E1	2.481152E1	1.592215E-2
2.556667E1	2.479623E1	3.276440E-2
2.560000E1	2.475816E1	9.876896E-2
2.563333E1	2.472272E1	1.101986E-1
2.566667E1	2.457059E1	9.857136E-2
2.570000E1	2.444891E1	3.774312E-2
2.573333E1	2.433295E1	-2.426278E-2
2.576667E1	2.426891E1	-4.825127E-2
2.580000E1	2.426876E1	-7.778314E-2
2.583333E1	2.430200E1	-6.522283E-2
2.586667E1	2.440999E1	-2.389293E-2
2.590000E1	2.446772E1	-1.071626E-2
2.593333E1	2.462056E1	-3.756393E-5
2.596667E1	2.471950E1	1.835391E-2
2.600000E1	2.494345E1	1.654912E-2
2.603333E1	2.502544E1	-6.073147E-3
2.606667E1	2.507700E1	-2.487914E-2
2.610000E1	2.518235E1	-3.277459E-2
2.613333E1	2.520445E1	-2.201669E-2
2.616667E1	2.525878E1	-7.574024E-3
2.620000E1	2.525483E1	1.182234E-2
2.623333E1	2.523288E1	2.395347E-2
2.626667E1	2.519212E1	7.604501E-2
2.630000E1	2.515442E1	9.901377E-2
2.633333E1	2.501410E1	5.922900E-2
2.636667E1	2.488173E1	1.335525E-2
2.640000E1	2.474952E1	-6.649764E-2
2.643333E1	2.470713E1	-9.109834E-2
2.646667E1	2.470816E1	-1.068953E-1
2.650000E1	2.473899E1	-8.330512E-2
2.653333E1	2.476240E1	-6.858422E-2
2.656667E1	2.488132E1	-2.710096E-2
2.660000E1	2.505020E1	5.361210E-5
2.663333E1	2.514923E1	1.050958E-2
2.666667E1	2.539449E1	1.265922E-2
2.670000E1	2.545785E1	-7.288637E-3
2.673333E1	2.551333E1	-2.371677E-2
2.676667E1	2.561510E1	-2.633524E-2
2.680000E1	2.564684E1	-2.189490E-2
2.683333E1	2.569474E1	-4.993509E-4
2.686667E1	2.569257E1	1.965457E-2
2.690000E1	2.566901E1	3.167298E-2
2.693333E1	2.563543E1	8.068252E-2
2.696667E1	2.561829E1	1.078274E-1
2.700000E1	2.546912E1	5.755563E-2
2.703333E1	2.533884E1	8.677139E-3
2.706667E1	2.522063E1	-5.168228E-2
2.710000E1	2.516421E1	-9.619388E-2
2.713333E1	2.514511E1	-1.109968E-1
2.716667E1	2.518160E1	-1.152850E-1
2.720000E1	2.527372E1	-6.003342E-2
2.723333E1	2.532946E1	-6.450116E-2
2.726667E1	2.549368E1	-5.297146E-2
2.730000E1	2.562060E1	-3.491691E-2
2.733333E1	2.585238E1	-1.598812E-4
2.736667E1	2.594446E1	-1.507740E-2
2.740000E1	2.601950E1	-4.286622E-2
2.743333E1	2.611680E1	-6.669659E-2
2.746667E1	2.614868E1	-5.749981E-2
2.750000E1	2.620396E1	-2.923793E-2
2.753333E1	2.623528E1	5.514994E-3
2.756667E1	2.622710E1	1.640237E-2
2.760000E1	2.620166E1	7.099219E-2
2.763333E1	2.616002E1	1.013212E-1
2.766667E1	2.605440E1	8.380609E-2
2.770000E1	2.588226E1	1.612417E-2
2.773333E1	2.583524E1	-1.710397E-2
2.776667E1	2.572963E1	-7.528250E-2
2.780000E1	2.571450E1	-9.641129E-2
2.783333E1	2.573458E1	-8.310525E-2
2.786667E1	2.585672E1	-1.127054E-2
2.790000E1	2.589799E1	-6.631227E-3
2.793333E1	2.604299E1	-6.179407E-4
2.796667E1	2.617807E1	1.934380E-2
2.800000E1	2.632897E1	2.091376E-2
2.803333E1	2.647914E1	-5.482530E-4
2.806667E1	2.653607E1	-9.691885E-3
2.810000E1	2.663737E1	-1.115521E-2
2.813333E1	2.670994E1	-1.193324E-2
2.816667E1	2.676103E1	6.195304E-3
2.820000E1	2.679731E1	4.502326E-2
2.823333E1	2.679719E1	7.465421E-2
2.826667E1	2.678516E1	1.226261E-1
2.830000E1	2.676435E1	1.527198E-1
2.833333E1	2.668037E1	1.437375E-1
2.836667E1	2.652088E1	6.811409E-2
2.840000E1	2.648912E1	4.130659E-2
2.843333E1	2.638415E1	-1.285261E-2
2.846667E1	2.636693E1	-3.267122E-2
2.850000E1	2.639905E1	-1.816524E-2
2.853333E1	2.651278E1	3.015540E-2
2.856667E1	2.656700E1	2.602077E-2
2.860000E1	2.675364E1	1.395333E-2
2.863333E1	2.689956E1	4.063959E-2
2.866667E1	2.705535E1	6.904783E-2
2.870000E1	2.722876E1	5.510471E-2
2.873333E1	2.729233E1	3.513473E-2
2.876667E1	2.743798E1	6.755408E-3
2.880000E1	2.748710E1	6.043543E-3
2.883333E1	2.753795E1	2.038460E-2
2.886667E1	2.759538E1	6.349161E-2
2.890000E1	2.760211E1	9.103195E-2
2.893333E1	2.759659E1	1.293137E-1
2.896667E1	2.758835E1	1.679384E-1
2.900000E1	2.751980E1	1.533380E-1
2.903333E1	2.740339E1	1.078755E-1
2.906667E1	2.734217E1	7.906251E-2
2.910000E1	2.726161E1	2.605172E-2
2.913333E1	2.724168E1	-1.445704E-2
2.916667E1	2.728187E1	-2.851966E-3
2.920000E1	2.743571E1	5.526083E-2
2.923333E1	2.748736E1	5.804237E-2
2.926667E1	2.775053E1	7.463617E-2
2.930000E1	2.789427E1	1.018002E-1
2.933333E1	2.805036E1	9.691467E-2
2.936667E1	2.820617E1	5.514078E-2
2.940000E1	2.827397E1	5.585805E-2
2.943333E1	2.838379E1	5.526805E-2
2.946667E1	2.845472E1	6.128220E-2
2.950000E1	2.851428E1	8.274125E-2
2.953333E1	2.856790E1	1.358009E-1
2.956667E1	2.855555E1	1.490893E-1
2.960000E1	2.853233E1	1.723978E-1
2.963333E1	2.851049E1	2.192389E-1
2.966667E1	2.844546E1	1.878390E-1
2.970000E1	2.830914E1	1.337641E-1
2.973333E1	2.828779E1	1.140569E-1
2.976667E1	2.825608E1	7.339342E-2
2.980000E1	2.825731E1	4.468288E-2
2.983333E1	2.831092E1	7.051283E-2
2.986667E1	2.848824E1	1.259566E-1
2.990000E1	2.857735E1	1.487406E-1
2.993333E1	2.883298E1	1.458991E-1
2.996667E1	2.890583E1	1.502261E-1
3.000000E1	2.906572E1	1.430156E-1
3.003333E1	2.921922E1	1.091443E-1
3.006667E1	2.930163E1	1.127547E-1
3.010000E1	2.946119E1	1.265015E-1
3.013333E1	2.949450E1	1.222788E-1
3.016667E1	2.955750E1	1.387730E-1
3.020000E1	2.960446E1	1.838694E-1
3.023333E1	2.960940E1	2.122634E-1
3.026667E1	2.960902E1	2.599417E-1
3.030000E1	2.959698E1	2.918011E-1
3.033333E1	2.953957E1	2.653619E-1
3.036667E1	2.940584E1	1.988757E-1
3.040000E1	2.935655E1	1.591956E-1
3.043333E1	2.933693E1	1.209883E-1
3.046667E1	2.933191E1	1.051866E-1
3.050000E1	2.940735E1	1.133385E-1
3.053333E1	2.959020E1	1.625772E-1
3.056667E1	2.965101E1	1.517474E-1
3.060000E1	2.981259E1	1.453470E-1
3.063333E1	3.001355E1	1.637508E-1
3.066667E1	3.019819E1	1.601182E-1
3.070000E1	3.035431E1	1.277477E-1
3.073333E1	3.041700E1	1.213911E-1
3.076667E1	3.055685E1	1.299248E-1
3.080000E1	3.062144E1	1.325534E-1
3.083333E1	3.068783E1	1.505795E-1
3.086667E1	3.075375E1	2.009308E-1
3.090000E1	3.075568E1	2.270713E-1
3.093333E1	3.076136E1	2.730936E-1
3.096667E1	3.074618E1	2.991433E-1
3.100000E1	3.069250E1	2.793829E-1
3.103333E1	3.055818E1	2.145039E-1
3.106667E1	3.052827E1	1.919897E-1
3.110000E1	3.049859E1	1.432425E-1
3.113333E1	3.049730E1	1.244843E-1
3.116667E1	3.055465E1	1.445342E-1
3.120000E1	3.073676E1	1.887864E-1
3.123333E1	3.081154E1	2.003715E-1
3.126667E1	3.106130E1	2.136805E-1
3.130000E1	3.115634E1	2.151721E-1
3.133333E1	3.132684E1	2.184716E-1
3.136667E1	3.148399E1	1.733846E-1
3.140000E1	3.152933E1	1.436554E-1
3.143333E1	3.166603E1	1.406842E-1
3.146667E1	3.173407E1	1.453819E-1
3.150000E1	3.177378E1	1.630003E-1
3.153333E1	3.182513E1	2.176896E-1
3.156667E1	3.183680E1	2.467745E-1
3.160000E1	3.183169E1	2.746880E-1
3.163333E1	3.181430E1	3.060320E-1
3.166667E1	3.175593E1	2.841954E-1
3.170000E1	3.162010E1	2.342878E-1
3.173333E1	3.159439E1	1.971083E-1
3.176667E1	3.152304E1	1.644174E-1
3.180000E1	3.153733E1	1.403947E-1
3.183333E1	3.159529E1	1.568356E-1
3.186667E1	3.177930E1	2.020059E-1
3.190000E1	3.185155E1	2.185269E-1
3.193333E1	3.206062E1	2.229755E-1
3.196667E1	3.216445E1	2.326932E-1
3.200000E1	3.231285E1	2.243330E-1
3.203333E1	3.243604E1	1.957802E-1
3.206667E1	3.249419E1	1.931146E-1
3.210000E1	3.260175E1	2.003520E-1
3.213333E1	3.265991E1	2.060524E-1
3.216667E1	3.270292E1	2.261362E-1
3.220000E1	3.274922E1	2.855078E-1
3.223333E1	3.276157E1	3.016484E-1
3.226667E1	3.274047E1	3.256493E-1
3.230000E1	3.269567E1	3.805653E-1
3.233333E1	3.262699E1	3.621465E-1
3.236667E1	3.247308E1	3.065632E-1
3.240000E1	3.243982E1	2.774208E-1
3.243333E1	3.237250E1	2.462446E-1
3.246667E1	3.235845E1	2.141770E-1
3.250000E1	3.238577E1	2.390248E-1
3.253333E1	3.256399E1	2.805679E-1
3.256667E1	3.262982E1	2.879799E-1
3.260000E1	3.279004E1	2.882115E-1
3.263333E1	3.291973E1	3.036099E-1
3.266667E1	3.307201E1	2.947587E-1
3.270000E1	3.319858E1	2.682743E-1
3.273333E1	3.323030E1	2.636415E-1
3.276667E1	3.333599E1	2.739350E-1
3.280000E1	3.337392E1	2.786288E-1
3.283333E1	3.339618E1	3.015546E-1
3.286667E1	3.342858E1	3.548196E-1
3.290000E1	3.341235E1	3.786453E-1
3.293333E1	3.339277E1	4.200345E-1
3.296667E1	3.336683E1	4.556184E-1
3.300000E1	3.327008E1	4.344465E-1
3.303333E1	3.309140E1	3.984620E-1
3.306667E1	3.304263E1	3.865876E-1
3.310000E1	3.297857E1	3.302367E-1
3.313333E1	3.295883E1	3.089160E-1
3.316667E1	3.297136E1	3.172825E-1
3.320000E1	3.312324E1	3.629768E-1
3.323333E1	3.318958E1	3.634758E-1
3.326667E1	3.337877E1	3.600469E-1
3.330000E1	3.348037E1	3.728813E-1
3.333333E1	3.363763E1	3.659272E-1
3.336667E1	3.375672E1	3.295955E-1
3.340000E1	3.378920E1	3.238800E-1
3.343333E1	3.389071E1	3.274221E-1
3.346667E1	3.392312E1	3.381580E-1
3.350000E1	3.395579E1	3.603190E-1
3.353333E1	3.395084E1	4.157011E-1
3.356667E1	3.393548E1	4.433779E-1
3.360000E1	3.390443E1	4.702747E-1
3.363333E1	3.386936E1	5.195671E-1
3.366667E1	3.377899E1	5.014748E-1
3.370000E1	3.360819E1	4.417107E-1
3.373333E1	3.356618E1	4.098413E-1
3.376667E1	3.349521E1	3.844717E-1
3.380000E1	3.348475E1	3.412785E-1
3.383333E1	3.351084E1	3.641721E-1
3.386667E1	3.364965E1	4.041060E-1
3.390000E1	3.369802E1	4.146252E-1
3.393333E1	3.390279E1	4.254417E-1
3.396667E1	3.400030E1	4.259454E-1
3.400000E1	3.414291E1	4.229495E-1
3.403333E1	3.424345E1	3.747427E-1
3.406667E1	3.426729E1	3.444025E-1
3.410000E1	3.437614E1	3.344651E-1
3.413333E1	3.441454E1	3.413765E-1
3.416667E1	3.445596E1	3.577147E-1
3.420000E1	3.446079E1	4.109774E-1
3.423333E1	3.444279E1	4.395787E-1
3.426667E1	3.441047E1	4.650326E-1
3.430000E1	3.437644E1	5.007748E-1
3.433333E1	3.428546E1	4.822736E-1
3.436667E1	3.410414E1	4.234083E-1
3.440000E1	3.405915E1	4.049191E-1
3.443333E1	3.399267E1	3.788019E-1
3.446667E1	3.398181E1	3.410022E-1
3.450000E1	3.402461E1	3.554212E-1
3.453333E1	3.414279E1	3.934773E-1
3.456667E1	3.420364E1	3.863212E-1
3.460000E1	3.437881E1	3.656341E-1
3.463333E1	3.449607E1	3.916893E-1
3.466667E1	3.464571E1	3.672442E-1
3.470000E1	3.475394E1	3.286653E-1
3.473333E1	3.478035E1	3.196264E-1
3.476667E1	3.486950E1	2.844755E-1
3.480000E1	3.491505E1	2.908076E-1
3.483333E1	3.495417E1	3.029816E-1
3.486667E1	3.495267E1	3.633952E-1
3.490000E1	3.494023E1	3.904507E-1
3.493333E1	3.492354E1	4.178330E-1
3.496667E1	3.490222E1	4.460518E-1
3.500000E1	3.482298E1	4.308776E-1
3.503333E1	3.465204E1	3.706144E-1
3.506667E1	3.462602E1	3.434266E-1
3.510000E1	3.455520E1	2.983335E-1
3.513333E1	3.456015E1	2.722603E-1
3.516667E1	3.460330E1	2.897795E-1
3.520000E1	3.472982E1	3.275729E-1
3.523333E1	3.478993E1	3.412959E-1
3.526667E1	3.497981E1	3.599867E-1
3.530000E1	3.508989E1	3.611152E-1
3.533333E1	3.523104E1	3.521178E-1
3.536667E1	3.533917E1	2.994920E-1
3.540000E1	3.538133E1	2.679080E-1
3.543333E1	3.548683E1	2.642196E-1
3.546667E1	3.552711E1	2.654069E-1
3.550000E1	3.556342E1	2.819535E-1
3.553333E1	3.560411E1	3.200591E-1
3.556667E1	3.560134E1	3.208541E-1
3.560000E1	3.557223E1	3.493307E-1
3.563333E1	3.554925E1	3.834370E-1
3.566667E1	3.550315E1	3.623574E-1
3.570000E1	3.536389E1	2.976751E-1
3.573333E1	3.533665E1	2.738320E-1
3.576667E1	3.530498E1	2.271841E-1
3.580000E1	3.529811E1	1.945249E-1
3.583333E1	3.533689E1	2.214300E-1
3.586667E1	3.544862E1	2.530513E-1
3.590000E1	3.551972E1	2.752858E-1
3.593333E1	3.568647E1	2.864247E-1
3.596667E1	3.577505E1	2.896813E-1
3.600000E1	3.597881E1	2.806220E-1
3.603333E1	3.605125E1	2.604099E-1
3.606667E1	3.608240E1	2.521507E-1
3.610000E1	3.620043E1	2.053275E-1
3.613333E1	3.623755E1	1.989975E-1
3.616667E1	3.629735E1	2.224413E-1
3.620000E1	3.633709E1	2.399011E-1
3.623333E1	3.633694E1	2.640811E-1
3.626667E1	3.632988E1	3.093543E-1
3.630000E1	3.630813E1	3.188807E-1
3.633333E1	3.624301E1	2.951463E-1
3.636667E1	3.617379E1	2.756651E-1
3.640000E1	3.609836E1	2.281134E-1
3.643333E1	3.605148E1	1.517103E-1
3.646667E1	3.603907E1	1.314837E-1
3.650000E1	3.608531E1	1.430696E-1
3.653333E1	3.616971E1	1.726296E-1
3.656667E1	3.621375E1	1.647413E-1
3.660000E1	3.639437E1	1.581566E-1
3.663333E1	3.648674E1	1.774406E-1
3.666667E1	3.668187E1	1.571734E-1
3.670000E1	3.675972E1	1.436605E-1
3.673333E1	3.679647E1	1.335692E-1
3.676667E1	3.689723E1	1.227927E-1
3.680000E1	3.692398E1	1.291707E-1
3.683333E1	3.697647E1	1.483861E-1
3.686667E1	3.698930E1	1.683477E-1
3.690000E1	3.701402E1	1.920375E-1
3.693333E1	3.701142E1	2.571296E-1
3.696667E1	3.700150E1	2.820107E-1
3.700000E1	3.693015E1	2.661369E-1
3.703333E1	3.685813E1	2.443368E-1
3.706667E1	3.675294E1	1.587579E-1
3.710000E1	3.671167E1	1.255020E-1
3.713333E1	3.671508E1	1.170738E-1
3.716667E1	3.675513E1	1.390859E-1
3.720000E1	3.681660E1	1.668375E-1
3.723333E1	3.686127E1	1.686154E-1
3.726667E1	3.703078E1	1.634313E-1
3.730000E1	3.710039E1	1.670905E-1
3.733333E1	3.726372E1	1.576291E-1
3.736667E1	3.730859E1	1.494182E-1
3.740000E1	3.735724E1	1.373795E-1
3.743333E1	3.743950E1	1.307002E-1
3.746667E1	3.746538E1	1.362015E-1
3.750000E1	3.750275E1	1.636629E-1
3.753333E1	3.752590E1	1.925587E-1
3.756667E1	3.753017E1	2.445878E-1
3.760000E1	3.752123E1	2.762829E-1
3.763333E1	3.751069E1	2.979484E-1
3.766667E1	3.742335E1	2.767049E-1
3.770000E1	3.736036E1	2.669948E-1
3.773333E1	3.727049E1	2.012257E-1
3.776667E1	3.720982E1	1.543371E-1
3.780000E1	3.721247E1	1.364735E-1
3.783333E1	3.724065E1	1.572673E-1
3.786667E1	3.733524E1	1.997980E-1
3.790000E1	3.739538E1	2.198553E-1
3.793333E1	3.753038E1	2.207812E-1
3.796667E1	3.759155E1	2.218671E-1
3.800000E1	3.777809E1	2.258208E-1
3.803333E1	3.782537E1	2.079738E-1
3.806667E1	3.785731E1	2.009713E-1
3.810000E1	3.794580E1	1.944293E-1
3.813333E1	3.796601E1	2.030672E-1
3.816667E1	3.801217E1	2.379897E-1
3.820000E1	3.803870E1	2.670994E-1
3.823333E1	3.804186E1	2.977193E-1
3.826667E1	3.802907E1	3.390878E-1
3.830000E1	3.801878E1	3.659698E-1
3.833333E1	3.794845E1	3.549645E-1
3.836667E1	3.787166E1	3.313807E-1
3.840000E1	3.781290E1	2.997789E-1
3.843333E1	3.774273E1	2.406328E-1
3.846667E1	3.773413E1	2.090617E-1
3.850000E1	3.777182E1	2.247120E-1
3.853333E1	3.785299E1	2.754451E-1
3.856667E1	3.793247E1	2.957082E-1
3.860000E1	3.810136E1	2.928969E-1
3.863333E1	3.815368E1	2.932430E-1
3.866667E1	3.834401E1	2.920910E-1
3.870000E1	3.838515E1	2.789970E-1
3.873333E1	3.843180E1	2.625987E-1
3.876667E1	3.853706E1	2.612054E-1
3.880000E1	3.855962E1	2.656359E-1
3.883333E1	3.861484E1	2.957081E-1
3.886667E1	3.863959E1	3.153430E-1
3.890000E1	3.864343E1	3.363824E-1
3.893333E1	3.867214E1	4.058940E-1
3.896667E1	3.866837E1	4.290301E-1
3.900000E1	3.861699E1	4.226314E-1
3.903333E1	3.854459E1	4.086776E-1
3.906667E1	3.851388E1	4.006235E-1
3.910000E1	3.842421E1	3.063609E-1
3.913333E1	3.840889E1	2.852467E-1
3.916667E1	3.848679E1	2.987789E-1
3.920000E1	3.856095E1	3.187512E-1
3.923333E1	3.861991E1	3.068019E-1
3.926667E1	3.878222E1	3.013424E-1
3.930000E1	3.885145E1	3.059607E-1
3.933333E1	3.903593E1	2.961366E-1
3.936667E1	3.910340E1	2.822395E-1
3.940000E1	3.914699E1	2.619573E-1
3.943333E1	3.925881E1	2.564972E-1
3.946667E1	3.928814E1	2.625345E-1
3.950000E1	3.938180E1	2.886779E-1
3.953333E1	3.941090E1	3.145110E-1
3.956667E1	3.942137E1	3.323957E-1
3.960000E1	3.943682E1	4.114852E-1
3.963333E1	3.945291E1	4.345110E-1
3.966667E1	3.941533E1	4.222922E-1
3.970000E1	3.936618E1	4.061681E-1
3.973333E1	3.932935E1	3.918299E-1
3.976667E1	3.927755E1	3.057458E-1
3.980000E1	3.927118E1	2.831281E-1
3.983333E1	3.933501E1	2.949566E-1
3.986667E1	3.941465E1	3.170789E-1
3.990000E1	3.947639E1	3.068234E-1
3.993333E1	3.962707E1	3.022047E-1
3.996667E1	3.968826E1	3.064189E-1
4.000000E1	3.986003E1	3.023932E-1
4.003333E1	3.991492E1	2.883647E-1
4.006667E1	3.994885E1	2.687605E-1
4.010000E1	4.003556E1	2.600783E-1
4.013333E1	4.007640E1	2.634786E-1
4.016667E1	4.012052E1	2.838958E-1
4.020000E1	4.014769E1	3.054478E-1
4.023333E1	4.015662E1	3.275829E-1
4.026667E1	4.019099E1	4.017902E-1
4.030000E1	4.019670E1	4.287680E-1
4.033333E1	4.015633E1	4.186831E-1
4.036667E1	4.011252E1	4.034496E-1
4.040000E1	4.007733E1	3.984498E-1
4.043333E1	4.002670E1	3.117554E-1
4.046667E1	4.003543E1	2.890403E-1
4.050000E1	4.009366E1	2.951324E-1
4.053333E1	4.017960E1	3.136097E-1
4.056667E1	4.022709E1	3.152822E-1
4.060000E1	4.038410E1	3.062264E-1
4.063333E1	4.043047E1	3.120738E-1
4.066667E1	4.057935E1	2.969831E-1
4.070000E1	4.061576E1	2.879209E-1
4.073333E1	4.065203E1	2.737264E-1
4.076667E1	4.070503E1	2.627534E-1
4.080000E1	4.072875E1	2.677527E-1
4.083333E1	4.077991E1	2.931861E-1
4.086667E1	4.080827E1	3.153387E-1
4.090000E1	4.082912E1	3.302248E-1
4.093333E1	4.084261E1	4.041838E-1
4.096667E1	4.083361E1	4.295505E-1
4.100000E1	4.081193E1	4.247875E-1
4.103333E1	4.074947E1	4.009292E-1
4.106667E1	4.070664E1	3.910408E-1
4.110000E1	4.066134E1	3.229363E-1
4.113333E1	4.067422E1	2.889148E-1
4.116667E1	4.070665E1	2.962788E-1
4.120000E1	4.078031E1	3.355438E-1
4.123333E1	4.082947E1	3.505321E-1
4.126667E1	4.095623E1	3.622002E-1
4.130000E1	4.101225E1	3.590602E-1
4.133333E1	4.114625E1	3.556652E-1
4.136667E1	4.116442E1	3.404998E-1
4.140000E1	4.120870E1	3.265863E-1
4.143333E1	4.125914E1	3.034678E-1
4.146667E1	4.127969E1	2.909644E-1
4.150000E1	4.131297E1	3.158758E-1
4.153333E1	4.133689E1	3.397399E-1
4.156667E1	4.134399E1	3.853279E-1
4.160000E1	4.134761E1	4.339053E-1
4.163333E1	4.133899E1	4.515495E-1
4.166667E1	4.129446E1	4.413685E-1
4.170000E1	4.122008E1	4.135162E-1
4.173333E1	4.117272E1	3.967289E-1
4.176667E1	4.111815E1	3.411962E-1
4.180000E1	4.111784E1	3.245156E-1
4.183333E1	4.114502E1	3.522549E-1
4.186667E1	4.121702E1	3.859831E-1
4.190000E1	4.126420E1	3.835736E-1
4.193333E1	4.138100E1	3.785392E-1
4.196667E1	4.143430E1	3.768016E-1
4.200000E1	4.155387E1	3.604908E-1
4.203333E1	4.157022E1	3.403645E-1
4.206667E1	4.158546E1	3.298621E-1
4.210000E1	4.163438E1	3.003849E-1
4.213333E1	4.165744E1	2.938821E-1
4.216667E1	4.166224E1	3.155879E-1
4.220000E1	4.169457E1	3.383899E-1
4.223333E1	4.170227E1	3.923428E-1
4.226667E1	4.170016E1	4.387634E-1
4.230000E1	4.169241E1	4.560416E-1
4.233333E1	4.164632E1	4.445113E-1
4.236667E1	4.157018E1	4.180028E-1
4.240000E1	4.153190E1	4.052532E-1
4.243333E1	4.144606E1	3.525853E-1
4.246667E1	4.146169E1	3.300977E-1
4.250000E1	4.149216E1	3.497542E-1
4.253333E1	4.154495E1	3.872039E-1
4.256667E1	4.159168E1	3.841445E-1
4.260000E1	4.170749E1	3.779171E-1
4.263333E1	4.173954E1	3.839648E-1
4.266667E1	4.186973E1	3.628998E-1
4.270000E1	4.186312E1	3.409523E-1
4.273333E1	4.186980E1	3.263358E-1
4.276667E1	4.190587E1	2.903101E-1
4.280000E1	4.192856E1	2.867352E-1
4.283333E1	4.194256E1	3.110926E-1
4.286667E1	4.195393E1	3.464492E-1
4.290000E1	4.197532E1	3.934901E-1
4.293333E1	4.197925E1	4.333106E-1
4.296667E1	4.197574E1	4.591968E-1
4.300000E1	4.194348E1	4.478183E-1
4.303333E1	4.186608E1	4.137218E-1
4.306667E1	4.182234E1	3.991050E-1
4.310000E1	4.175959E1	3.412735E-1
4.313333E1	4.175372E1	3.232134E-1
4.316667E1	4.178904E1	3.165453E-1
4.320000E1	4.183726E1	3.455195E-1
4.323333E1	4.189637E1	3.610023E-1
4.326667E1	4.200847E1	3.679250E-1
4.330000E1	4.204735E1	3.709907E-1
4.333333E1	4.217277E1	3.598756E-1
4.336667E1	4.218956E1	3.425008E-1
4.340000E1	4.220845E1	3.221122E-1
4.343333E1	4.224597E1	2.696870E-1
4.346667E1	4.227327E1	2.731604E-1
4.350000E1	4.229017E1	2.956422E-1
4.353333E1	4.229867E1	3.194847E-1
4.356667E1	4.229876E1	3.498512E-1
4.360000E1	4.229162E1	4.118375E-1
4.363333E1	4.228070E1	4.395797E-1
4.366667E1	4.225124E1	4.284929E-1
4.370000E1	4.219967E1	3.995459E-1
4.373333E1	4.215021E1	3.809909E-1
4.376667E1	4.210387E1	3.114869E-1
4.380000E1	4.211041E1	2.822353E-1
4.383333E1	4.214973E1	3.073496E-1
4.386667E1	4.220949E1	3.299368E-1
4.390000E1	4.225909E1	3.474334E-1
4.393333E1	4.237933E1	3.601506E-1
4.396667E1	4.242367E1	3.617513E-1
4.400000E1	4.247602E1	3.455437E-1
4.403333E1	4.247932E1	3.174946E-1
4.406667E1	4.250281E1	2.859873E-1
4.410000E1	4.252280E1	2.744901E-1
4.413333E1	4.253961E1	2.831050E-1
4.416667E1	4.255356E1	3.034021E-1
4.420000E1	4.256417E1	3.438780E-1
4.423333E1	4.256386E1	3.725560E-1
4.426667E1	4.255641E1	4.188053E-1
4.430000E1	4.254193E1	4.454020E-1
4.433333E1	4.251628E1	4.309968E-1
4.436667E1	4.239106E1	3.707253E-1
4.440000E1	4.237065E1	3.427469E-1
4.443333E1	4.230955E1	2.964889E-1
4.446667E1	4.231311E1	2.701130E-1
4.450000E1	4.233672E1	2.956161E-1
4.453333E1	4.240925E1	3.387151E-1
4.456667E1	4.243485E1	3.524646E-1
4.460000E1	4.251600E1	3.584434E-1
4.463333E1	4.256688E1	3.625921E-1
4.466667E1	4.261142E1	3.612833E-1
4.470000E1	4.260584E1	3.283717E-1
4.473333E1	4.261894E1	3.200819E-1
4.476667E1	4.263828E1	2.886096E-1
4.480000E1	4.264114E1	2.904617E-1
4.483333E1	4.264363E1	2.982231E-1
4.486667E1	4.266874E1	3.578238E-1
4.490000E1	4.269116E1	3.824435E-1
4.493333E1	4.270271E1	4.206147E-1
4.496667E1	4.269830E1	4.454131E-1
4.500000E1	4.268254E1	4.202300E-1
4.503333E1	4.259770E1	3.589540E-1
4.506667E1	4.257386E1	3.222069E-1
4.510000E1	4.254400E1	2.704576E-1
4.513333E1	4.254693E1	2.484228E-1
4.516667E1	4.257580E1	2.603631E-1
4.520000E1	4.267184E1	3.215005E-1
4.523333E1	4.270165E1	3.134581E-1
4.526667E1	4.278957E1	3.025196E-1
4.530000E1	4.283508E1	2.997289E-1
4.533333E1	4.288800E1	2.998089E-1
4.536667E1	4.288978E1	2.661325E-1
4.540000E1	4.291132E1	2.577583E-1
4.543333E1	4.293332E1	2.536693E-1
4.546667E1	4.293568E1	2.626549E-1
4.550000E1	4.294150E1	2.808050E-1
4.553333E1	4.297374E1	3.200763E-1
4.556667E1	4.299739E1	3.216835E-1
4.560000E1	4.301537E1	3.609306E-1
4.563333E1	4.301190E1	3.852518E-1
4.566667E1	4.300689E1	3.533751E-1
4.570000E1	4.296502E1	2.923522E-1
4.573333E1	4.296624E1	2.662946E-1
4.576667E1	4.296528E1	2.132458E-1
4.580000E1	4.298087E1	1.843731E-1
4.583333E1	4.299118E1	2.051105E-1
4.586667E1	4.310474E1	2.773659E-1
4.590000E1	4.313392E1	2.869942E-1
4.593333E1	4.322241E1	2.888254E-1
4.596667E1	4.326437E1	2.878971E-1
4.600000E1	4.331081E1	2.871316E-1
4.603333E1	4.328607E1	2.544023E-1
4.606667E1	4.329334E1	2.435525E-1
4.610000E1	4.330423E1	2.012775E-1
4.613333E1	4.330755E1	2.074900E-1
4.616667E1	4.331218E1	2.195771E-1
4.620000E1	4.335498E1	2.748707E-1
4.623333E1	4.338763E1	2.964426E-1
4.626667E1	4.344885E1	3.212308E-1
4.630000E1	4.345446E1	3.381652E-1
4.633333E1	4.346155E1	3.211294E-1
4.636667E1	4.344592E1	2.507091E-1
4.640000E1	4.343133E1	2.042827E-1
4.643333E1	4.343902E1	1.532522E-1
4.646667E1	4.344988E1	1.212873E-1
4.650000E1	4.348195E1	1.477873E-1
4.653333E1	4.356863E1	2.061291E-1
4.656667E1	4.359273E1	2.172845E-1
4.660000E1	4.367788E1	2.289478E-1
4.663333E1	4.372841E1	2.287134E-1
4.666667E1	4.376834E1	2.251942E-1
4.670000E1	4.374975E1	1.907046E-1
4.673333E1	4.378121E1	1.924441E-1
4.676667E1	4.381475E1	1.806482E-1
4.680000E1	4.382375E1	1.945255E-1
4.683333E1	4.385787E1	2.149102E-1
4.686667E1	4.393324E1	2.743607E-1
4.690000E1	4.396377E1	2.958932E-1
4.693333E1	4.403948E1	3.110990E-1
4.696667E1	4.408370E1	3.266000E-1
4.700000E1	4.411925E1	3.169959E-1
4.703333E1	4.412501E1	2.257043E-1
4.706667E1	4.412840E1	1.899115E-1
4.710000E1	4.415270E1	1.465117E-1
4.713333E1	4.416435E1	1.266705E-1
4.716667E1	4.420825E1	1.442540E-1
4.720000E1	4.430865E1	2.061601E-1
4.723333E1	4.433171E1	2.131224E-1
4.726667E1	4.442801E1	2.237626E-1
4.730000E1	4.448774E1	2.240613E-1
4.733333E1	4.454819E1	2.299569E-1
4.736667E1	4.453891E1	2.043730E-1
4.740000E1	4.455953E1	1.979901E-1
4.743333E1	4.459093E1	1.942212E-1
4.746667E1	4.460599E1	2.088901E-1
4.750000E1	4.462302E1	2.194732E-1
4.753333E1	4.472024E1	2.771668E-1
4.756667E1	4.474279E1	3.003033E-1
4.760000E1	4.481902E1	3.118127E-1
4.763333E1	4.485197E1	3.324277E-1
4.766667E1	4.489313E1	3.078106E-1
4.770000E1	4.488648E1	2.213754E-1
4.773333E1	4.487711E1	1.896715E-1
4.776667E1	4.490037E1	1.380089E-1
4.780000E1	4.495680E1	1.206088E-1
4.783333E1	4.499980E1	1.446109E-1
4.786667E1	4.511181E1	2.114946E-1
4.790000E1	4.515111E1	2.213135E-1
4.793333E1	4.524123E1	2.254679E-1
4.796667E1	4.528633E1	2.304771E-1
4.800000E1	4.532668E1	2.359909E-1
4.803333E1	4.531912E1	2.098486E-1
4.806667E1	4.532110E1	2.018649E-1
4.810000E1	4.535361E1	2.058734E-1
4.813333E1	4.538116E1	2.184312E-1
4.816667E1	4.540321E1	2.390111E-1
4.820000E1	4.551170E1	2.966481E-1
4.823333E1	4.555164E1	3.144810E-1
4.826667E1	4.565943E1	3.375838E-1
4.830000E1	4.570126E1	3.837122E-1
4.833333E1	4.575800E1	3.456249E-1
4.836667E1	4.579505E1	2.786340E-1
4.840000E1	4.579872E1	2.475247E-1
4.843333E1	4.582613E1	1.956761E-1
4.846667E1	4.585615E1	1.644732E-1
4.850000E1	4.591207E1	1.783822E-1
4.853333E1	4.603354E1	2.496541E-1
4.856667E1	4.605149E1	2.545923E-1
4.860000E1	4.614379E1	2.814937E-1
4.863333E1	4.619236E1	2.871418E-1
4.866667E1	4.625788E1	2.935059E-1
4.870000E1	4.621915E1	2.722533E-1
4.873333E1	4.623279E1	2.686368E-1
4.876667E1	4.627683E1	2.710591E-1
4.880000E1	4.630589E1	2.777553E-1
4.883333E1	4.633932E1	2.917106E-1
4.886667E1	4.644972E1	3.378755E-1
4.890000E1	4.648586E1	3.701526E-1
4.893333E1	4.659816E1	3.949327E-1
4.896667E1	4.664966E1	4.203775E-1
4.900000E1	4.672101E1	4.082060E-1
4.903333E1	4.675639E1	3.343322E-1
4.906667E1	4.675770E1	3.082731E-1
4.910000E1	4.679630E1	2.595445E-1
4.913333E1	4.685039E1	2.384078E-1
4.916667E1	4.690431E1	2.570917E-1
4.920000E1	4.700921E1	3.094872E-1
4.923333E1	4.703189E1	3.067771E-1
4.926667E1	4.712259E1	3.063899E-1
4.930000E1	4.715595E1	3.142351E-1
4.933333E1	4.719209E1	3.039791E-1
4.936667E1	4.716287E1	2.906310E-1
4.940000E1	4.717256E1	2.800621E-1
4.943333E1	4.719568E1	2.759124E-1
4.946667E1	4.719858E1	2.787087E-1
4.950000E1	4.726968E1	2.964921E-1
4.953333E1	4.736389E1	3.368515E-1
4.956667E1	4.742216E1	3.745188E-1
4.960000E1	4.755234E1	4.114260E-1
4.963333E1	4.759826E1	4.506516E-1
4.966667E1	4.767905E1	4.252362E-1
4.970000E1	4.772307E1	3.705471E-1
4.973333E1	4.774042E1	3.410004E-1
4.976667E1	4.778300E1	2.895457E-1
4.980000E1	4.784116E1	2.677620E-1
4.983333E1	4.788078E1	2.918755E-1
4.986667E1	4.797896E1	3.469318E-1
4.990000E1	4.799751E1	3.548896E-1
4.993333E1	4.806757E1	3.676939E-1
4.996667E1	4.811874E1	3.704065E-1
5.000000E1	4.813844E1	3.753732E-1
5.003333E1	4.810839E1	3.452255E-1
5.006667E1	4.810495E1	3.302199E-1
5.010000E1	4.811711E1	3.258649E-1
5.013333E1	4.812355E1	3.328113E-1
5.016667E1	4.814383E1	3.498828E-1
5.020000E1	4.824099E1	4.063924E-1
5.023333E1	4.828706E1	4.314261E-1
5.026667E1	4.840557E1	4.575909E-1
5.030000E1	4.845164E1	5.102736E-1
5.033333E1	4.851771E1	4.916057E-1
5.036667E1	4.857030E1	4.380496E-1
5.040000E1	4.858498E1	4.101289E-1
5.043333E1	4.862240E1	3.882021E-1
5.046667E1	4.864252E1	3.333585E-1
5.050000E1	4.870182E1	3.694882E-1
5.053333E1	4.874849E1	4.276939E-1
5.056667E1	4.876347E1	4.340973E-1
5.060000E1	4.879576E1	4.402858E-1
5.063333E1	4.882867E1	4.403974E-1
5.066667E1	4.883664E1	4.413615E-1
5.070000E1	4.875454E1	4.031968E-1
5.073333E1	4.874654E1	3.941188E-1
5.076667E1	4.874218E1	3.550110E-1
5.080000E1	4.874409E1	3.570830E-1
5.083333E1	4.876113E1	3.760781E-1
5.086667E1	4.882070E1	4.315097E-1
5.090000E1	4.886557E1	4.496043E-1
5.093333E1	4.897455E1	4.560704E-1
5.096667E1	4.903079E1	5.414062E-1
5.100000E1	4.908847E1	5.442268E-1
5.103333E1	4.913622E1	5.018697E-1
5.106667E1	4.912595E1	4.747687E-1
5.110000E1	4.915262E1	4.299757E-1
5.113333E1	4.918609E1	4.103817E-1
5.116667E1	4.920468E1	4.384529E-1
5.120000E1	4.923977E1	4.688422E-1
5.123333E1	4.925646E1	4.919777E-1
5.126667E1	4.927702E1	5.066392E-1
5.130000E1	4.927567E1	5.048145E-1
5.133333E1	4.925969E1	5.030912E-1
5.136667E1	4.915509E1	4.478582E-1
5.140000E1	4.915696E1	4.213686E-1
5.143333E1	4.914225E1	4.063238E-1
5.146667E1	4.914892E1	4.079550E-1
5.150000E1	4.915775E1	4.202286E-1
5.153333E1	4.921055E1	4.831521E-1
5.156667E1	4.926830E1	5.281633E-1
5.160000E1	4.932972E1	6.157915E-1
5.163333E1	4.939139E1	6.359199E-1
5.166667E1	4.944658E1	6.177871E-1
5.170000E1	4.947750E1	5.727959E-1
5.173333E1	4.946880E1	5.504269E-1
5.176667E1	4.947997E1	5.005532E-1
5.180000E1	4.948326E1	4.680732E-1
5.183333E1	4.947945E1	4.961665E-1
5.186667E1	4.949095E1	5.604999E-1
5.190000E1	4.948446E1	5.689212E-1
5.193333E1	4.947283E1	5.682297E-1
5.196667E1	4.946462E1	5.632957E-1
5.200000E1	4.943709E1	5.550880E-1
5.203333E1	4.930803E1	5.010113E-1
5.206667E1	4.929690E1	4.651859E-1
5.210000E1	4.925600E1	4.298605E-1
5.213333E1	4.923316E1	4.197680E-1
5.216667E1	4.922823E1	4.252191E-1
5.220000E1	4.926457E1	5.036895E-1
5.223333E1	4.929095E1	5.201750E-1
5.226667E1	4.937230E1	6.176474E-1
5.230000E1	4.943699E1	6.401580E-1
5.233333E1	4.949574E1	6.354448E-1
5.236667E1	4.949404E1	5.826384E-1
5.240000E1	4.947535E1	5.542515E-1
5.243333E1	4.947691E1	5.172489E-1
5.246667E1	4.947535E1	4.750891E-1
5.250000E1	4.946994E1	5.082772E-1
5.253333E1	4.947086E1	5.625662E-1
5.256667E1	4.946494E1	5.704546E-1
5.260000E1	4.944821E1	5.726099E-1
5.263333E1	4.944599E1	5.727308E-1
5.266667E1	4.935053E1	5.688464E-1
5.270000E1	4.922432E1	5.430303E-1
5.273333E1	4.917820E1	5.173062E-1
5.276667E1	4.910056E1	4.578027E-1
5.280000E1	4.908484E1	4.255949E-1
5.283333E1	4.903593E1	4.427136E-1
5.286667E1	4.904254E1	4.757043E-1
5.290000E1	4.908148E1	5.289041E-1
5.293333E1	4.917213E1	6.202120E-1
5.296667E1	4.920683E1	6.506340E-1
5.300000E1	4.930108E1	6.317498E-1
5.303333E1	4.934050E1	6.059701E-1
5.306667E1	4.933062E1	5.539923E-1
5.310000E1	4.933212E1	5.051596E-1
5.313333E1	4.933284E1	4.778767E-1
5.316667E1	4.932735E1	4.988067E-1
5.320000E1	4.932320E1	5.286755E-1
5.323333E1	4.931469E1	5.303058E-1
5.326667E1	4.929747E1	5.300210E-1
5.330000E1	4.929145E1	5.189173E-1
5.333333E1	4.918723E1	5.073628E-1
5.336667E1	4.904505E1	4.869340E-1
5.340000E1	4.900424E1	4.628092E-1
5.343333E1	4.891300E1	4.106243E-1
5.346667E1	4.888439E1	3.998026E-1
5.350000E1	4.885673E1	4.157621E-1
5.353333E1	4.889369E1	4.533377E-1
5.356667E1	4.891954E1	4.878807E-1
5.360000E1	4.901675E1	5.203480E-1
5.363333E1	4.906600E1	5.648003E-1
5.366667E1	4.919951E1	5.723875E-1
5.370000E1	4.924756E1	5.441681E-1
5.373333E1	4.926610E1	5.054436E-1
5.376667E1	4.928910E1	4.375823E-1
5.380000E1	4.932030E1	4.178801E-1
5.383333E1	4.933121E1	4.326021E-1
5.386667E1	4.932757E1	4.530965E-1
5.390000E1	4.931466E1	4.496575E-1
5.393333E1	4.928681E1	4.476488E-1
5.396667E1	4.928491E1	4.456680E-1
5.400000E1	4.916968E1	4.334112E-1
5.403333E1	4.903327E1	4.132770E-1
5.406667E1	4.899560E1	3.988383E-1
5.410000E1	4.891110E1	3.478819E-1
5.413333E1	4.889173E1	3.386940E-1
5.416667E1	4.886076E1	3.658800E-1
5.420000E1	4.890395E1	3.936548E-1
5.423333E1	4.895274E1	4.329704E-1
5.426667E1	4.905393E1	4.543985E-1
5.430000E1	4.907356E1	4.771130E-1
5.433333E1	4.923935E1	4.926412E-1
5.436667E1	4.933616E1	4.875344E-1
5.440000E1	4.938813E1	4.422220E-1
5.443333E1	4.945725E1	4.122961E-1
5.446667E1	4.948316E1	3.991627E-1
5.450000E1	4.955437E1	4.039111E-1
5.453333E1	4.960385E1	4.145936E-1
5.456667E1	4.962171E1	4.102460E-1
5.460000E1	4.965867E1	3.671145E-1
5.463333E1	4.967382E1	3.413730E-1
