	masse A		
t	x	y	
0.000000E0	-3.595736E-3	0.000000E0
3.333333E-2	-5.361740E-3	-2.687006E-4
6.666667E-2	-1.131231E-2	1.583105E-4
1.000000E-1	-3.155856E-2	-9.402762E-4
1.333333E-1	-4.587821E-2	-1.841706E-3
1.666667E-1	-1.512367E-1	-1.214695E-2
2.000000E-1	-2.267179E-1	-1.143698E-2
2.333333E-1	-2.871528E-1	-1.354207E-2
2.666667E-1	-4.094114E-1	-1.551993E-2
3.000000E-1	-4.478360E-1	-1.418241E-2
3.333333E-1	-5.889907E-1	-1.977641E-2
3.666667E-1	-6.715598E-1	-2.569204E-2
4.000000E-1	-6.639910E-1	-2.912631E-2
4.333333E-1	-6.184817E-1	-4.452914E-2
4.666667E-1	-5.720535E-1	-6.266805E-2
5.000000E-1	-2.998343E-1	-3.193140E-2
5.333333E-1	-1.020380E-1	-9.717991E-3
5.666667E-1	-9.816857E-3	-7.802903E-3
6.000000E-1	2.916847E-1	8.088185E-4
6.333333E-1	4.160473E-1	9.559422E-3
6.666667E-1	5.694695E-1	7.084496E-3
7.000000E-1	6.483449E-1	-8.156423E-3
7.333333E-1	6.887894E-1	-9.239267E-3
7.666667E-1	7.417035E-1	-4.634912E-3
8.000000E-1	7.420985E-1	5.185533E-3
8.333333E-1	7.270412E-1	8.236933E-3
8.666667E-1	6.883715E-1	5.298498E-3
9.000000E-1	5.902056E-1	-2.888743E-3
9.333333E-1	4.234527E-1	-8.848539E-3
9.666667E-1	3.574116E-1	-2.454433E-2
1.000000E0	1.787474E-2	-1.041017E-1
1.033333E0	-2.104016E-1	-1.406946E-1
1.066667E0	-4.233983E-1	-1.827455E-1
1.100000E0	-5.280599E-1	-2.203995E-1
1.133333E0	-5.426008E-1	-2.388858E-1
1.166667E0	-4.619354E-1	-2.322901E-1
1.200000E0	-3.918304E-1	-2.232425E-1
1.233333E0	-2.414583E-2	-1.972992E-1
1.266667E0	3.476115E-1	-1.979067E-1
1.300000E0	4.336217E-1	-2.227308E-1
1.333333E0	8.466383E-1	-1.988710E-1
1.366667E0	1.027644E0	-2.087404E-1
1.400000E0	1.126115E0	-2.187680E-1
1.433333E0	1.214910E0	-2.318660E-1
1.466667E0	1.250101E0	-2.382332E-1
1.500000E0	1.322577E0	-2.391001E-1
1.533333E0	1.347035E0	-2.211099E-1
1.566667E0	1.351289E0	-2.233705E-1
1.600000E0	1.321294E0	-2.293937E-1
1.633333E0	1.285842E0	-2.276298E-1
1.666667E0	1.103416E0	-2.543399E-1
1.700000E0	8.920634E-1	-2.968546E-1
1.733333E0	8.461072E-1	-2.971867E-1
1.766667E0	5.326420E-1	-3.851156E-1
1.800000E0	4.342487E-1	-4.157119E-1
1.833333E0	3.622871E-1	-4.624145E-1
1.866667E0	4.084370E-1	-4.513463E-1
1.900000E0	4.641810E-1	-4.526364E-1
1.933333E0	6.872641E-1	-4.329289E-1
1.966667E0	7.751957E-1	-4.351803E-1
2.000000E0	1.099123E0	-4.370635E-1
2.033333E0	1.276991E0	-4.413902E-1
2.066667E0	1.357020E0	-4.558636E-1
2.100000E0	1.471748E0	-4.632810E-1
2.133333E0	1.499852E0	-4.671971E-1
2.166667E0	1.575830E0	-4.263019E-1
2.200000E0	1.590845E0	-3.985722E-1
2.233333E0	1.560400E0	-3.704768E-1
2.266667E0	1.455610E0	-3.602932E-1
2.300000E0	1.398736E0	-3.611361E-1
2.333333E0	1.150883E0	-3.693412E-1
2.366667E0	9.642156E-1	-3.912079E-1
2.400000E0	9.049710E-1	-3.810620E-1
2.433333E0	5.656973E-1	-4.966539E-1
2.466667E0	4.912017E-1	-5.177637E-1
2.500000E0	4.233150E-1	-5.268604E-1
2.533333E0	4.533435E-1	-5.122800E-1
2.566667E0	5.309260E-1	-5.116699E-1
2.600000E0	6.934885E-1	-4.981107E-1
2.633333E0	7.944028E-1	-4.965002E-1
2.666667E0	1.083607E0	-4.813516E-1
2.700000E0	1.272984E0	-4.846649E-1
2.733333E0	1.369169E0	-5.026865E-1
2.766667E0	1.489831E0	-5.067251E-1
2.800000E0	1.529241E0	-5.080494E-1
2.833333E0	1.582209E0	-4.492450E-1
2.866667E0	1.581432E0	-3.879634E-1
2.900000E0	1.550284E0	-3.637814E-1
2.933333E0	1.438652E0	-3.457259E-1
2.966667E0	1.369001E0	-3.341947E-1
3.000000E0	1.122519E0	-3.381272E-1
3.033333E0	9.277606E-1	-3.607854E-1
3.066667E0	8.663884E-1	-3.637261E-1
3.100000E0	5.575997E-1	-3.774724E-1
3.133333E0	4.391374E-1	-4.299719E-1
3.166667E0	3.485345E-1	-4.365019E-1
3.200000E0	3.760696E-1	-3.988084E-1
3.233333E0	4.449742E-1	-3.733251E-1
3.266667E0	5.954275E-1	-3.524229E-1
3.300000E0	6.959643E-1	-3.344888E-1
3.333333E0	1.004990E0	-3.296574E-1
3.366667E0	1.178441E0	-3.005042E-1
3.400000E0	1.291024E0	-3.009073E-1
3.433333E0	1.419922E0	-2.952905E-1
3.466667E0	1.447728E0	-2.997696E-1
3.500000E0	1.534450E0	-2.570525E-1
3.533333E0	1.519848E0	-2.046107E-1
3.566667E0	1.487927E0	-1.898363E-1
3.600000E0	1.368242E0	-1.695292E-1
3.633333E0	1.302422E0	-1.359624E-1
3.666667E0	1.062971E0	-9.945622E-2
3.700000E0	8.790128E-1	-1.052319E-1
3.733333E0	8.306581E-1	-1.006674E-1
3.766667E0	4.857590E-1	-1.918249E-1
3.800000E0	4.235241E-1	-2.091510E-1
3.833333E0	3.582546E-1	-2.234788E-1
3.866667E0	3.858272E-1	-2.039677E-1
3.900000E0	4.874227E-1	-1.623654E-1
3.933333E0	6.655676E-1	-1.455878E-1
3.966667E0	7.280311E-1	-1.237940E-1
4.000000E0	1.040499E0	-1.140281E-1
4.033333E0	1.243624E0	-9.648529E-2
4.066667E0	1.393366E0	-1.013381E-1
4.100000E0	1.513405E0	-9.230667E-2
4.133333E0	1.561377E0	-9.491474E-2
4.166667E0	1.670794E0	-7.537686E-2
4.200000E0	1.684159E0	-5.850609E-2
4.233333E0	1.655664E0	-3.508705E-2
4.266667E0	1.578755E0	9.995450E-3
4.300000E0	1.537313E0	3.732811E-2
4.333333E0	1.396302E0	6.906890E-2
4.366667E0	1.142880E0	5.714846E-2
4.400000E0	1.041086E0	4.416075E-2
4.433333E0	8.619795E-1	4.443872E-2
4.466667E0	7.349297E-1	-3.564519E-2
4.500000E0	6.916236E-1	-4.563675E-2
4.533333E0	7.460977E-1	-2.804632E-2
4.566667E0	8.291218E-1	-9.085811E-3
4.600000E0	9.831913E-1	-2.429459E-3
4.633333E0	1.142764E0	2.875355E-2
4.666667E0	1.373423E0	2.005504E-2
4.700000E0	1.725763E0	1.785182E-2
4.733333E0	1.758360E0	3.722301E-3
4.766667E0	2.009701E0	-1.223547E-2
4.800000E0	2.092288E0	-2.844651E-2
4.833333E0	2.195786E0	-5.553175E-3
4.866667E0	2.293947E0	2.729087E-2
4.900000E0	2.295600E0	2.555729E-2
4.933333E0	2.270170E0	6.381210E-2
4.966667E0	2.220719E0	9.563004E-2
5.000000E0	2.114143E0	1.232948E-1
5.033333E0	1.878052E0	1.121709E-1
5.066667E0	1.791802E0	9.788559E-2
5.100000E0	1.628391E0	6.388061E-2
5.133333E0	1.500323E0	1.810617E-2
5.166667E0	1.457021E0	-2.367168E-2
5.200000E0	1.509550E0	1.511814E-2
5.233333E0	1.567630E0	1.285167E-2
5.266667E0	1.762739E0	8.173363E-3
5.300000E0	1.902080E0	4.315716E-2
5.333333E0	2.129315E0	6.157741E-2
5.366667E0	2.378596E0	6.824978E-2
5.400000E0	2.592369E0	4.953580E-2
5.433333E0	2.832996E0	5.569857E-2
5.466667E0	2.873989E0	3.173040E-2
5.500000E0	3.000082E0	4.755449E-2
5.533333E0	3.085219E0	6.863777E-2
5.566667E0	3.089586E0	7.351787E-2
5.600000E0	3.058372E0	1.231664E-1
5.633333E0	3.016106E0	1.480777E-1
5.666667E0	2.902981E0	1.825895E-1
5.700000E0	2.683616E0	1.732104E-1
5.733333E0	2.595985E0	1.601721E-1
5.766667E0	2.454667E0	1.152896E-1
5.800000E0	2.315060E0	6.013964E-2
5.833333E0	2.287087E0	3.361974E-2
5.866667E0	2.344938E0	6.404701E-2
5.900000E0	2.429498E0	6.693575E-2
5.933333E0	2.706937E0	7.618847E-2
5.966667E0	2.761478E0	7.939914E-2
6.000000E0	3.002316E0	8.263052E-2
6.033333E0	3.338952E0	7.219288E-2
6.066667E0	3.441058E0	6.540328E-2
6.100000E0	3.617953E0	6.047024E-2
6.133333E0	3.732402E0	3.104784E-2
6.166667E0	3.857707E0	5.018922E-2
6.200000E0	3.949013E0	7.286719E-2
6.233333E0	3.955604E0	7.930350E-2
6.266667E0	3.935492E0	1.223338E-1
6.300000E0	3.912270E0	1.501434E-1
6.333333E0	3.807798E0	1.876387E-1
6.366667E0	3.605288E0	1.657272E-1
6.400000E0	3.542034E0	1.299263E-1
6.433333E0	3.398559E0	1.049435E-1
6.466667E0	3.268741E0	4.706543E-2
6.500000E0	3.218373E0	1.954972E-2
6.533333E0	3.305096E0	3.028941E-2
6.566667E0	3.380308E0	5.472491E-2
6.600000E0	3.625569E0	6.883929E-2
6.633333E0	3.716716E0	8.324771E-2
6.666667E0	3.945863E0	7.614175E-2
6.700000E0	4.304890E0	7.091242E-2
6.733333E0	4.402278E0	6.265794E-2
6.766667E0	4.595864E0	5.497630E-2
6.800000E0	4.688117E0	2.047010E-2
6.833333E0	4.804055E0	4.269837E-3
6.866667E0	4.905253E0	2.624121E-2
6.900000E0	4.902745E0	2.319628E-2
6.933333E0	4.894650E0	6.102699E-2
6.966667E0	4.878953E0	8.794180E-2
7.000000E0	4.770575E0	1.185410E-1
7.033333E0	4.584047E0	1.126585E-1
7.066667E0	4.487851E0	8.773143E-2
7.100000E0	4.337997E0	5.263413E-2
7.133333E0	4.240376E0	8.974648E-3
7.166667E0	4.197035E0	-4.480265E-2
7.200000E0	4.274936E0	-3.061759E-2
7.233333E0	4.318559E0	-9.428390E-3
7.266667E0	4.493826E0	-5.408108E-4
7.300000E0	4.654982E0	3.145849E-2
7.333333E0	4.893927E0	5.046523E-2
7.366667E0	5.234194E0	5.840861E-2
7.400000E0	5.342850E0	4.888251E-2
7.433333E0	5.519033E0	4.947231E-2
7.466667E0	5.609015E0	1.408197E-2
7.500000E0	5.728681E0	1.658585E-2
7.533333E0	5.837083E0	3.209625E-2
7.566667E0	5.845895E0	5.772330E-2
7.600000E0	5.833127E0	1.047025E-1
7.633333E0	5.804281E0	1.367270E-1
7.666667E0	5.723683E0	1.627485E-1
7.700000E0	5.549495E0	1.323729E-1
7.733333E0	5.477122E0	1.096816E-1
7.766667E0	5.317215E0	7.167936E-2
7.800000E0	5.196932E0	1.400039E-2
7.833333E0	5.165067E0	-2.883032E-2
7.866667E0	5.224437E0	-2.731139E-3
7.900000E0	5.306056E0	3.814806E-3
7.933333E0	5.514837E0	8.465924E-3
7.966667E0	5.622813E0	3.621124E-2
8.000000E0	5.840965E0	5.249398E-2
8.033333E0	6.157265E0	6.324131E-2
8.066667E0	6.250806E0	5.258012E-2
8.100000E0	6.436833E0	5.222453E-2
8.133333E0	6.498780E0	1.699371E-2
8.166667E0	6.599411E0	2.276698E-2
8.200000E0	6.691138E0	4.599155E-2
8.233333E0	6.704886E0	6.124805E-2
8.266667E0	6.694988E0	1.129142E-1
8.300000E0	6.669286E0	1.417949E-1
8.333333E0	6.594241E0	1.801357E-1
8.366667E0	6.426306E0	1.610266E-1
8.400000E0	6.352093E0	1.238043E-1
8.433333E0	6.184312E0	7.799145E-2
8.466667E0	6.099272E0	3.673330E-2
8.500000E0	6.057650E0	3.773862E-4
8.533333E0	6.116254E0	2.724608E-2
8.566667E0	6.176284E0	2.374723E-2
8.600000E0	6.363310E0	1.506274E-2
8.633333E0	6.485580E0	4.880254E-2
8.666667E0	6.693102E0	6.136681E-2
8.700000E0	7.005420E0	6.519889E-2
8.733333E0	7.071416E0	5.617515E-2
8.766667E0	7.216129E0	5.420295E-2
8.800000E0	7.319458E0	3.183828E-2
8.833333E0	7.406307E0	5.052494E-2
8.866667E0	7.487343E0	7.003410E-2
8.900000E0	7.487465E0	7.895317E-2
8.933333E0	7.480574E0	1.200767E-1
8.966667E0	7.465492E0	1.570778E-1
9.000000E0	7.372624E0	1.899440E-1
9.033333E0	7.190348E0	1.793999E-1
9.066667E0	7.118376E0	1.649970E-1
9.100000E0	6.986400E0	1.060740E-1
9.133333E0	6.880808E0	6.517413E-2
9.166667E0	6.857902E0	3.251163E-2
9.200000E0	6.910368E0	6.477442E-2
9.233333E0	6.968143E0	6.933718E-2
9.266667E0	7.172701E0	7.679554E-2
9.300000E0	7.283229E0	8.478864E-2
9.333333E0	7.477212E0	7.880318E-2
9.366667E0	7.770787E0	7.679726E-2
9.400000E0	7.832398E0	6.587166E-2
9.433333E0	7.991612E0	5.934979E-2
9.466667E0	8.055403E0	3.894221E-2
9.500000E0	8.142714E0	5.900265E-2
9.533333E0	8.211265E0	8.342430E-2
9.566667E0	8.206918E0	9.472904E-2
9.600000E0	8.196202E0	1.327374E-1
9.633333E0	8.179851E0	1.781186E-1
9.666667E0	8.076791E0	2.098099E-1
9.700000E0	7.904972E0	1.943883E-1
9.733333E0	7.858080E0	1.875850E-1
9.766667E0	7.637463E0	8.681847E-2
9.800000E0	7.563125E0	7.349910E-2
9.833333E0	7.513477E0	4.513798E-2
9.866667E0	7.533704E0	7.196745E-2
9.900000E0	7.590623E0	9.094146E-2
9.933333E0	7.770231E0	8.229822E-2
9.966667E0	7.866123E0	9.239364E-2
1.000000E1	8.028755E0	8.673056E-2
1.003333E1	8.356786E0	7.646811E-2
1.006667E1	8.401802E0	6.460588E-2
1.010000E1	8.520394E0	5.495116E-2
1.013333E1	8.580802E0	4.686391E-2
1.016667E1	8.636303E0	6.624595E-2
1.020000E1	8.660295E0	8.997096E-2
1.023333E1	8.644334E0	1.076845E-1
1.026667E1	8.616972E0	1.665787E-1
1.030000E1	8.598938E0	1.866160E-1
1.033333E1	8.452989E0	2.247618E-1
1.036667E1	8.238443E0	1.886134E-1
1.040000E1	8.193823E0	1.877346E-1
1.043333E1	8.049428E0	1.819232E-1
1.046667E1	7.930966E0	9.245549E-2
1.050000E1	7.911935E0	7.431501E-2
1.053333E1	7.992554E0	1.150818E-1
1.056667E1	8.048323E0	1.332707E-1
1.060000E1	8.224539E0	1.403027E-1
1.063333E1	8.334794E0	1.520934E-1
1.066667E1	8.502529E0	1.457101E-1
1.070000E1	8.724336E0	1.418903E-1
1.073333E1	8.761312E0	1.275691E-1
1.076667E1	8.888409E0	1.111756E-1
1.080000E1	8.930924E0	9.172453E-2
1.083333E1	8.973183E0	9.727529E-2
1.086667E1	9.011807E0	1.171686E-1
1.090000E1	8.995366E0	1.468828E-1
1.093333E1	8.948051E0	1.995955E-1
1.096667E1	8.890301E0	2.337659E-1
1.100000E1	8.784428E0	2.322291E-1
1.103333E1	8.601111E0	1.827343E-1
1.106667E1	8.523141E0	1.756848E-1
1.110000E1	8.350546E0	7.974548E-2
1.113333E1	8.307054E0	6.999378E-2
1.116667E1	8.271677E0	5.977222E-2
1.120000E1	8.351304E0	9.106639E-2
1.123333E1	8.395228E0	9.583217E-2
1.126667E1	8.582957E0	7.982211E-2
1.130000E1	8.685968E0	9.595791E-2
1.133333E1	8.866675E0	9.015874E-2
1.136667E1	9.065606E0	8.620137E-2
1.140000E1	9.100601E0	6.709067E-2
1.143333E1	9.231392E0	5.110519E-2
1.146667E1	9.293788E0	3.708874E-2
1.150000E1	9.336678E0	5.351870E-2
1.153333E1	9.368503E0	7.656810E-2
1.156667E1	9.360052E0	9.383858E-2
1.160000E1	9.332335E0	1.219137E-1
1.163333E1	9.306092E0	1.786070E-1
1.166667E1	9.199828E0	1.989052E-1
1.170000E1	9.044811E0	1.365801E-1
1.173333E1	8.944269E0	9.657170E-2
1.176667E1	8.809564E0	4.969551E-2
1.180000E1	8.765970E0	2.294477E-2
1.183333E1	8.766585E0	-1.166991E-2
1.186667E1	8.856622E0	3.696232E-2
1.190000E1	8.917839E0	5.463971E-2
1.193333E1	9.090912E0	6.407068E-2
1.196667E1	9.204067E0	6.710394E-2
1.200000E1	9.370047E0	6.485135E-2
1.203333E1	9.573130E0	6.128449E-2
1.206667E1	9.621677E0	5.253043E-2
1.210000E1	9.741948E0	3.835046E-2
1.213333E1	9.780504E0	-7.622436E-3
1.216667E1	9.831835E0	1.535547E-2
1.220000E1	9.886565E0	3.224880E-2
1.223333E1	9.866401E0	5.727171E-2
1.226667E1	9.853732E0	9.880126E-2
1.230000E1	9.838903E0	1.146486E-1
1.233333E1	9.769199E0	1.399544E-1
1.236667E1	9.631445E0	7.190991E-2
1.240000E1	9.577358E0	4.889735E-2
1.243333E1	9.463980E0	3.875089E-2
1.246667E1	9.393606E0	-3.861473E-2
1.250000E1	9.399405E0	-5.205351E-2
1.253333E1	9.491937E0	-2.231089E-2
1.256667E1	9.539292E0	-4.744918E-3
1.260000E1	9.668080E0	1.401345E-3
1.263333E1	9.718891E0	8.560085E-3
1.266667E1	9.947887E0	2.304199E-3
1.270000E1	1.008460E1	4.833329E-3
1.273333E1	1.015074E1	-1.878171E-2
1.276667E1	1.024170E1	-4.002361E-2
1.280000E1	1.027579E1	-6.044441E-2
1.283333E1	1.036736E1	-5.476664E-2
1.286667E1	1.038880E1	-5.371484E-2
1.290000E1	1.038596E1	-3.412149E-2
1.293333E1	1.036915E1	1.183504E-2
1.296667E1	1.035883E1	3.102722E-2
1.300000E1	1.028858E1	6.633721E-2
1.303333E1	1.020645E1	4.567599E-2
1.306667E1	1.009649E1	-1.338815E-2
1.310000E1	9.973592E0	-5.981668E-2
1.313333E1	9.947182E0	-9.275322E-2
1.316667E1	9.918323E0	-1.186153E-1
1.320000E1	9.960451E0	-1.069805E-1
1.323333E1	1.002321E1	-8.426652E-2
1.326667E1	1.014951E1	-6.505910E-2
1.330000E1	1.022191E1	-6.131368E-2
1.333333E1	1.045717E1	-6.079065E-2
1.336667E1	1.059893E1	-6.907095E-2
1.340000E1	1.065189E1	-8.631050E-2
1.343333E1	1.075845E1	-9.306829E-2
1.346667E1	1.080975E1	-1.014176E-1
1.350000E1	1.090489E1	-7.962895E-2
1.353333E1	1.094323E1	-6.703884E-2
1.356667E1	1.094878E1	-4.492538E-2
1.360000E1	1.093906E1	-1.926483E-2
1.363333E1	1.093646E1	4.941510E-3
1.366667E1	1.085908E1	2.958524E-2
1.370000E1	1.078421E1	2.686601E-2
1.373333E1	1.066072E1	-6.753556E-2
1.376667E1	1.056760E1	-9.744035E-2
1.380000E1	1.052575E1	-1.252279E-1
1.383333E1	1.050668E1	-1.714434E-1
1.386667E1	1.054405E1	-1.378328E-1
1.390000E1	1.061123E1	-1.251786E-1
1.393333E1	1.078357E1	-1.147832E-1
1.396667E1	1.084478E1	-7.643934E-2
1.400000E1	1.108752E1	-6.413417E-2
1.403333E1	1.122860E1	-7.180950E-2
1.406667E1	1.127866E1	-8.891857E-2
1.410000E1	1.139170E1	-9.690180E-2
1.413333E1	1.144082E1	-1.037120E-1
1.416667E1	1.152891E1	-7.937928E-2
1.420000E1	1.157099E1	-6.644624E-2
1.423333E1	1.158839E1	-4.668933E-2
1.426667E1	1.158869E1	-1.040225E-2
1.430000E1	1.158511E1	1.646165E-2
1.433333E1	1.152159E1	4.594482E-2
1.436667E1	1.145642E1	3.806311E-2
1.440000E1	1.137191E1	-3.686191E-3
1.443333E1	1.127067E1	-7.367266E-2
1.446667E1	1.124662E1	-1.072266E-1
1.450000E1	1.123435E1	-1.405854E-1
1.453333E1	1.128633E1	-1.147081E-1
1.456667E1	1.135611E1	-8.489977E-2
1.460000E1	1.150707E1	-6.441690E-2
1.463333E1	1.157055E1	-5.601692E-2
1.466667E1	1.181839E1	-5.100104E-2
1.470000E1	1.195944E1	-6.351098E-2
1.473333E1	1.203475E1	-8.548526E-2
1.476667E1	1.214772E1	-9.134016E-2
1.480000E1	1.221193E1	-9.759582E-2
1.483333E1	1.232185E1	-7.750518E-2
1.486667E1	1.236808E1	-6.315593E-2
1.490000E1	1.238343E1	-4.584402E-2
1.493333E1	1.239519E1	-1.632368E-2
1.496667E1	1.239015E1	1.396065E-2
1.500000E1	1.234806E1	5.190249E-2
1.503333E1	1.230461E1	4.321480E-2
1.506667E1	1.222643E1	1.063342E-2
1.510000E1	1.211770E1	-8.696306E-2
1.513333E1	1.209589E1	-1.009981E-1
1.516667E1	1.209891E1	-1.351492E-1
1.520000E1	1.219412E1	-1.042512E-1
1.523333E1	1.225839E1	-8.898432E-2
1.526667E1	1.238519E1	-6.368635E-2
1.530000E1	1.249749E1	-4.030046E-2
1.533333E1	1.276605E1	-1.609183E-2
1.536667E1	1.288615E1	-1.365828E-2
1.540000E1	1.295185E1	-4.213743E-2
1.543333E1	1.307985E1	-3.774828E-2
1.546667E1	1.311513E1	-6.339398E-2
1.550000E1	1.323185E1	-4.084435E-2
1.553333E1	1.327464E1	-9.898430E-3
1.556667E1	1.331189E1	9.609122E-3
1.560000E1	1.334195E1	3.743605E-2
1.563333E1	1.333576E1	6.245345E-2
1.566667E1	1.327948E1	9.649149E-2
1.570000E1	1.324428E1	7.135102E-2
1.573333E1	1.320837E1	5.398558E-2
1.576667E1	1.307957E1	-4.620384E-2
1.580000E1	1.306785E1	-6.826561E-2
1.583333E1	1.308908E1	-1.052480E-1
1.586667E1	1.312786E1	-7.739090E-2
1.590000E1	1.320748E1	-5.409645E-2
1.593333E1	1.336653E1	-5.301352E-2
1.596667E1	1.340783E1	-5.137181E-2
1.600000E1	1.366374E1	-3.817252E-2
1.603333E1	1.380052E1	-2.209486E-2
1.606667E1	1.384464E1	-3.841893E-2
1.610000E1	1.395320E1	-4.818654E-2
1.613333E1	1.398739E1	-7.987217E-2
1.616667E1	1.409781E1	-6.717583E-2
1.620000E1	1.413931E1	-5.434334E-2
1.623333E1	1.418830E1	-3.585745E-2
1.626667E1	1.421294E1	2.325451E-2
1.630000E1	1.423799E1	4.127246E-2
1.633333E1	1.420498E1	8.375639E-2
1.636667E1	1.415626E1	6.460284E-2
1.640000E1	1.412085E1	4.579362E-2
1.643333E1	1.402347E1	-3.967200E-2
1.646667E1	1.399106E1	-4.551043E-2
1.650000E1	1.402868E1	-9.088310E-2
1.653333E1	1.408290E1	-6.607338E-2
1.656667E1	1.411324E1	-6.281870E-2
1.660000E1	1.425029E1	-5.794038E-2
1.663333E1	1.437839E1	-4.131362E-3
1.666667E1	1.463497E1	-1.322774E-2
1.670000E1	1.474414E1	-1.064814E-2
1.673333E1	1.481069E1	-2.186335E-2
1.676667E1	1.492918E1	-3.814656E-2
1.680000E1	1.497279E1	-5.628629E-2
1.683333E1	1.508662E1	-4.931730E-2
1.686667E1	1.513242E1	-4.065467E-2
1.690000E1	1.514442E1	-6.803633E-3
1.693333E1	1.520093E1	3.674683E-2
1.696667E1	1.520654E1	6.662903E-2
1.700000E1	1.516751E1	1.058988E-1
1.703333E1	1.514856E1	9.437774E-2
1.706667E1	1.510759E1	6.117858E-2
1.710000E1	1.503480E1	3.222235E-2
1.713333E1	1.500548E1	-5.988023E-3
1.716667E1	1.503060E1	-5.335097E-2
1.720000E1	1.509008E1	-3.198147E-2
1.723333E1	1.515747E1	-6.626955E-3
1.726667E1	1.530569E1	9.880204E-3
1.730000E1	1.536907E1	2.061336E-2
1.733333E1	1.558812E1	1.251831E-3
1.736667E1	1.572522E1	4.160747E-3
1.740000E1	1.577922E1	-9.609800E-3
1.743333E1	1.587017E1	-3.540723E-2
1.746667E1	1.591805E1	-6.276864E-2
1.750000E1	1.601258E1	-5.640257E-2
1.753333E1	1.606547E1	-4.333654E-2
1.756667E1	1.607580E1	-3.093403E-2
1.760000E1	1.611944E1	2.135280E-2
1.763333E1	1.612688E1	4.144805E-2
1.766667E1	1.608911E1	9.549037E-2
1.770000E1	1.606921E1	6.915057E-2
1.773333E1	1.600448E1	5.709167E-2
1.776667E1	1.594382E1	3.739616E-2
1.780000E1	1.591234E1	-1.707521E-2
1.783333E1	1.591342E1	-5.533977E-2
1.786667E1	1.596807E1	-3.720873E-2
1.790000E1	1.602470E1	-1.217610E-2
1.793333E1	1.617268E1	7.994544E-3
1.796667E1	1.623536E1	2.629190E-2
1.800000E1	1.644432E1	5.598595E-3
1.803333E1	1.657492E1	-3.440123E-4
1.806667E1	1.661410E1	-1.178048E-2
1.810000E1	1.670306E1	-2.885013E-2
1.813333E1	1.674130E1	-4.749089E-2
1.816667E1	1.683728E1	-3.602854E-2
1.820000E1	1.686642E1	-4.119619E-3
1.823333E1	1.690021E1	1.195578E-2
1.826667E1	1.693601E1	6.554647E-2
1.830000E1	1.692597E1	8.552490E-2
1.833333E1	1.687687E1	1.254391E-1
1.836667E1	1.684734E1	1.106357E-1
1.840000E1	1.677498E1	8.368713E-2
1.843333E1	1.669328E1	4.650651E-2
1.846667E1	1.666303E1	2.766329E-2
1.850000E1	1.668336E1	-2.411067E-2
1.853333E1	1.671613E1	-4.458824E-3
1.856667E1	1.675362E1	3.099983E-3
1.860000E1	1.688662E1	2.748761E-2
1.863333E1	1.697659E1	4.288840E-2
1.866667E1	1.716896E1	4.910220E-2
1.870000E1	1.729706E1	5.299871E-2
1.873333E1	1.734775E1	4.405333E-2
1.876667E1	1.742644E1	3.757259E-2
1.880000E1	1.745974E1	1.435751E-2
1.883333E1	1.755062E1	1.632359E-2
1.886667E1	1.758143E1	3.069594E-2
1.890000E1	1.758620E1	6.553759E-2
1.893333E1	1.763036E1	1.088792E-1
1.896667E1	1.763074E1	1.383528E-1
1.900000E1	1.757426E1	1.839487E-1
1.903333E1	1.753888E1	1.755105E-1
1.906667E1	1.748613E1	1.603909E-1
1.910000E1	1.738790E1	9.757325E-2
1.913333E1	1.737262E1	5.900286E-2
1.916667E1	1.739022E1	3.453909E-2
1.920000E1	1.742366E1	5.781677E-2
1.923333E1	1.748850E1	6.984404E-2
1.926667E1	1.758828E1	8.614533E-2
1.930000E1	1.766521E1	9.102411E-2
1.933333E1	1.785155E1	7.275829E-2
1.936667E1	1.796796E1	7.436553E-2
1.940000E1	1.800608E1	5.330638E-2
1.943333E1	1.809242E1	4.361673E-2
1.946667E1	1.812778E1	2.507687E-2
1.950000E1	1.821299E1	2.510468E-2
1.953333E1	1.824669E1	3.273267E-2
1.956667E1	1.826625E1	7.152472E-2
1.960000E1	1.827968E1	1.100221E-1
1.963333E1	1.827797E1	1.399482E-1
1.966667E1	1.822400E1	1.823973E-1
1.970000E1	1.817519E1	1.822164E-1
1.973333E1	1.810575E1	1.711039E-1
1.976667E1	1.800445E1	8.219293E-2
1.980000E1	1.798257E1	5.886759E-2
1.983333E1	1.797911E1	2.136642E-2
1.986667E1	1.801420E1	3.614368E-2
1.990000E1	1.807952E1	6.192514E-2
1.993333E1	1.818587E1	7.823575E-2
1.996667E1	1.826111E1	8.535820E-2
2.000000E1	1.843804E1	7.157371E-2
2.003333E1	1.854108E1	7.526612E-2
2.006667E1	1.858932E1	5.584582E-2
2.010000E1	1.867620E1	4.709942E-2
2.013333E1	1.871399E1	3.309697E-2
2.016667E1	1.878079E1	4.945721E-2
2.020000E1	1.881120E1	6.527973E-2
2.023333E1	1.883704E1	8.649838E-2
2.026667E1	1.885355E1	1.142569E-1
2.030000E1	1.885201E1	1.424629E-1
2.033333E1	1.879857E1	1.794417E-1
2.036667E1	1.874031E1	1.702853E-1
2.040000E1	1.869873E1	1.430603E-1
2.043333E1	1.857976E1	7.778801E-2
2.046667E1	1.854978E1	4.585646E-2
2.050000E1	1.854039E1	1.231887E-2
2.053333E1	1.857412E1	3.240084E-2
2.056667E1	1.866224E1	6.126458E-2
2.060000E1	1.873807E1	8.036408E-2
2.063333E1	1.880558E1	7.393452E-2
2.066667E1	1.896593E1	6.910152E-2
2.070000E1	1.908204E1	7.162430E-2
2.073333E1	1.911836E1	5.728376E-2
2.076667E1	1.920326E1	4.393938E-2
2.080000E1	1.923325E1	2.095758E-2
2.083333E1	1.928345E1	2.896605E-2
2.086667E1	1.931453E1	3.631195E-2
2.090000E1	1.933689E1	7.063437E-2
2.093333E1	1.935631E1	1.083770E-1
2.096667E1	1.935730E1	1.339664E-1
2.100000E1	1.933082E1	1.761531E-1
2.103333E1	1.927337E1	1.633833E-1
2.106667E1	1.924042E1	1.416931E-1
2.110000E1	1.914682E1	7.490111E-2
2.113333E1	1.910404E1	4.691026E-2
2.116667E1	1.909736E1	1.548253E-2
2.120000E1	1.913687E1	1.967471E-2
2.123333E1	1.915322E1	1.429040E-2
2.126667E1	1.926404E1	2.372959E-2
2.130000E1	1.936937E1	4.223442E-2
2.133333E1	1.946154E1	5.333392E-2
2.136667E1	1.964731E1	6.405252E-2
2.140000E1	1.966625E1	5.689613E-2
2.143333E1	1.972222E1	4.593454E-2
2.146667E1	1.976393E1	1.650512E-2
2.150000E1	1.982886E1	1.007736E-2
2.153333E1	1.987527E1	4.015411E-2
2.156667E1	1.987249E1	5.705288E-2
2.160000E1	1.988844E1	9.367843E-2
2.163333E1	1.990922E1	1.063456E-1
2.166667E1	1.989489E1	1.622295E-1
2.170000E1	1.983699E1	1.313747E-1
2.173333E1	1.981145E1	1.232495E-1
2.176667E1	1.969593E1	7.505396E-2
2.180000E1	1.964773E1	3.641560E-2
2.183333E1	1.962389E1	6.546943E-3
2.186667E1	1.967931E1	3.255149E-2
2.190000E1	1.972170E1	4.960159E-2
2.193333E1	1.983645E1	7.063851E-2
2.196667E1	1.990762E1	7.285377E-2
2.200000E1	2.002298E1	6.833510E-2
2.203333E1	2.017118E1	7.244917E-2
2.206667E1	2.019313E1	6.463838E-2
2.210000E1	2.027774E1	5.002068E-2
2.213333E1	2.031604E1	1.633471E-2
2.216667E1	2.035762E1	1.326361E-2
2.220000E1	2.042030E1	3.876552E-2
2.223333E1	2.043231E1	6.104677E-2
2.226667E1	2.045350E1	9.683882E-2
2.230000E1	2.045285E1	1.061384E-1
2.233333E1	2.043150E1	1.601564E-1
2.236667E1	2.038180E1	1.209304E-1
2.240000E1	2.034893E1	1.179653E-1
2.243333E1	2.026522E1	6.965631E-2
2.246667E1	2.023606E1	3.017643E-2
2.250000E1	2.021993E1	-3.715992E-3
2.253333E1	2.027106E1	1.458261E-2
2.256667E1	2.030758E1	9.304142E-3
2.260000E1	2.041755E1	1.973964E-2
2.263333E1	2.051989E1	2.586072E-2
2.266667E1	2.061269E1	1.938671E-2
2.270000E1	2.080688E1	1.608875E-2
2.273333E1	2.082976E1	1.162013E-2
2.276667E1	2.090902E1	-1.211405E-2
2.280000E1	2.096140E1	-3.265811E-2
2.283333E1	2.100530E1	-1.231025E-2
2.286667E1	2.104840E1	2.138696E-2
2.290000E1	2.106728E1	2.691683E-2
2.293333E1	2.109257E1	6.457122E-2
2.296667E1	2.108981E1	8.757511E-2
2.300000E1	2.106703E1	1.208676E-1
2.303333E1	2.100579E1	9.934544E-2
2.306667E1	2.097863E1	7.760881E-2
2.310000E1	2.090004E1	5.490987E-2
2.313333E1	2.084474E1	2.185882E-2
2.316667E1	2.084667E1	-3.708777E-2
2.320000E1	2.088155E1	-8.315252E-3
2.323333E1	2.090135E1	9.450827E-3
2.326667E1	2.102474E1	1.285377E-2
2.330000E1	2.111412E1	3.570985E-2
2.333333E1	2.122723E1	4.498401E-2
2.336667E1	2.139081E1	6.165365E-2
2.340000E1	2.140454E1	5.860345E-2
2.343333E1	2.147556E1	4.266895E-2
2.346667E1	2.152856E1	9.217778E-3
2.350000E1	2.157650E1	1.195389E-2
2.353333E1	2.162488E1	3.895225E-2
2.356667E1	2.164301E1	6.097320E-2
2.360000E1	2.166539E1	1.024635E-1
2.363333E1	2.166642E1	1.433692E-1
2.366667E1	2.164841E1	1.783269E-1
2.370000E1	2.160876E1	1.784502E-1
2.373333E1	2.157304E1	1.746593E-1
2.376667E1	2.145231E1	8.202544E-2
2.380000E1	2.141949E1	6.052243E-2
2.383333E1	2.142308E1	2.737691E-2
2.386667E1	2.147924E1	3.346970E-2
2.390000E1	2.154194E1	5.934942E-2
2.393333E1	2.170027E1	7.321547E-2
2.396667E1	2.173992E1	6.796635E-2
2.400000E1	2.185232E1	7.238898E-2
2.403333E1	2.202356E1	6.986255E-2
2.406667E1	2.204344E1	6.271368E-2
2.410000E1	2.212211E1	4.887910E-2
2.413333E1	2.216591E1	2.592136E-2
2.416667E1	2.221885E1	2.080082E-2
2.420000E1	2.228578E1	4.390956E-2
2.423333E1	2.229953E1	6.145052E-2
2.426667E1	2.231962E1	9.438627E-2
2.430000E1	2.232287E1	1.082992E-1
2.433333E1	2.230502E1	1.596775E-1
2.436667E1	2.225868E1	1.290223E-1
2.440000E1	2.222187E1	1.278027E-1
2.443333E1	2.214646E1	9.078515E-2
2.446667E1	2.211879E1	4.873833E-2
2.450000E1	2.212197E1	1.633930E-2
2.453333E1	2.217424E1	1.845939E-2
2.456667E1	2.220025E1	2.726041E-2
2.460000E1	2.233123E1	1.650798E-2
2.463333E1	2.246797E1	4.043483E-2
2.466667E1	2.257648E1	5.165618E-2
2.470000E1	2.273275E1	6.099135E-2
2.473333E1	2.275018E1	4.856948E-2
2.476667E1	2.283974E1	3.978125E-2
2.480000E1	2.288696E1	1.913288E-2
2.483333E1	2.294365E1	3.481216E-2
2.486667E1	2.300457E1	7.199721E-2
2.490000E1	2.301778E1	9.007924E-2
2.493333E1	2.303175E1	1.200435E-1
2.496667E1	2.303872E1	1.574602E-1
2.500000E1	2.302282E1	1.765827E-1
2.503333E1	2.298631E1	1.451239E-1
2.506667E1	2.297719E1	1.221397E-1
2.510000E1	2.289618E1	6.549745E-2
2.513333E1	2.287483E1	3.755185E-2
2.516667E1	2.289120E1	2.255882E-2
2.520000E1	2.300416E1	5.674267E-2
2.523333E1	2.303786E1	6.121660E-2
2.526667E1	2.317487E1	6.627265E-2
2.530000E1	2.328688E1	7.598140E-2
2.533333E1	2.342304E1	7.946370E-2
2.536667E1	2.358929E1	7.557579E-2
2.540000E1	2.361234E1	5.966401E-2
2.543333E1	2.371288E1	4.506440E-2
2.546667E1	2.376171E1	1.956846E-2
2.550000E1	2.383322E1	3.188668E-2
2.553333E1	2.388936E1	6.611926E-2
2.556667E1	2.390367E1	7.893886E-2
2.560000E1	2.393292E1	9.877711E-2
2.563333E1	2.396722E1	1.189793E-1
2.566667E1	2.395759E1	1.474620E-1
2.570000E1	2.393751E1	1.022994E-1
2.573333E1	2.391619E1	9.841923E-2
2.576667E1	2.389577E1	4.621091E-2
2.580000E1	2.387322E1	6.725234E-3
2.583333E1	2.390687E1	-2.556703E-2
2.586667E1	2.402149E1	2.751204E-2
2.590000E1	2.405128E1	1.450509E-2
2.593333E1	2.418452E1	7.947401E-3
2.596667E1	2.430648E1	4.165522E-2
2.600000E1	2.444699E1	5.901221E-2
2.603333E1	2.461080E1	6.320885E-2
2.606667E1	2.463033E1	4.592997E-2
2.610000E1	2.472599E1	3.723226E-2
2.613333E1	2.478193E1	1.735783E-2
2.616667E1	2.486785E1	3.060043E-2
2.620000E1	2.495819E1	5.445541E-2
2.623333E1	2.497894E1	7.011621E-2
2.626667E1	2.501852E1	9.667515E-2
2.630000E1	2.504725E1	1.118766E-1
2.633333E1	2.504538E1	1.466295E-1
2.636667E1	2.502835E1	1.012488E-1
2.640000E1	2.501469E1	9.529674E-2
2.643333E1	2.500706E1	4.964212E-2
2.646667E1	2.500480E1	9.442081E-3
2.650000E1	2.504212E1	-2.919048E-2
2.653333E1	2.516714E1	1.794486E-2
2.656667E1	2.520310E1	9.971666E-3
2.660000E1	2.532280E1	1.581371E-2
2.663333E1	2.539028E1	2.823667E-2
2.666667E1	2.560147E1	2.884392E-2
2.670000E1	2.577030E1	1.555627E-2
2.673333E1	2.579564E1	1.846916E-3
2.676667E1	2.591273E1	-1.617121E-2
2.680000E1	2.600660E1	-3.809181E-2
2.683333E1	2.608854E1	-8.940014E-3
2.686667E1	2.620262E1	9.252612E-3
2.690000E1	2.622249E1	2.482957E-2
2.693333E1	2.632514E1	4.383246E-2
2.696667E1	2.635494E1	7.598890E-2
2.700000E1	2.637869E1	9.577035E-2
2.703333E1	2.642196E1	4.744925E-2
2.706667E1	2.640754E1	4.267406E-2
2.710000E1	2.641119E1	2.048360E-2
2.713333E1	2.641972E1	-3.804575E-2
2.716667E1	2.648697E1	-5.316205E-2
2.720000E1	2.663217E1	-2.845513E-2
2.723333E1	2.670840E1	-1.377588E-2
2.726667E1	2.687569E1	5.745694E-3
2.730000E1	2.698735E1	1.870725E-2
2.733333E1	2.714843E1	3.861723E-3
2.736667E1	2.735315E1	4.771955E-3
2.740000E1	2.739186E1	-3.802495E-3
2.743333E1	2.751853E1	-1.463227E-2
2.746667E1	2.761895E1	-3.629577E-2
2.750000E1	2.771708E1	-9.946508E-3
2.753333E1	2.783612E1	1.393500E-2
2.756667E1	2.786607E1	1.476970E-2
2.760000E1	2.795760E1	6.022054E-2
2.763333E1	2.800159E1	8.220426E-2
2.766667E1	2.803528E1	9.592490E-2
2.770000E1	2.808140E1	5.338104E-2
2.773333E1	2.806736E1	4.325438E-2
2.776667E1	2.806707E1	1.277673E-2
2.780000E1	2.807222E1	-4.754169E-2
2.783333E1	2.815688E1	-7.392017E-2
2.786667E1	2.832365E1	-3.753848E-2
2.790000E1	2.835980E1	-1.327208E-2
2.793333E1	2.850556E1	2.739983E-3
2.796667E1	2.864127E1	4.191290E-2
2.800000E1	2.879935E1	5.229772E-2
2.803333E1	2.899551E1	5.896717E-2
2.806667E1	2.903436E1	5.191317E-2
2.810000E1	2.917400E1	4.249167E-2
2.813333E1	2.925364E1	3.024745E-2
2.816667E1	2.935113E1	5.519805E-2
2.820000E1	2.947157E1	7.549936E-2
2.823333E1	2.950394E1	8.248357E-2
2.826667E1	2.958077E1	1.003324E-1
2.830000E1	2.962055E1	1.358862E-1
2.833333E1	2.965476E1	1.703402E-1
2.836667E1	2.966752E1	1.330313E-1
2.840000E1	2.967525E1	1.207745E-1
2.843333E1	2.968616E1	6.912069E-2
2.846667E1	2.969731E1	4.021736E-2
2.850000E1	2.975906E1	3.181553E-2
2.853333E1	2.990142E1	7.557929E-2
2.856667E1	2.994737E1	7.845459E-2
2.860000E1	3.008532E1	8.154556E-2
2.863333E1	3.019630E1	1.098464E-1
2.866667E1	3.028229E1	1.343745E-1
2.870000E1	3.054706E1	1.316066E-1
2.873333E1	3.058676E1	1.177630E-1
2.876667E1	3.069106E1	1.058560E-1
2.880000E1	3.077702E1	9.903079E-2
2.883333E1	3.086356E1	1.139004E-1
2.886667E1	3.097110E1	1.485991E-1
2.890000E1	3.100708E1	1.545583E-1
2.893333E1	3.108852E1	1.717452E-1
2.896667E1	3.112139E1	2.187540E-1
2.900000E1	3.117274E1	2.405147E-1
2.903333E1	3.120647E1	2.125526E-1
2.906667E1	3.120057E1	2.007116E-1
2.910000E1	3.120785E1	1.769212E-1
2.913333E1	3.121824E1	1.459396E-1
2.916667E1	3.128357E1	1.210877E-1
2.920000E1	3.142532E1	1.687349E-1
2.923333E1	3.149573E1	1.763215E-1
2.926667E1	3.165942E1	2.078327E-1
2.930000E1	3.174886E1	2.182835E-1
2.933333E1	3.188696E1	2.088946E-1
2.936667E1	3.201709E1	2.058355E-1
2.940000E1	3.207577E1	1.960927E-1
2.943333E1	3.217725E1	1.857611E-1
2.946667E1	3.221073E1	1.656269E-1
2.950000E1	3.234766E1	1.777617E-1
2.953333E1	3.241989E1	2.055815E-1
2.956667E1	3.247228E1	2.349259E-1
2.960000E1	3.255287E1	2.424155E-1
2.963333E1	3.259050E1	2.665021E-1
2.966667E1	3.263205E1	3.294779E-1
2.970000E1	3.265035E1	3.348133E-1
2.973333E1	3.264102E1	3.267573E-1
2.976667E1	3.261593E1	3.007402E-1
2.980000E1	3.261634E1	2.609473E-1
2.983333E1	3.266185E1	2.220632E-1
2.986667E1	3.271573E1	2.301835E-1
2.990000E1	3.278132E1	2.429837E-1
2.993333E1	3.292236E1	2.372247E-1
2.996667E1	3.295524E1	2.565105E-1
3.000000E1	3.314852E1	2.800011E-1
3.003333E1	3.326007E1	2.826925E-1
3.006667E1	3.328184E1	2.694033E-1
3.010000E1	3.336588E1	2.558919E-1
3.013333E1	3.340184E1	2.394661E-1
3.016667E1	3.349733E1	2.449638E-1
3.020000E1	3.355031E1	2.721474E-1
3.023333E1	3.356711E1	2.906397E-1
3.026667E1	3.363254E1	3.351375E-1
3.030000E1	3.365882E1	3.605436E-1
3.033333E1	3.368627E1	4.091697E-1
3.036667E1	3.367716E1	4.007734E-1
3.040000E1	3.365407E1	3.860158E-1
3.043333E1	3.362938E1	3.481197E-1
3.046667E1	3.362921E1	3.278798E-1
3.050000E1	3.366340E1	2.948050E-1
3.053333E1	3.370780E1	3.027633E-1
3.056667E1	3.377372E1	3.097915E-1
3.060000E1	3.391399E1	3.103604E-1
3.063333E1	3.395577E1	3.229252E-1
3.066667E1	3.415428E1	3.367299E-1
3.070000E1	3.426158E1	3.409305E-1
3.073333E1	3.428897E1	3.297015E-1
3.076667E1	3.436591E1	3.201826E-1
3.080000E1	3.439734E1	2.991112E-1
3.083333E1	3.449748E1	3.056777E-1
3.086667E1	3.454589E1	3.110393E-1
3.090000E1	3.457427E1	3.288446E-1
3.093333E1	3.463867E1	3.747696E-1
3.096667E1	3.466097E1	3.885981E-1
3.100000E1	3.468412E1	4.588389E-1
3.103333E1	3.467743E1	4.278519E-1
3.106667E1	3.465679E1	4.083077E-1
3.110000E1	3.461424E1	3.718444E-1
3.113333E1	3.459300E1	3.417356E-1
3.116667E1	3.462516E1	2.974517E-1
3.120000E1	3.466150E1	3.176287E-1
3.123333E1	3.473303E1	3.412006E-1
3.126667E1	3.485041E1	3.581708E-1
3.130000E1	3.490233E1	3.571118E-1
3.133333E1	3.508382E1	3.599795E-1
3.136667E1	3.520498E1	3.612482E-1
3.140000E1	3.524659E1	3.452042E-1
3.143333E1	3.530540E1	3.305042E-1
3.146667E1	3.534884E1	3.078141E-1
3.150000E1	3.543983E1	3.095619E-1
3.153333E1	3.548794E1	3.164328E-1
3.156667E1	3.551178E1	3.354361E-1
3.160000E1	3.556049E1	3.756585E-1
3.163333E1	3.555751E1	3.846932E-1
3.166667E1	3.557032E1	4.200201E-1
3.170000E1	3.557926E1	4.118244E-1
3.173333E1	3.556419E1	4.025961E-1
3.176667E1	3.552691E1	3.661183E-1
3.180000E1	3.551436E1	3.417044E-1
3.183333E1	3.553644E1	3.025040E-1
3.186667E1	3.558084E1	3.093237E-1
3.190000E1	3.565813E1	3.241713E-1
3.193333E1	3.578010E1	3.513679E-1
3.196667E1	3.581954E1	3.559562E-1
3.200000E1	3.599255E1	3.590351E-1
3.203333E1	3.609948E1	3.522643E-1
3.206667E1	3.612080E1	3.392259E-1
3.210000E1	3.617698E1	3.256703E-1
3.213333E1	3.621425E1	3.132888E-1
3.216667E1	3.630952E1	3.013694E-1
3.220000E1	3.635848E1	3.091792E-1
3.223333E1	3.639508E1	3.297216E-1
3.226667E1	3.643996E1	3.770655E-1
3.230000E1	3.646054E1	3.967350E-1
3.233333E1	3.648665E1	4.488887E-1
3.236667E1	3.647265E1	4.257807E-1
3.240000E1	3.644446E1	4.057433E-1
3.243333E1	3.639740E1	3.732864E-1
3.246667E1	3.638068E1	3.363678E-1
3.250000E1	3.640235E1	2.945946E-1
3.253333E1	3.643518E1	3.050251E-1
3.256667E1	3.651968E1	3.235268E-1
3.260000E1	3.662995E1	3.523156E-1
3.263333E1	3.666086E1	3.585220E-1
3.266667E1	3.683929E1	3.579074E-1
3.270000E1	3.694465E1	3.570871E-1
3.273333E1	3.696915E1	3.431600E-1
3.276667E1	3.702107E1	3.259650E-1
3.280000E1	3.706127E1	2.984831E-1
3.283333E1	3.712510E1	2.941509E-1
3.286667E1	3.715794E1	3.055594E-1
3.290000E1	3.718298E1	3.102528E-1
3.293333E1	3.722935E1	3.492671E-1
3.296667E1	3.725413E1	3.800102E-1
3.300000E1	3.726608E1	4.189974E-1
3.303333E1	3.726594E1	4.036451E-1
3.306667E1	3.724227E1	3.833606E-1
3.310000E1	3.720603E1	3.419097E-1
3.313333E1	3.718221E1	3.300492E-1
3.316667E1	3.720950E1	2.775021E-1
3.320000E1	3.724108E1	3.007770E-1
3.323333E1	3.728203E1	3.002675E-1
3.326667E1	3.739765E1	3.256817E-1
3.330000E1	3.743641E1	3.513116E-1
3.333333E1	3.762293E1	3.445865E-1
3.336667E1	3.770623E1	3.449067E-1
3.340000E1	3.772026E1	3.331956E-1
3.343333E1	3.775858E1	3.191288E-1
3.346667E1	3.779211E1	2.965303E-1
3.350000E1	3.784695E1	2.951641E-1
3.353333E1	3.787255E1	3.043196E-1
3.356667E1	3.791660E1	3.258553E-1
3.360000E1	3.795959E1	3.705762E-1
3.363333E1	3.797740E1	3.825185E-1
3.366667E1	3.798322E1	4.241237E-1
3.370000E1	3.798779E1	4.008893E-1
3.373333E1	3.795987E1	3.856672E-1
3.376667E1	3.792006E1	3.352566E-1
3.380000E1	3.789851E1	3.206706E-1
3.383333E1	3.792105E1	2.752321E-1
3.386667E1	3.795287E1	2.913185E-1
3.390000E1	3.800020E1	3.024917E-1
3.393333E1	3.811074E1	3.215452E-1
3.396667E1	3.815938E1	3.522804E-1
3.400000E1	3.832923E1	3.486131E-1
3.403333E1	3.840701E1	3.495088E-1
3.406667E1	3.842590E1	3.383779E-1
3.410000E1	3.846726E1	3.237869E-1
3.413333E1	3.849605E1	3.097564E-1
3.416667E1	3.854699E1	3.158964E-1
3.420000E1	3.857289E1	3.157965E-1
3.423333E1	3.859878E1	3.376781E-1
3.426667E1	3.866050E1	3.757842E-1
3.430000E1	3.868698E1	3.921994E-1
3.433333E1	3.870469E1	4.459075E-1
3.436667E1	3.870435E1	4.132660E-1
3.440000E1	3.868616E1	4.018678E-1
3.443333E1	3.865030E1	3.603841E-1
3.446667E1	3.861745E1	3.309777E-1
3.450000E1	3.864729E1	2.883661E-1
3.453333E1	3.867840E1	3.061951E-1
3.456667E1	3.873335E1	3.253158E-1
3.460000E1	3.885394E1	3.574737E-1
3.463333E1	3.889394E1	3.599549E-1
3.466667E1	3.904674E1	3.575634E-1
3.470000E1	3.912216E1	3.475759E-1
3.473333E1	3.914108E1	3.362813E-1
3.476667E1	3.917127E1	3.221613E-1
3.480000E1	3.920189E1	3.047859E-1
3.483333E1	3.924473E1	2.911338E-1
3.486667E1	3.930369E1	3.244857E-1
3.490000E1	3.934208E1	3.590635E-1
3.493333E1	3.940000E1	3.843058E-1
3.496667E1	3.942100E1	4.088136E-1
3.500000E1	3.944500E1	4.662630E-1
3.503333E1	3.943194E1	4.609114E-1
3.506667E1	3.941557E1	4.388994E-1
3.510000E1	3.938472E1	3.799235E-1
3.513333E1	3.937856E1	3.480490E-1
3.516667E1	3.940603E1	2.957125E-1
3.520000E1	3.943356E1	3.232223E-1
3.523333E1	3.948333E1	3.525744E-1
3.526667E1	3.957692E1	3.724682E-1
3.530000E1	3.960781E1	3.759208E-1
3.533333E1	3.975894E1	3.652657E-1
3.536667E1	3.983214E1	3.659573E-1
3.540000E1	3.984071E1	3.471768E-1
3.543333E1	3.985872E1	3.284264E-1
3.546667E1	3.986774E1	3.224094E-1
3.550000E1	3.990097E1	3.371814E-1
3.553333E1	3.992958E1	3.511887E-1
3.556667E1	3.995182E1	3.863739E-1
3.560000E1	4.001069E1	4.183289E-1
3.563333E1	4.001992E1	4.465075E-1
3.566667E1	4.003639E1	4.779590E-1
3.570000E1	4.005158E1	4.600946E-1
3.573333E1	4.003965E1	4.216086E-1
3.576667E1	4.000833E1	3.728133E-1
3.580000E1	3.998828E1	3.444911E-1
3.583333E1	4.000680E1	2.992217E-1
3.586667E1	4.003977E1	3.221403E-1
3.590000E1	4.009701E1	3.574946E-1
3.593333E1	4.019221E1	3.693506E-1
3.596667E1	4.023141E1	3.692805E-1
3.600000E1	4.033298E1	3.600502E-1
3.603333E1	4.039870E1	3.610180E-1
3.606667E1	4.040478E1	3.426367E-1
3.610000E1	4.041675E1	3.242005E-1
3.613333E1	4.042649E1	3.176227E-1
3.616667E1	4.046097E1	3.366948E-1
3.620000E1	4.049771E1	3.526834E-1
3.623333E1	4.052291E1	3.830200E-1
3.626667E1	4.056664E1	4.109253E-1
3.630000E1	4.058995E1	4.420749E-1
3.633333E1	4.064593E1	4.728126E-1
3.636667E1	4.067100E1	4.577196E-1
3.640000E1	4.067675E1	4.103147E-1
3.643333E1	4.066956E1	3.657999E-1
3.646667E1	4.064474E1	3.376903E-1
3.650000E1	4.068386E1	2.855026E-1
3.653333E1	4.072957E1	3.226793E-1
3.656667E1	4.077425E1	3.498537E-1
3.660000E1	4.086201E1	3.646598E-1
3.663333E1	4.088707E1	3.670485E-1
3.666667E1	4.101901E1	3.614914E-1
3.670000E1	4.106720E1	3.567805E-1
3.673333E1	4.106110E1	3.418743E-1
3.676667E1	4.106672E1	3.167781E-1
3.680000E1	4.107910E1	2.974702E-1
3.683333E1	4.113116E1	2.972983E-1
3.686667E1	4.116050E1	3.044431E-1
3.690000E1	4.118190E1	3.330056E-1
3.693333E1	4.125877E1	3.727093E-1
3.696667E1	4.128764E1	4.020623E-1
3.700000E1	4.136221E1	4.613472E-1
3.703333E1	4.140155E1	4.549399E-1
3.706667E1	4.140482E1	4.064791E-1
3.710000E1	4.140980E1	3.539509E-1
3.713333E1	4.141417E1	3.304812E-1
3.716667E1	4.144568E1	2.918076E-1
3.720000E1	4.147843E1	3.054949E-1
3.723333E1	4.152398E1	3.278296E-1
3.726667E1	4.157911E1	3.659521E-1
3.730000E1	4.160539E1	3.658951E-1
3.733333E1	4.171132E1	3.656196E-1
3.736667E1	4.174632E1	3.618601E-1
3.740000E1	4.172019E1	3.437788E-1
3.743333E1	4.171220E1	3.239512E-1
3.746667E1	4.171933E1	3.062980E-1
3.750000E1	4.175012E1	3.053618E-1
3.753333E1	4.178366E1	3.059458E-1
3.756667E1	4.182294E1	3.315911E-1
3.760000E1	4.187974E1	3.733553E-1
3.763333E1	4.188473E1	3.877276E-1
3.766667E1	4.193431E1	4.293649E-1
3.770000E1	4.199142E1	4.189499E-1
3.773333E1	4.199952E1	4.091668E-1
3.776667E1	4.199156E1	3.563707E-1
3.780000E1	4.198154E1	3.237995E-1
3.783333E1	4.200730E1	2.876205E-1
3.786667E1	4.205293E1	2.996779E-1
3.790000E1	4.208385E1	3.123363E-1
3.793333E1	4.214548E1	3.329730E-1
3.796667E1	4.218579E1	3.558971E-1
3.800000E1	4.224945E1	3.573241E-1
3.803333E1	4.228839E1	3.639916E-1
3.806667E1	4.227601E1	3.546680E-1
3.810000E1	4.226909E1	3.334689E-1
3.813333E1	4.227627E1	3.208271E-1
3.816667E1	4.229483E1	3.304170E-1
3.820000E1	4.230687E1	3.411708E-1
3.823333E1	4.231609E1	3.499470E-1
3.826667E1	4.237429E1	3.849999E-1
3.830000E1	4.240720E1	4.182039E-1
3.833333E1	4.246929E1	4.736986E-1
3.836667E1	4.254822E1	4.637764E-1
3.840000E1	4.256638E1	4.602724E-1
3.843333E1	4.256505E1	3.756453E-1
3.846667E1	4.255675E1	3.340679E-1
3.850000E1	4.258125E1	2.918850E-1
3.853333E1	4.262119E1	3.047720E-1
3.856667E1	4.265344E1	3.164611E-1
3.860000E1	4.271151E1	3.350703E-1
3.863333E1	4.274355E1	3.539939E-1
3.866667E1	4.278314E1	3.538613E-1
3.870000E1	4.283736E1	3.573032E-1
3.873333E1	4.283169E1	3.479540E-1
3.876667E1	4.282350E1	3.282811E-1
3.880000E1	4.280675E1	3.034712E-1
3.883333E1	4.281200E1	2.804148E-1
3.886667E1	4.282286E1	3.010014E-1
3.890000E1	4.282490E1	3.013247E-1
3.893333E1	4.288323E1	3.510118E-1
3.896667E1	4.291863E1	3.962892E-1
3.900000E1	4.298053E1	4.648105E-1
3.903333E1	4.305378E1	4.651158E-1
3.906667E1	4.307506E1	4.583697E-1
3.910000E1	4.307076E1	3.777382E-1
3.913333E1	4.306212E1	3.405533E-1
3.916667E1	4.310391E1	2.900398E-1
3.920000E1	4.313686E1	3.368903E-1
3.923333E1	4.315987E1	3.541064E-1
3.926667E1	4.321108E1	3.732947E-1
3.930000E1	4.324620E1	3.777184E-1
3.933333E1	4.326684E1	3.679763E-1
3.936667E1	4.327342E1	3.669696E-1
3.940000E1	4.326236E1	3.510049E-1
3.943333E1	4.324944E1	3.269855E-1
3.946667E1	4.323511E1	3.069352E-1
3.950000E1	4.322529E1	3.063382E-1
3.953333E1	4.325324E1	3.169843E-1
3.956667E1	4.326173E1	3.526055E-1
3.960000E1	4.334169E1	3.862785E-1
3.963333E1	4.340743E1	4.277772E-1
3.966667E1	4.346448E1	4.743453E-1
3.970000E1	4.353601E1	4.452469E-1
3.973333E1	4.352238E1	4.195809E-1
3.976667E1	4.352606E1	3.589853E-1
3.980000E1	4.352323E1	3.295561E-1
3.983333E1	4.356097E1	3.127208E-1
3.986667E1	4.361594E1	3.435581E-1
3.990000E1	4.362086E1	3.580257E-1
3.993333E1	4.368168E1	3.711532E-1
3.996667E1	4.369576E1	3.685229E-1
4.000000E1	4.372773E1	3.669065E-1
4.003333E1	4.371642E1	3.647712E-1
4.006667E1	4.370136E1	3.505240E-1
4.010000E1	4.368668E1	3.264496E-1
4.013333E1	4.367645E1	2.991637E-1
4.016667E1	4.365921E1	2.964959E-1
4.020000E1	4.369020E1	3.186161E-1
4.023333E1	4.369803E1	3.461513E-1
4.026667E1	4.379314E1	3.860578E-1
4.030000E1	4.385675E1	4.380718E-1
4.033333E1	4.393653E1	4.824027E-1
4.036667E1	4.403030E1	4.558784E-1
4.040000E1	4.402803E1	4.244469E-1
4.043333E1	4.404071E1	3.673579E-1
4.046667E1	4.404341E1	3.274061E-1
4.050000E1	4.409727E1	3.093342E-1
4.053333E1	4.415190E1	3.457851E-1
4.056667E1	4.417305E1	3.632177E-1
4.060000E1	4.421998E1	3.762942E-1
4.063333E1	4.425018E1	3.786842E-1
4.066667E1	4.427117E1	3.746296E-1
4.070000E1	4.427651E1	3.721358E-1
4.073333E1	4.426292E1	3.490134E-1
4.076667E1	4.421770E1	3.233027E-1
4.080000E1	4.422097E1	3.004838E-1
4.083333E1	4.422247E1	3.021041E-1
4.086667E1	4.426962E1	3.215107E-1
4.090000E1	4.430632E1	3.552446E-1
4.093333E1	4.439493E1	3.800345E-1
4.096667E1	4.445168E1	4.355597E-1
4.100000E1	4.452891E1	4.786968E-1
4.103333E1	4.463964E1	4.612534E-1
4.106667E1	4.466076E1	4.619108E-1
4.110000E1	4.469675E1	3.861174E-1
4.113333E1	4.470526E1	3.496146E-1
4.116667E1	4.476535E1	3.352868E-1
4.120000E1	4.481332E1	3.707478E-1
4.123333E1	4.483315E1	3.785924E-1
4.126667E1	4.487217E1	3.829132E-1
4.130000E1	4.489611E1	3.854283E-1
4.133333E1	4.490303E1	3.791770E-1
4.136667E1	4.487824E1	3.671189E-1
4.140000E1	4.485814E1	3.578289E-1
4.143333E1	4.484422E1	3.352010E-1
4.146667E1	4.485865E1	3.249413E-1
4.150000E1	4.486820E1	3.318812E-1
4.153333E1	4.490468E1	3.467408E-1
4.156667E1	4.491764E1	3.651198E-1
4.160000E1	4.502128E1	3.854845E-1
4.163333E1	4.509197E1	4.455652E-1
4.166667E1	4.517813E1	4.823455E-1
4.170000E1	4.530169E1	4.710791E-1
4.173333E1	4.531566E1	4.677651E-1
4.176667E1	4.535408E1	3.842630E-1
4.180000E1	4.538669E1	3.579680E-1
4.183333E1	4.543831E1	3.367828E-1
4.186667E1	4.550227E1	3.657935E-1
4.190000E1	4.553049E1	3.789757E-1
4.193333E1	4.557097E1	3.896219E-1
4.196667E1	4.559623E1	4.249103E-1
4.200000E1	4.560995E1	4.272380E-1
4.203333E1	4.557953E1	4.100434E-1
4.206667E1	4.557079E1	4.092132E-1
4.210000E1	4.553216E1	3.743219E-1
4.213333E1	4.550809E1	3.340964E-1
4.216667E1	4.550758E1	3.430712E-1
4.220000E1	4.555247E1	3.597079E-1
4.223333E1	4.557046E1	3.777748E-1
4.226667E1	4.566314E1	4.620371E-1
4.230000E1	4.573527E1	4.897999E-1
4.233333E1	4.583171E1	5.280812E-1
4.236667E1	4.594499E1	4.953631E-1
4.240000E1	4.595832E1	4.810083E-1
4.243333E1	4.599419E1	3.924084E-1
4.246667E1	4.603171E1	3.763940E-1
4.250000E1	4.607322E1	3.490821E-1
4.253333E1	4.613554E1	3.787988E-1
4.256667E1	4.615507E1	3.879212E-1
4.260000E1	4.617248E1	4.058367E-1
4.263333E1	4.618104E1	4.332865E-1
4.266667E1	4.618314E1	4.325108E-1
4.270000E1	4.614425E1	4.175841E-1
4.273333E1	4.611479E1	4.004032E-1
4.276667E1	4.605197E1	3.657770E-1
4.280000E1	4.602844E1	3.369633E-1
4.283333E1	4.602321E1	3.421590E-1
4.286667E1	4.605097E1	3.581812E-1
4.290000E1	4.606772E1	3.784877E-1
4.293333E1	4.617036E1	4.622299E-1
4.296667E1	4.623848E1	4.928463E-1
4.300000E1	4.632744E1	5.238377E-1
4.303333E1	4.644989E1	4.956103E-1
4.306667E1	4.646299E1	4.800389E-1
4.310000E1	4.648760E1	4.356666E-1
4.313333E1	4.651134E1	3.760845E-1
4.316667E1	4.657212E1	3.467046E-1
4.320000E1	4.661701E1	3.792414E-1
4.323333E1	4.661979E1	3.846657E-1
4.326667E1	4.662601E1	3.996398E-1
4.330000E1	4.662363E1	4.218586E-1
4.333333E1	4.661795E1	4.302961E-1
4.336667E1	4.656662E1	4.226272E-1
4.340000E1	4.650102E1	4.060872E-1
4.343333E1	4.645527E1	3.761117E-1
4.346667E1	4.644491E1	3.354010E-1
4.350000E1	4.643884E1	3.411456E-1
4.353333E1	4.646476E1	3.558912E-1
4.356667E1	4.648958E1	3.794147E-1
4.360000E1	4.658045E1	3.863551E-1
4.363333E1	4.664994E1	4.538957E-1
4.366667E1	4.674535E1	4.799000E-1
4.370000E1	4.687841E1	4.781638E-1
4.373333E1	4.689453E1	4.687689E-1
4.376667E1	4.691640E1	3.862948E-1
4.380000E1	4.692228E1	3.514173E-1
4.383333E1	4.696843E1	3.318444E-1
4.386667E1	4.700562E1	3.658228E-1
4.390000E1	4.702268E1	3.796437E-1
4.393333E1	4.703544E1	4.030317E-1
4.396667E1	4.703916E1	4.318309E-1
4.400000E1	4.702625E1	4.316660E-1
4.403333E1	4.695104E1	4.154887E-1
4.406667E1	4.690715E1	3.974471E-1
4.410000E1	4.684275E1	3.620775E-1
4.413333E1	4.681015E1	3.297767E-1
4.416667E1	4.679404E1	3.386909E-1
4.420000E1	4.682713E1	3.526407E-1
4.423333E1	4.684398E1	3.767476E-1
4.426667E1	4.691928E1	3.861781E-1
4.430000E1	4.700302E1	4.669650E-1
4.433333E1	4.709935E1	5.063967E-1
4.436667E1	4.722526E1	4.771284E-1
4.440000E1	4.724623E1	4.702996E-1
4.443333E1	4.728522E1	3.870833E-1
4.446667E1	4.729599E1	3.533810E-1
4.450000E1	4.734938E1	3.330640E-1
4.453333E1	4.737325E1	3.730400E-1
4.456667E1	4.738519E1	3.807702E-1
4.460000E1	4.739475E1	3.963098E-1
4.463333E1	4.739648E1	4.233606E-1
4.466667E1	4.737950E1	4.172525E-1
4.470000E1	4.730954E1	4.112222E-1
4.473333E1	4.727284E1	3.936227E-1
4.476667E1	4.719531E1	3.504647E-1
4.480000E1	4.717173E1	3.255347E-1
4.483333E1	4.716399E1	3.371281E-1
4.486667E1	4.718973E1	3.553925E-1
4.490000E1	4.720534E1	3.677044E-1
4.493333E1	4.729581E1	3.842058E-1
4.496667E1	4.737685E1	4.434406E-1
4.500000E1	4.747488E1	4.773129E-1
4.503333E1	4.762029E1	4.593666E-1
4.506667E1	4.763335E1	4.271739E-1
4.510000E1	4.768910E1	3.607146E-1
4.513333E1	4.772109E1	3.243713E-1
4.516667E1	4.777736E1	3.180261E-1
4.520000E1	4.781435E1	3.577594E-1
4.523333E1	4.783435E1	3.704078E-1
4.526667E1	4.783564E1	3.833964E-1
4.530000E1	4.782811E1	3.755559E-1
4.533333E1	4.781494E1	3.672762E-1
4.536667E1	4.772953E1	3.702492E-1
4.540000E1	4.769120E1	3.535876E-1
4.543333E1	4.761498E1	3.281925E-1
4.546667E1	4.759622E1	2.923476E-1
4.550000E1	4.758516E1	2.917997E-1
4.553333E1	4.762281E1	3.120336E-1
4.556667E1	4.763798E1	3.205314E-1
4.560000E1	4.774239E1	3.612566E-1
4.563333E1	4.781878E1	4.050052E-1
4.566667E1	4.791755E1	4.695084E-1
4.570000E1	4.806356E1	4.608343E-1
4.573333E1	4.807613E1	4.659119E-1
4.576667E1	4.816112E1	3.725733E-1
4.580000E1	4.818713E1	3.422704E-1
4.583333E1	4.822832E1	3.205990E-1
4.586667E1	4.829502E1	3.575624E-1
4.590000E1	4.830998E1	3.696389E-1
4.593333E1	4.831677E1	3.780995E-1
4.596667E1	4.831622E1	3.754188E-1
4.600000E1	4.829953E1	3.742283E-1
4.603333E1	4.823830E1	3.706955E-1
4.606667E1	4.817403E1	3.470848E-1
4.610000E1	4.807120E1	3.314231E-1
4.613333E1	4.804190E1	3.005358E-1
4.616667E1	4.801854E1	2.991792E-1
4.620000E1	4.803817E1	3.066721E-1
4.623333E1	4.806734E1	3.185049E-1
4.626667E1	4.815678E1	3.634110E-1
4.630000E1	4.820194E1	3.880172E-1
4.633333E1	4.836238E1	4.597625E-1
4.636667E1	4.845684E1	4.291092E-1
4.640000E1	4.849375E1	4.202382E-1
4.643333E1	4.859486E1	3.695133E-1
4.646667E1	4.861220E1	3.456630E-1
4.650000E1	4.869622E1	2.968710E-1
4.653333E1	4.872554E1	3.088371E-1
4.656667E1	4.874322E1	3.289930E-1
4.660000E1	4.875277E1	3.618651E-1
4.663333E1	4.875360E1	3.615577E-1
4.666667E1	4.871884E1	3.695453E-1
4.670000E1	4.864621E1	3.645640E-1
4.673333E1	4.858535E1	3.475517E-1
4.676667E1	4.848012E1	3.270777E-1
4.680000E1	4.845803E1	2.977942E-1
4.683333E1	4.844337E1	2.829610E-1
4.686667E1	4.846176E1	3.012315E-1
4.690000E1	4.849580E1	3.158386E-1
4.693333E1	4.859198E1	3.128463E-1
4.696667E1	4.863014E1	3.589600E-1
4.700000E1	4.878101E1	4.268105E-1
4.703333E1	4.888545E1	4.177457E-1
4.706667E1	4.892412E1	4.035663E-1
4.710000E1	4.901880E1	3.585310E-1
4.713333E1	4.904723E1	3.379124E-1
4.716667E1	4.912006E1	2.842887E-1
4.720000E1	4.914465E1	3.090799E-1
4.723333E1	4.913303E1	3.183398E-1
4.726667E1	4.912680E1	3.622503E-1
4.730000E1	4.912156E1	3.628287E-1
4.733333E1	4.905908E1	3.675351E-1
4.736667E1	4.899568E1	3.580413E-1
4.740000E1	4.890450E1	3.439068E-1
4.743333E1	4.878125E1	3.263291E-1
4.746667E1	4.875029E1	2.890036E-1
4.750000E1	4.871253E1	2.819934E-1
4.753333E1	4.869925E1	2.970594E-1
4.756667E1	4.872979E1	3.111050E-1
4.760000E1	4.881060E1	3.325464E-1
4.763333E1	4.886899E1	3.696924E-1
4.766667E1	4.903193E1	4.302452E-1
4.770000E1	4.912042E1	4.194718E-1
4.773333E1	4.916206E1	3.871863E-1
4.776667E1	4.921258E1	3.409152E-1
4.780000E1	4.921536E1	3.258954E-1
4.783333E1	4.926543E1	2.614772E-1
4.786667E1	4.926478E1	2.897668E-1
4.790000E1	4.925053E1	3.082515E-1
4.793333E1	4.922210E1	3.368278E-1
4.796667E1	4.919458E1	3.557504E-1
4.800000E1	4.909982E1	3.581979E-1
4.803333E1	4.902168E1	3.471756E-1
4.806667E1	4.891937E1	3.341179E-1
4.810000E1	4.877727E1	3.234777E-1
4.813333E1	4.874692E1	2.818421E-1
4.816667E1	4.868121E1	2.763589E-1
4.820000E1	4.867835E1	3.027545E-1
4.823333E1	4.871670E1	3.133963E-1
4.826667E1	4.879602E1	3.820219E-1
4.830000E1	4.882780E1	3.697411E-1
4.833333E1	4.898348E1	4.215244E-1
4.836667E1	4.908664E1	4.229249E-1
4.840000E1	4.913337E1	3.931213E-1
4.843333E1	4.920769E1	3.517630E-1
4.846667E1	4.921757E1	3.215885E-1
4.850000E1	4.928559E1	2.621739E-1
4.853333E1	4.928896E1	2.831626E-1
4.856667E1	4.928069E1	3.032303E-1
4.860000E1	4.925562E1	3.300948E-1
4.863333E1	4.924522E1	3.492962E-1
4.866667E1	4.916038E1	3.534791E-1
4.870000E1	4.908322E1	3.464529E-1
4.873333E1	4.897496E1	3.363634E-1
4.876667E1	4.884168E1	3.269231E-1
4.880000E1	4.880580E1	2.843654E-1
4.883333E1	4.875721E1	2.839776E-1
4.886667E1	4.875493E1	2.942393E-1
4.890000E1	4.878864E1	3.020544E-1
4.893333E1	4.888881E1	3.100265E-1
4.896667E1	4.893958E1	3.453491E-1
4.900000E1	4.910134E1	4.010973E-1
4.903333E1	4.923523E1	3.897665E-1
4.906667E1	4.931143E1	3.622547E-1
4.910000E1	4.940817E1	3.302237E-1
4.913333E1	4.944805E1	2.881545E-1
4.916667E1	4.954501E1	2.151364E-1
4.920000E1	4.956725E1	2.301695E-1
4.923333E1	4.955518E1	2.464525E-1
4.926667E1	4.954104E1	2.925808E-1
4.930000E1	4.953336E1	2.996097E-1
4.933333E1	4.945175E1	2.933332E-1
4.936667E1	4.937558E1	2.915116E-1
4.940000E1	4.924641E1	2.786855E-1
4.943333E1	4.913389E1	2.601285E-1
4.946667E1	4.909714E1	2.301857E-1
4.950000E1	4.903724E1	2.345966E-1
4.953333E1	4.903600E1	2.403433E-1
4.956667E1	4.907309E1	2.510158E-1
4.960000E1	4.916978E1	3.050798E-1
4.963333E1	4.922526E1	3.278731E-1
4.966667E1	4.940068E1	3.665053E-1
4.970000E1	4.952999E1	3.498348E-1
4.973333E1	4.959314E1	3.262512E-1
4.976667E1	4.970856E1	3.034943E-1
4.980000E1	4.973557E1	2.380191E-1
4.983333E1	4.982502E1	1.823463E-1
4.986667E1	4.983739E1	2.101594E-1
4.990000E1	4.983128E1	2.329454E-1
4.993333E1	4.980348E1	2.611185E-1
4.996667E1	4.979250E1	2.895059E-1
5.000000E1	4.967606E1	2.904636E-1
5.003333E1	4.957648E1	3.016642E-1
5.006667E1	4.943606E1	2.840954E-1
5.010000E1	4.929349E1	2.674307E-1
5.013333E1	4.924035E1	2.440589E-1
5.016667E1	4.916729E1	2.380154E-1
5.020000E1	4.917323E1	2.581560E-1
5.023333E1	4.920841E1	3.011643E-1
5.026667E1	4.931483E1	3.311549E-1
5.030000E1	4.936254E1	3.521360E-1
5.033333E1	4.955541E1	3.807943E-1
5.036667E1	4.967980E1	3.535419E-1
5.040000E1	4.974945E1	3.359363E-1
5.043333E1	4.985525E1	3.193347E-1
5.046667E1	4.988697E1	2.585582E-1
5.050000E1	4.998044E1	2.110768E-1
5.053333E1	4.998850E1	2.297183E-1
5.056667E1	4.997271E1	2.459865E-1
5.060000E1	4.994228E1	3.019824E-1
5.063333E1	4.990719E1	3.058388E-1
5.066667E1	4.977412E1	3.119151E-1
5.070000E1	4.965239E1	3.122656E-1
5.073333E1	4.950557E1	2.930468E-1
5.076667E1	4.934883E1	2.718101E-1
5.080000E1	4.931918E1	2.542464E-1
5.083333E1	4.923697E1	2.623653E-1
5.086667E1	4.922694E1	2.841541E-1
5.090000E1	4.925285E1	3.206383E-1
5.093333E1	4.935302E1	3.569045E-1
5.096667E1	4.940506E1	3.743176E-1
5.100000E1	4.962156E1	3.970313E-1
5.103333E1	4.976822E1	3.675222E-1
5.106667E1	4.984577E1	3.362804E-1
5.110000E1	4.994343E1	3.252551E-1
5.113333E1	4.998029E1	2.580439E-1
5.116667E1	5.007705E1	2.082179E-1
5.120000E1	5.007291E1	2.227064E-1
5.123333E1	5.005833E1	2.370705E-1
5.126667E1	5.001958E1	2.609732E-1
5.130000E1	4.999735E1	2.912449E-1
5.133333E1	4.985512E1	3.004559E-1
5.136667E1	4.970940E1	3.142198E-1
5.140000E1	4.957738E1	2.999153E-1
5.143333E1	4.939915E1	2.786494E-1
5.146667E1	4.936900E1	2.521559E-1
5.150000E1	4.925861E1	2.864448E-1
5.153333E1	4.924468E1	2.940879E-1
5.156667E1	4.927712E1	3.180462E-1
5.160000E1	4.934493E1	3.614429E-1
5.163333E1	4.939353E1	3.727524E-1
5.166667E1	4.959686E1	4.149685E-1
5.170000E1	4.974999E1	4.093460E-1
5.173333E1	4.986365E1	3.729356E-1
5.176667E1	4.999841E1	3.430493E-1
5.180000E1	5.005032E1	3.135748E-1
5.183333E1	5.016950E1	2.504933E-1
5.186667E1	5.024694E1	2.557544E-1
5.190000E1	5.031091E1	2.656214E-1
5.193333E1	5.037448E1	2.603838E-1
5.196667E1	5.037440E1	2.567573E-1
5.200000E1	5.037297E1	2.057162E-1
5.203333E1	5.035783E1	1.755656E-1
5.206667E1	5.034171E1	1.656659E-1
5.210000E1	5.032909E1	1.304419E-1
5.213333E1	5.032728E1	1.223302E-1
