	masse A		
t	x	y	
0.000000E0	-3.595998E-3	-3.552714E-15
3.333333E-2	-1.728487E-2	-1.158207E-3
6.666667E-2	-2.826855E-2	-3.422570E-4
1.000000E-1	-9.990236E-2	-1.076495E-3
1.333333E-1	-1.398040E-1	-8.656781E-3
1.666667E-1	-2.222188E-1	-5.190280E-3
2.000000E-1	-3.581706E-1	-1.440309E-2
2.333333E-1	-4.091782E-1	-1.084673E-2
2.666667E-1	-5.615985E-1	-8.086175E-3
3.000000E-1	-6.232725E-1	-9.892609E-3
3.333333E-1	-7.261105E-1	-1.981612E-2
3.666667E-1	-8.124430E-1	-4.152041E-2
4.000000E-1	-7.841931E-1	-6.544784E-2
4.333333E-1	-7.063702E-1	-7.102673E-2
4.666667E-1	-5.409291E-1	-5.198676E-2
5.000000E-1	-3.604169E-1	-5.454581E-2
5.333333E-1	-7.135972E-2	-4.537346E-2
5.666667E-1	7.472554E-4	-5.593133E-2
6.000000E-1	1.660858E-1	-5.806668E-2
6.333333E-1	2.566429E-1	-3.618889E-2
6.666667E-1	3.128204E-1	-6.286316E-2
7.000000E-1	3.942071E-1	-7.964055E-2
7.333333E-1	4.191932E-1	-7.015884E-2
7.666667E-1	4.285220E-1	-4.735770E-2
8.000000E-1	4.251702E-1	-4.081888E-2
8.333333E-1	3.943050E-1	-3.902309E-2
8.666667E-1	2.726492E-1	-4.521692E-2
9.000000E-1	1.697112E-1	-6.483549E-2
9.333333E-1	-1.495117E-2	-7.556141E-2
9.666667E-1	-1.963435E-1	-1.241171E-1
1.000000E0	-4.367205E-1	-1.810907E-1
1.033333E0	-7.302846E-1	-2.420466E-1
1.066667E0	-8.094885E-1	-2.564735E-1
1.100000E0	-8.469577E-1	-2.834324E-1
1.133333E0	-8.546333E-1	-2.847669E-1
1.166667E0	-7.376222E-1	-2.747911E-1
1.200000E0	-4.190170E-1	-2.889301E-1
1.233333E0	-3.131333E-1	-2.801315E-1
1.266667E0	1.185518E-2	-2.840354E-1
1.300000E0	2.841245E-1	-2.514871E-1
1.333333E0	5.026335E-1	-2.270281E-1
1.366667E0	6.645207E-1	-2.340121E-1
1.400000E0	6.875282E-1	-2.488689E-1
1.433333E0	7.595828E-1	-2.609083E-1
1.466667E0	8.007717E-1	-2.853416E-1
1.500000E0	8.468327E-1	-2.803329E-1
1.533333E0	8.563193E-1	-2.776656E-1
1.566667E0	8.459055E-1	-2.833579E-1
1.600000E0	7.659071E-1	-2.860968E-1
1.633333E0	7.022336E-1	-2.917300E-1
1.666667E0	5.541414E-1	-3.134519E-1
1.700000E0	2.668191E-1	-3.860574E-1
1.733333E0	1.480701E-1	-4.130384E-1
1.766667E0	-2.395370E-3	-4.432698E-1
1.800000E0	-5.875814E-2	-4.817793E-1
1.833333E0	-7.281036E-2	-4.922747E-1
1.866667E0	5.290120E-2	-4.864596E-1
1.900000E0	1.138017E-1	-4.916067E-1
1.933333E0	3.064545E-1	-4.997317E-1
1.966667E0	4.429322E-1	-4.919819E-1
2.000000E0	6.191269E-1	-5.001928E-1
2.033333E0	7.849575E-1	-5.155436E-1
2.066667E0	8.101273E-1	-5.235761E-1
2.100000E0	8.564450E-1	-5.107628E-1
2.133333E0	8.799669E-1	-5.026509E-1
2.166667E0	8.733745E-1	-4.591990E-1
2.200000E0	8.013856E-1	-3.940838E-1
2.233333E0	7.315184E-1	-3.777315E-1
2.266667E0	5.536017E-1	-3.617842E-1
2.300000E0	4.416881E-1	-3.673156E-1
2.333333E0	2.583648E-1	-3.833704E-1
2.366667E0	-6.683126E-2	-4.471433E-1
2.400000E0	-1.410965E-1	-4.544997E-1
2.433333E0	-4.041224E-1	-5.214341E-1
2.466667E0	-4.508377E-1	-5.233996E-1
2.500000E0	-4.556022E-1	-5.015783E-1
2.533333E0	-3.694683E-1	-4.801435E-1
2.566667E0	-3.122814E-1	-4.883308E-1
2.600000E0	-1.236175E-1	-4.953526E-1
2.633333E0	-1.181829E-2	-4.879690E-1
2.666667E0	1.525618E-1	-4.906532E-1
2.700000E0	3.006543E-1	-4.943335E-1
2.733333E0	3.162015E-1	-4.996985E-1
2.766667E0	3.595798E-1	-4.852199E-1
2.800000E0	3.825209E-1	-4.741679E-1
2.833333E0	3.680077E-1	-4.194987E-1
2.866667E0	2.718969E-1	-3.572609E-1
2.900000E0	2.280941E-1	-3.465836E-1
2.933333E0	2.367205E-2	-3.452879E-1
2.966667E0	-9.061823E-2	-3.162202E-1
3.000000E0	-2.815579E-1	-3.145767E-1
3.033333E0	-6.229878E-1	-3.739757E-1
3.066667E0	-7.879145E-1	-4.060823E-1
3.100000E0	-9.542717E-1	-4.302308E-1
3.133333E0	-9.976196E-1	-4.398803E-1
3.166667E0	-1.018197E0	-4.209081E-1
3.200000E0	-8.981479E-1	-3.631871E-1
3.233333E0	-8.535215E-1	-3.605471E-1
3.266667E0	-6.937169E-1	-3.522052E-1
3.300000E0	-5.039441E-1	-3.271016E-1
3.333333E0	-2.992493E-1	-3.271616E-1
3.366667E0	-1.164174E-1	-3.412351E-1
3.400000E0	-8.257853E-2	-3.456615E-1
3.433333E0	-3.080908E-3	-3.482260E-1
3.466667E0	3.049907E-2	-3.467751E-1
3.500000E0	5.519172E-2	-2.704519E-1
3.533333E0	3.947465E-2	-2.318368E-1
3.566667E0	4.177313E-3	-2.070222E-1
3.600000E0	-1.400402E-1	-1.828776E-1
3.633333E0	-2.071052E-1	-1.492331E-1
3.666667E0	-4.680410E-1	-1.446385E-1
3.700000E0	-6.582594E-1	-1.680032E-1
3.733333E0	-8.746168E-1	-2.149583E-1
3.766667E0	-1.005572E0	-2.361752E-1
3.800000E0	-1.035267E0	-2.414156E-1
3.833333E0	-1.037623E0	-2.235110E-1
3.866667E0	-9.701368E-1	-1.849798E-1
3.900000E0	-9.132608E-1	-1.963680E-1
3.933333E0	-7.111831E-1	-1.975319E-1
3.966667E0	-5.633627E-1	-1.511049E-1
4.000000E0	-2.363792E-1	-1.401023E-1
4.033333E0	-5.322118E-2	-1.518278E-1
4.066667E0	1.783391E-2	-1.650462E-1
4.100000E0	1.608714E-1	-1.561031E-1
4.133333E0	2.176001E-1	-1.575595E-1
4.166667E0	2.922178E-1	-1.275891E-1
4.200000E0	2.991289E-1	-1.101832E-1
4.233333E0	2.664835E-1	-8.647288E-2
4.266667E0	1.665869E-1	-4.427760E-2
4.300000E0	1.326113E-1	-1.755417E-2
4.333333E0	-8.645049E-2	-9.194179E-3
4.366667E0	-2.376937E-1	-2.808023E-2
4.400000E0	-4.148323E-1	-7.106321E-2
4.433333E0	-5.265484E-1	-9.271357E-2
4.466667E0	-5.602675E-1	-1.149266E-1
4.500000E0	-5.557541E-1	-1.206434E-1
4.533333E0	-4.400515E-1	-8.530547E-2
4.566667E0	-3.446734E-1	-8.175391E-2
4.600000E0	-1.229152E-1	-6.765629E-2
4.633333E0	1.039608E-2	-4.828920E-2
4.666667E0	3.829519E-1	-4.291013E-2
4.700000E0	5.652637E-1	-6.003944E-2
4.733333E0	6.839178E-1	-7.729419E-2
4.766667E0	8.620136E-1	-8.155821E-2
4.800000E0	9.298249E-1	-9.084392E-2
4.833333E0	1.049592E0	-5.631233E-2
4.866667E0	1.097421E0	-4.805876E-2
4.900000E0	1.063531E0	-1.934534E-2
4.933333E0	9.872824E-1	3.391980E-2
4.966667E0	9.464753E-1	4.750724E-2
5.000000E0	7.336134E-1	4.265053E-2
5.033333E0	5.778624E-1	1.318812E-2
5.066667E0	4.941228E-1	-8.014047E-3
5.100000E0	3.824371E-1	-7.334454E-2
5.133333E0	3.603080E-1	-8.522843E-2
5.166667E0	4.380641E-1	-4.708121E-2
5.200000E0	5.784901E-1	-2.578223E-2
5.233333E0	6.863812E-1	-1.319594E-2
5.266667E0	9.811794E-1	1.402549E-3
5.300000E0	1.116284E0	8.691028E-3
5.333333E0	1.459257E0	6.406761E-4
5.366667E0	1.610980E0	-1.369260E-2
5.400000E0	1.707718E0	-8.900417E-3
5.433333E0	1.877577E0	-1.615182E-2
5.466667E0	1.946282E0	-1.990306E-2
5.500000E0	2.031852E0	5.514157E-3
5.533333E0	2.040645E0	2.323543E-2
5.566667E0	2.012049E0	5.460100E-2
5.600000E0	1.933867E0	9.235097E-2
5.633333E0	1.884015E0	1.157478E-1
5.666667E0	1.688584E0	1.222140E-1
5.700000E0	1.548299E0	9.379887E-2
5.733333E0	1.421159E0	3.095727E-2
5.766667E0	1.328245E0	-4.026265E-3
5.800000E0	1.325485E0	-1.998794E-2
5.833333E0	1.366466E0	5.634138E-3
5.866667E0	1.486607E0	2.943374E-2
5.900000E0	1.572132E0	2.667881E-2
5.933333E0	1.823869E0	1.309268E-2
5.966667E0	1.950919E0	2.873004E-2
6.000000E0	2.275468E0	2.385758E-2
6.033333E0	2.430848E0	5.142197E-3
6.066667E0	2.475227E0	-6.363171E-3
6.100000E0	2.629929E0	-1.633929E-2
6.133333E0	2.713884E0	-7.395011E-3
6.166667E0	2.793901E0	1.278297E-2
6.200000E0	2.795340E0	4.878599E-2
6.233333E0	2.773883E0	8.488879E-2
6.266667E0	2.686671E0	1.320991E-1
6.300000E0	2.627278E0	1.541047E-1
6.333333E0	2.431443E0	1.415553E-1
6.366667E0	2.280462E0	1.196519E-1
6.400000E0	2.222078E0	1.163800E-1
6.433333E0	2.060116E0	2.162897E-2
6.466667E0	2.046261E0	6.748526E-3
6.500000E0	2.114543E0	2.593332E-2
6.533333E0	2.228157E0	5.665034E-2
6.566667E0	2.421804E0	8.299648E-2
6.600000E0	2.659159E0	7.702603E-2
6.633333E0	2.701213E0	8.090256E-2
6.666667E0	3.021036E0	6.924350E-2
6.700000E0	3.163072E0	5.274494E-2
6.733333E0	3.281694E0	3.587672E-2
6.766667E0	3.423072E0	4.281742E-3
6.800000E0	3.454629E0	3.852501E-3
6.833333E0	3.542772E0	2.835646E-2
6.866667E0	3.534438E0	5.015405E-2
6.900000E0	3.508197E0	9.051176E-2
6.933333E0	3.428487E0	1.358850E-1
6.966667E0	3.393328E0	1.619172E-1
7.000000E0	3.186520E0	1.460051E-1
7.033333E0	3.026231E0	1.166800E-1
7.066667E0	2.992971E0	1.140047E-1
7.100000E0	2.829123E0	2.206994E-2
7.133333E0	2.802187E0	7.204877E-3
7.166667E0	2.865670E0	2.481557E-2
7.200000E0	2.996842E0	4.668024E-2
7.233333E0	3.165878E0	7.653435E-2
7.266667E0	3.413730E0	7.689278E-2
7.300000E0	3.466464E0	7.937735E-2
7.333333E0	3.773630E0	7.109973E-2
7.366667E0	3.945551E0	5.436211E-2
7.400000E0	4.017731E0	3.686493E-2
7.433333E0	4.178238E0	3.612782E-2
7.466667E0	4.230304E0	2.742961E-2
7.500000E0	4.323258E0	3.024129E-2
7.533333E0	4.329888E0	5.138011E-2
7.566667E0	4.313333E0	9.354291E-2
7.600000E0	4.223470E0	1.302854E-1
7.633333E0	4.183176E0	1.560286E-1
7.666667E0	4.002369E0	1.364013E-1
7.700000E0	3.859287E0	1.125942E-1
7.733333E0	3.746828E0	4.666891E-2
7.766667E0	3.635111E0	2.365252E-2
7.800000E0	3.632215E0	-2.415562E-3
7.833333E0	3.705676E0	1.443262E-2
7.866667E0	3.839491E0	4.291801E-2
7.900000E0	4.016247E0	8.110509E-2
7.933333E0	4.253675E0	7.386270E-2
7.966667E0	4.301574E0	7.239494E-2
8.000000E0	4.610553E0	6.013031E-2
8.033333E0	4.753604E0	4.009728E-2
8.066667E0	4.882239E0	1.963727E-2
8.100000E0	5.012115E0	-7.270128E-3
8.133333E0	5.040999E0	-7.338125E-3
8.166667E0	5.129825E0	1.599728E-2
8.200000E0	5.127039E0	3.597416E-2
8.233333E0	5.103729E0	7.920719E-2
8.266667E0	5.034959E0	1.056214E-1
8.300000E0	4.978217E0	1.315967E-1
8.333333E0	4.788629E0	1.220260E-1
8.366667E0	4.646129E0	8.936864E-2
8.400000E0	4.524393E0	2.564455E-2
8.433333E0	4.441468E0	-6.997430E-3
8.466667E0	4.435514E0	-1.770091E-2
8.500000E0	4.486543E0	-3.762418E-3
8.533333E0	4.599655E0	1.728318E-2
8.566667E0	4.711926E0	2.382632E-2
8.600000E0	4.983414E0	6.813781E-3
8.633333E0	5.055740E0	1.633170E-2
8.666667E0	5.350438E0	1.327889E-2
8.700000E0	5.473881E0	-2.886286E-3
8.733333E0	5.592415E0	-1.150499E-2
8.766667E0	5.738318E0	-2.001427E-2
8.800000E0	5.766670E0	-1.854034E-2
8.833333E0	5.847993E0	2.552318E-3
8.866667E0	5.855663E0	1.724907E-2
8.900000E0	5.828796E0	4.687844E-2
8.933333E0	5.766249E0	8.399265E-2
8.966667E0	5.726530E0	1.073305E-1
9.000000E0	5.556040E0	6.896775E-2
9.033333E0	5.407950E0	3.438090E-2
9.066667E0	5.322523E0	-1.446519E-2
9.100000E0	5.192227E0	-4.976503E-2
9.133333E0	5.179447E0	-8.768447E-2
9.166667E0	5.243617E0	-5.961071E-2
9.200000E0	5.377332E0	-2.403876E-2
9.233333E0	5.497520E0	-3.005255E-3
9.266667E0	5.730659E0	-2.499992E-3
9.300000E0	5.824093E0	3.977959E-3
9.333333E0	6.151484E0	3.501427E-3
9.366667E0	6.270499E0	-1.074050E-2
9.400000E0	6.342033E0	-4.784309E-3
9.433333E0	6.497121E0	-1.030716E-2
9.466667E0	6.531123E0	-1.368747E-2
9.500000E0	6.600174E0	4.183737E-3
9.533333E0	6.596368E0	2.237378E-2
9.566667E0	6.581897E0	5.845443E-2
9.600000E0	6.520436E0	8.373487E-2
9.633333E0	6.479539E0	9.646189E-2
9.666667E0	6.312074E0	6.307205E-2
9.700000E0	6.153604E0	3.048805E-2
9.733333E0	6.035875E0	-6.321223E-2
9.766667E0	5.938734E0	-8.476193E-2
9.800000E0	5.918629E0	-9.386037E-2
9.833333E0	5.969440E0	-6.751015E-2
9.866667E0	6.102258E0	-3.482022E-2
9.900000E0	6.224541E0	-5.488542E-3
9.933333E0	6.458774E0	-3.007303E-3
9.966667E0	6.526931E0	-1.851420E-3
1.000000E1	6.804561E0	1.167556E-4
1.003333E1	6.928510E0	-1.601388E-2
1.006667E1	7.050000E0	-8.390228E-3
1.010000E1	7.191064E0	-1.122819E-2
1.013333E1	7.226301E0	-1.188111E-2
1.016667E1	7.292268E0	1.611294E-2
1.020000E1	7.304245E0	3.870125E-2
1.023333E1	7.289123E0	8.432886E-2
1.026667E1	7.225249E0	9.738154E-2
1.030000E1	7.182437E0	1.216804E-1
1.033333E1	6.988421E0	9.860468E-2
1.036667E1	6.858953E0	5.106799E-2
1.040000E1	6.795271E0	5.462599E-2
1.043333E1	6.645334E0	-4.126083E-2
1.046667E1	6.626053E0	-5.969828E-2
1.050000E1	6.673913E0	-4.172938E-2
1.053333E1	6.785957E0	-9.620026E-3
1.056667E1	6.922492E0	4.198827E-4
1.060000E1	7.129795E0	2.801599E-5
1.063333E1	7.224070E0	3.470922E-3
1.066667E1	7.493160E0	6.488167E-3
1.070000E1	7.621997E0	-1.052378E-2
1.073333E1	7.684036E0	-7.998879E-3
1.076667E1	7.798655E0	-1.491092E-2
1.080000E1	7.820357E0	-1.639786E-2
1.083333E1	7.892084E0	1.007343E-2
1.086667E1	7.877979E0	3.483333E-2
1.090000E1	7.867069E0	8.328037E-2
1.093333E1	7.803293E0	9.543096E-2
1.096667E1	7.751326E0	1.258091E-1
1.100000E1	7.553313E0	1.131996E-1
1.103333E1	7.432428E0	9.052911E-2
1.106667E1	7.360471E0	6.330738E-2
1.110000E1	7.230061E0	1.004665E-2
1.113333E1	7.215391E0	-1.699928E-2
1.116667E1	7.253118E0	1.428911E-2
1.120000E1	7.363615E0	4.229570E-2
1.123333E1	7.482304E0	1.940635E-2
1.126667E1	7.687816E0	9.791885E-3
1.130000E1	7.785421E0	3.612249E-2
1.133333E1	8.061345E0	5.155977E-2
1.136667E1	8.172264E0	2.663973E-2
1.140000E1	8.241526E0	-2.860877E-3
1.143333E1	8.350813E0	-1.289668E-2
1.146667E1	8.387210E0	-1.242227E-2
1.150000E1	8.450957E0	1.486354E-2
1.153333E1	8.450623E0	4.731142E-2
1.156667E1	8.429786E0	8.538054E-2
1.160000E1	8.363843E0	1.116913E-1
1.163333E1	8.333146E0	1.534590E-1
1.166667E1	8.160958E0	1.259686E-1
1.170000E1	8.020254E0	9.823714E-2
1.173333E1	7.954887E0	6.113425E-2
1.176667E1	7.820776E0	1.107887E-2
1.180000E1	7.800558E0	-1.327087E-2
1.183333E1	7.818961E0	-4.520055E-3
1.186667E1	7.953916E0	3.905639E-2
1.190000E1	8.050702E0	2.224292E-2
1.193333E1	8.264783E0	3.705784E-3
1.196667E1	8.380891E0	3.246505E-2
1.200000E1	8.549671E0	2.070227E-2
1.203333E1	8.742148E0	-3.691418E-3
1.206667E1	8.801693E0	-7.384257E-3
1.210000E1	8.931346E0	-9.616573E-3
1.213333E1	8.981382E0	-2.401644E-2
1.216667E1	9.031855E0	-6.817858E-3
1.220000E1	9.065632E0	2.250828E-2
1.223333E1	9.075466E0	4.719852E-2
1.226667E1	9.044400E0	8.861996E-2
1.230000E1	8.981488E0	1.253011E-1
1.233333E1	8.881730E0	1.201420E-1
1.236667E1	8.702555E0	6.587815E-2
1.240000E1	8.670934E0	5.701682E-2
1.243333E1	8.566402E0	3.910975E-2
1.246667E1	8.530245E0	-1.738962E-2
1.250000E1	8.546976E0	-1.246808E-2
1.253333E1	8.673975E0	3.269519E-2
1.256667E1	8.774795E0	8.489362E-3
1.260000E1	8.988943E0	1.655767E-3
1.263333E1	9.099494E0	7.317446E-3
1.266667E1	9.263007E0	1.478639E-3
1.270000E1	9.421224E0	-9.819092E-3
1.273333E1	9.505671E0	-8.989411E-3
1.276667E1	9.653173E0	-1.155210E-2
1.280000E1	9.694589E0	-3.540374E-2
1.283333E1	9.739055E0	-1.277347E-2
1.286667E1	9.774427E0	1.519516E-2
1.290000E1	9.759122E0	2.348749E-2
1.293333E1	9.728095E0	7.274319E-2
1.296667E1	9.690955E0	9.884307E-2
1.300000E1	9.596580E0	7.379295E-2
1.303333E1	9.437804E0	1.660849E-2
1.306667E1	9.363105E0	-4.347575E-2
1.310000E1	9.295966E0	-7.598173E-2
1.313333E1	9.263591E0	-1.017835E-1
1.316667E1	9.280186E0	-8.026525E-2
1.320000E1	9.430878E0	-3.325746E-2
1.323333E1	9.512274E0	-7.114849E-3
1.326667E1	9.713458E0	-2.690267E-3
1.330000E1	9.825997E0	-3.454665E-3
1.333333E1	9.977105E0	-3.330139E-3
1.336667E1	1.009030E1	-4.823414E-3
1.340000E1	1.017405E1	-8.953939E-3
1.343333E1	1.031610E1	-1.554746E-2
1.346667E1	1.035823E1	-4.566644E-2
1.350000E1	1.042033E1	-3.486335E-2
1.353333E1	1.042167E1	5.349500E-3
1.356667E1	1.040601E1	1.840017E-2
1.360000E1	1.037680E1	7.028480E-2
1.363333E1	1.034949E1	1.004789E-1
1.366667E1	1.024527E1	7.399666E-2
1.370000E1	1.008745E1	1.440785E-2
1.373333E1	1.002196E1	-4.539151E-2
1.376667E1	9.942870E0	-8.288733E-2
1.380000E1	9.923841E0	-1.089472E-1
1.383333E1	9.954035E0	-8.582027E-2
1.386667E1	1.008932E1	-2.720459E-2
1.390000E1	1.015096E1	-3.722520E-3
1.393333E1	1.035739E1	-1.204368E-3
1.396667E1	1.046862E1	1.231202E-3
1.400000E1	1.061713E1	1.863149E-3
1.403333E1	1.075922E1	-2.020056E-2
1.406667E1	1.079612E1	-1.788175E-2
1.410000E1	1.091630E1	-1.893201E-2
1.413333E1	1.095519E1	-2.686385E-2
1.416667E1	1.098608E1	-9.234015E-3
1.420000E1	1.099298E1	1.844742E-2
1.423333E1	1.097151E1	2.634988E-2
1.426667E1	1.094332E1	7.042340E-2
1.430000E1	1.091913E1	9.342949E-2
1.433333E1	1.082101E1	7.518094E-2
1.436667E1	1.066486E1	6.621642E-3
1.440000E1	1.060585E1	-4.153495E-2
1.443333E1	1.052111E1	-8.419832E-2
1.446667E1	1.050455E1	-1.078469E-1
1.450000E1	1.052825E1	-8.575554E-2
1.453333E1	1.066030E1	-2.977139E-2
1.456667E1	1.071135E1	-1.088636E-2
1.460000E1	1.087200E1	-1.921445E-3
1.463333E1	1.097061E1	-4.043377E-3
1.466667E1	1.111905E1	-3.309190E-3
1.470000E1	1.125907E1	-2.369941E-2
1.473333E1	1.129549E1	-1.890683E-2
1.476667E1	1.141719E1	-1.780475E-2
1.480000E1	1.146478E1	-2.941921E-2
1.483333E1	1.150210E1	-9.140515E-3
1.486667E1	1.153265E1	2.098833E-2
1.490000E1	1.153355E1	2.232547E-2
1.493333E1	1.152192E1	6.129426E-2
1.496667E1	1.150758E1	7.704177E-2
1.500000E1	1.144601E1	8.038900E-2
1.503333E1	1.132687E1	7.066449E-3
1.506667E1	1.126306E1	-4.178272E-2
1.510000E1	1.119525E1	-9.052781E-2
1.513333E1	1.116036E1	-1.123368E-1
1.516667E1	1.119249E1	-1.261794E-1
1.520000E1	1.132628E1	-7.330449E-2
1.523333E1	1.141378E1	-3.139613E-2
1.526667E1	1.159372E1	-7.345466E-3
1.530000E1	1.167509E1	-1.961934E-2
1.533333E1	1.184566E1	-1.347468E-2
1.536667E1	1.199318E1	-2.660664E-2
1.540000E1	1.205961E1	-1.857203E-2
1.543333E1	1.217980E1	-1.345220E-2
1.546667E1	1.223804E1	-2.075240E-2
1.550000E1	1.230117E1	-4.474037E-3
1.553333E1	1.238618E1	2.581387E-2
1.556667E1	1.240310E1	2.554739E-2
1.560000E1	1.240772E1	6.296898E-2
1.563333E1	1.239630E1	8.252606E-2
1.566667E1	1.237178E1	7.006773E-2
1.570000E1	1.227586E1	8.748601E-3
1.573333E1	1.224645E1	-2.670037E-2
1.576667E1	1.221017E1	-9.408108E-2
1.580000E1	1.218966E1	-1.129999E-1
1.583333E1	1.222883E1	-1.246588E-1
1.586667E1	1.240182E1	-7.151769E-2
1.590000E1	1.250733E1	-2.996948E-2
1.593333E1	1.268072E1	-5.626352E-3
1.596667E1	1.277300E1	-1.411011E-2
1.600000E1	1.294569E1	-1.473555E-2
1.603333E1	1.313220E1	-2.604093E-2
1.606667E1	1.318662E1	-1.638327E-2
1.610000E1	1.332565E1	-1.252970E-2
1.613333E1	1.339871E1	-3.017717E-2
1.616667E1	1.346292E1	-1.153763E-2
1.620000E1	1.355664E1	1.752980E-2
1.623333E1	1.356677E1	1.144206E-2
1.626667E1	1.359168E1	5.419201E-2
1.630000E1	1.360485E1	8.362209E-2
1.633333E1	1.359491E1	6.565285E-2
1.636667E1	1.353424E1	2.316442E-2
1.640000E1	1.352472E1	-1.506714E-2
1.643333E1	1.349730E1	-8.666846E-2
1.646667E1	1.348829E1	-1.124721E-1
1.650000E1	1.350351E1	-1.348032E-1
1.653333E1	1.361533E1	-8.752096E-2
1.656667E1	1.373746E1	-1.941774E-2
1.660000E1	1.396152E1	-2.584663E-3
1.663333E1	1.407628E1	-1.384657E-2
1.666667E1	1.423286E1	-1.974660E-2
1.670000E1	1.438076E1	-2.185325E-2
1.673333E1	1.445995E1	-1.543316E-2
1.676667E1	1.460873E1	-1.142594E-2
1.680000E1	1.467808E1	-3.339380E-2
1.683333E1	1.476118E1	-1.246913E-2
1.686667E1	1.485619E1	1.513723E-2
1.690000E1	1.486677E1	1.109380E-2
1.693333E1	1.491340E1	5.295598E-2
1.696667E1	1.492388E1	8.630282E-2
1.700000E1	1.491221E1	6.547751E-2
1.703333E1	1.486954E1	2.303281E-2
1.706667E1	1.483642E1	-1.178963E-2
1.710000E1	1.482058E1	-6.614673E-2
1.713333E1	1.483261E1	-1.111494E-1
1.716667E1	1.488083E1	-1.247117E-1
1.720000E1	1.501749E1	-7.152393E-2
1.723333E1	1.512453E1	-2.627712E-2
1.726667E1	1.531589E1	-6.519623E-3
1.730000E1	1.540744E1	-2.256105E-2
1.733333E1	1.557290E1	-2.197905E-2
1.736667E1	1.572719E1	-2.106557E-2
1.740000E1	1.578925E1	-1.572047E-2
1.743333E1	1.591332E1	-1.369174E-2
1.746667E1	1.597791E1	-3.462860E-2
1.750000E1	1.605341E1	-9.962687E-3
1.753333E1	1.614269E1	1.619903E-2
1.756667E1	1.615843E1	1.432744E-2
1.760000E1	1.619265E1	5.539887E-2
1.763333E1	1.621281E1	9.128319E-2
1.766667E1	1.619547E1	6.992780E-2
1.770000E1	1.617290E1	4.645726E-2
1.773333E1	1.613430E1	4.265060E-2
1.776667E1	1.611397E1	1.210624E-3
1.780000E1	1.612947E1	-3.562586E-2
1.783333E1	1.616447E1	-2.035303E-2
1.786667E1	1.628701E1	3.216873E-2
1.790000E1	1.633906E1	1.039773E-2
1.793333E1	1.652819E1	1.987471E-3
1.796667E1	1.659928E1	3.460390E-3
1.800000E1	1.673225E1	-2.836264E-3
1.803333E1	1.686364E1	-3.495500E-3
1.806667E1	1.690415E1	-6.441500E-3
1.810000E1	1.703212E1	-1.081537E-2
1.813333E1	1.708026E1	-1.537991E-2
1.816667E1	1.712972E1	7.458667E-3
1.820000E1	1.720275E1	3.790337E-2
1.823333E1	1.722859E1	7.356800E-2
1.826667E1	1.723752E1	1.125469E-1
1.830000E1	1.724272E1	1.524200E-1
1.833333E1	1.721305E1	1.412959E-1
1.836667E1	1.716414E1	1.270501E-1
1.840000E1	1.713487E1	1.235825E-1
1.843333E1	1.708877E1	6.959428E-2
1.846667E1	1.708320E1	4.358813E-2
1.850000E1	1.711445E1	6.282876E-2
1.853333E1	1.727409E1	1.131947E-1
1.856667E1	1.733363E1	1.354054E-1
1.860000E1	1.750287E1	1.373905E-1
1.863333E1	1.756802E1	1.283883E-1
1.866667E1	1.771356E1	1.303297E-1
1.870000E1	1.783730E1	1.144232E-1
1.873333E1	1.788019E1	1.151896E-1
1.876667E1	1.797677E1	1.190594E-1
1.880000E1	1.802470E1	1.053430E-1
1.883333E1	1.806664E1	1.313932E-1
1.886667E1	1.814275E1	1.643003E-1
1.890000E1	1.815845E1	1.624750E-1
1.893333E1	1.818566E1	2.174163E-1
1.896667E1	1.817789E1	2.457216E-1
1.900000E1	1.814890E1	2.258853E-1
1.903333E1	1.811964E1	2.020151E-1
1.906667E1	1.809747E1	1.868473E-1
1.910000E1	1.804582E1	1.609650E-1
1.913333E1	1.802608E1	1.189772E-1
1.916667E1	1.805279E1	1.369702E-1
1.920000E1	1.821304E1	1.706113E-1
1.923333E1	1.826653E1	1.529678E-1
1.926667E1	1.841874E1	1.470903E-1
1.930000E1	1.847553E1	1.438170E-1
1.933333E1	1.859178E1	1.411236E-1
1.936667E1	1.871230E1	1.249822E-1
1.940000E1	1.874294E1	1.220873E-1
1.943333E1	1.884424E1	1.190723E-1
1.946667E1	1.889528E1	1.009030E-1
1.950000E1	1.892961E1	1.102619E-1
1.953333E1	1.898000E1	1.630197E-1
1.956667E1	1.897915E1	1.722209E-1
1.960000E1	1.897080E1	2.096306E-1
1.963333E1	1.895317E1	2.457534E-1
1.966667E1	1.892157E1	2.106751E-1
1.970000E1	1.883296E1	1.982595E-1
1.973333E1	1.880047E1	1.818187E-1
1.976667E1	1.878015E1	1.589383E-1
1.980000E1	1.879163E1	1.349011E-1
1.983333E1	1.883178E1	1.485539E-1
1.986667E1	1.894995E1	1.737738E-1
1.990000E1	1.900076E1	1.587526E-1
1.993333E1	1.915287E1	1.476835E-1
1.996667E1	1.921192E1	1.555153E-1
2.000000E1	1.932847E1	1.514645E-1
2.003333E1	1.938313E1	1.189720E-1
2.006667E1	1.941365E1	1.232428E-1
2.010000E1	1.946928E1	1.215322E-1
2.013333E1	1.949783E1	1.267158E-1
2.016667E1	1.954412E1	1.428240E-1
2.020000E1	1.956185E1	1.694041E-1
2.023333E1	1.959252E1	1.919389E-1
2.026667E1	1.960352E1	2.429036E-1
2.030000E1	1.959773E1	2.587107E-1
2.033333E1	1.954925E1	2.536565E-1
2.036667E1	1.947900E1	2.455103E-1
2.040000E1	1.944498E1	2.014152E-1
2.043333E1	1.939109E1	1.596772E-1
2.046667E1	1.938573E1	1.342012E-1
2.050000E1	1.943176E1	1.460224E-1
2.053333E1	1.950800E1	1.660511E-1
2.056667E1	1.958665E1	1.525348E-1
2.060000E1	1.970742E1	1.484467E-1
2.063333E1	1.975026E1	1.517932E-1
2.066667E1	1.989386E1	1.434578E-1
2.070000E1	1.992272E1	1.280717E-1
2.073333E1	1.997608E1	1.175517E-1
2.076667E1	2.001772E1	7.926666E-2
2.080000E1	2.004264E1	6.769249E-2
2.083333E1	2.008270E1	9.879328E-2
2.086667E1	2.010931E1	1.159464E-1
2.090000E1	2.011623E1	1.582079E-1
2.093333E1	2.011508E1	2.001806E-1
2.096667E1	2.010613E1	2.204420E-1
2.100000E1	2.005072E1	2.010340E-1
2.103333E1	1.998484E1	1.822612E-1
2.106667E1	1.993313E1	1.735170E-1
2.110000E1	1.988751E1	1.262775E-1
2.113333E1	1.988356E1	1.140471E-1
2.116667E1	1.991238E1	1.323710E-1
2.120000E1	1.997436E1	1.483625E-1
2.123333E1	2.002791E1	1.476560E-1
2.126667E1	2.014311E1	1.463527E-1
2.130000E1	2.018669E1	1.440324E-1
2.133333E1	2.031543E1	1.409518E-1
2.136667E1	2.032767E1	1.271207E-1
2.140000E1	2.034627E1	1.180882E-1
2.143333E1	2.039218E1	8.722913E-2
2.146667E1	2.040998E1	7.442071E-2
2.150000E1	2.043328E1	8.596961E-2
2.153333E1	2.045053E1	1.137397E-1
2.156667E1	2.045927E1	1.515690E-1
2.160000E1	2.045746E1	1.941900E-1
2.163333E1	2.045203E1	2.125367E-1
2.166667E1	2.039171E1	1.911180E-1
2.170000E1	2.031723E1	1.645125E-1
2.173333E1	2.029003E1	1.431479E-1
2.176667E1	2.019221E1	7.958367E-2
2.180000E1	2.017803E1	5.564153E-2
2.183333E1	2.019283E1	7.383613E-2
2.186667E1	2.025483E1	9.699433E-2
2.190000E1	2.029571E1	1.022390E-1
2.193333E1	2.039628E1	8.774360E-2
2.196667E1	2.043729E1	8.510592E-2
2.200000E1	2.055473E1	8.394823E-2
2.203333E1	2.055026E1	6.545100E-2
2.206667E1	2.055623E1	4.058048E-2
2.210000E1	2.058346E1	3.312296E-2
2.213333E1	2.060454E1	5.092094E-2
2.216667E1	2.060795E1	8.288753E-2
2.220000E1	2.061528E1	1.055072E-1
2.223333E1	2.060715E1	1.450070E-1
2.226667E1	2.059479E1	1.920660E-1
2.230000E1	2.058786E1	2.117594E-1
2.233333E1	2.051445E1	1.852427E-1
2.236667E1	2.044712E1	1.520640E-1
2.240000E1	2.042609E1	1.356909E-1
2.243333E1	2.031510E1	7.377201E-2
2.246667E1	2.030618E1	5.107563E-2
2.250000E1	2.031372E1	7.819392E-2
2.253333E1	2.035259E1	1.031386E-1
2.256667E1	2.041748E1	1.095765E-1
2.260000E1	2.047750E1	1.297044E-1
2.263333E1	2.051061E1	1.277317E-1
2.266667E1	2.060451E1	1.233459E-1
2.270000E1	2.059595E1	1.114922E-1
2.273333E1	2.060211E1	8.436723E-2
2.276667E1	2.061592E1	4.788697E-2
2.280000E1	2.061285E1	5.471949E-2
2.283333E1	2.060396E1	8.772486E-2
2.286667E1	2.060276E1	1.123165E-1
2.290000E1	2.059536E1	1.445051E-1
2.293333E1	2.058072E1	1.920413E-1
2.296667E1	2.057374E1	2.090681E-1
2.300000E1	2.050498E1	1.904764E-1
2.303333E1	2.043820E1	1.524173E-1
2.306667E1	2.040883E1	1.205616E-1
2.310000E1	2.030119E1	8.866599E-2
2.313333E1	2.029736E1	6.075622E-2
2.316667E1	2.030861E1	7.910773E-2
2.320000E1	2.033118E1	1.105437E-1
2.323333E1	2.035847E1	1.336281E-1
2.326667E1	2.044682E1	1.427822E-1
2.330000E1	2.047515E1	1.397180E-1
2.333333E1	2.054711E1	1.326696E-1
2.336667E1	2.052267E1	1.159036E-1
2.340000E1	2.052992E1	9.347637E-2
2.343333E1	2.053923E1	5.221322E-2
2.346667E1	2.054063E1	5.629860E-2
2.350000E1	2.053283E1	7.852896E-2
2.353333E1	2.053555E1	1.071751E-1
2.356667E1	2.053525E1	1.393251E-1
2.360000E1	2.052838E1	1.809628E-1
2.363333E1	2.051935E1	1.990354E-1
2.366667E1	2.047107E1	1.812597E-1
2.370000E1	2.040705E1	1.506404E-1
2.373333E1	2.034937E1	1.019697E-1
2.376667E1	2.030936E1	5.256799E-2
2.380000E1	2.030868E1	3.670732E-2
2.383333E1	2.033062E1	6.588296E-2
2.386667E1	2.037383E1	9.267047E-2
2.390000E1	2.043213E1	1.065612E-1
2.393333E1	2.052464E1	1.252961E-1
2.396667E1	2.055557E1	1.245394E-1
2.400000E1	2.063375E1	1.159738E-1
2.403333E1	2.062065E1	1.026397E-1
2.406667E1	2.062612E1	5.044884E-2
2.410000E1	2.064797E1	2.595676E-2
2.413333E1	2.066977E1	1.195716E-2
2.416667E1	2.069310E1	2.322833E-2
2.420000E1	2.070589E1	5.099239E-2
2.423333E1	2.070928E1	8.768423E-2
2.426667E1	2.074133E1	1.136360E-1
2.430000E1	2.074510E1	1.357384E-1
2.433333E1	2.072843E1	1.055527E-1
2.436667E1	2.069023E1	7.329660E-2
2.440000E1	2.065970E1	4.489869E-2
2.443333E1	2.062226E1	-1.413509E-2
2.446667E1	2.061421E1	-3.396000E-2
2.450000E1	2.065965E1	-9.439344E-3
2.453333E1	2.066788E1	-9.587244E-3
2.456667E1	2.074441E1	-1.310004E-4
2.460000E1	2.087886E1	1.151041E-2
2.463333E1	2.090931E1	1.078028E-2
2.466667E1	2.101273E1	7.433221E-3
2.470000E1	2.102914E1	-3.854830E-3
2.473333E1	2.104613E1	-1.345544E-2
2.476667E1	2.107248E1	-3.112418E-2
2.480000E1	2.110633E1	-2.764395E-2
2.483333E1	2.114232E1	-5.161882E-3
2.486667E1	2.118600E1	1.270180E-2
2.490000E1	2.120592E1	1.676298E-2
2.493333E1	2.123940E1	4.777312E-2
2.496667E1	2.124865E1	7.367140E-2
2.500000E1	2.125591E1	4.446258E-2
2.503333E1	2.123385E1	1.438935E-2
2.506667E1	2.122368E1	-2.415465E-2
2.510000E1	2.121386E1	-1.151260E-1
2.513333E1	2.123965E1	-1.352699E-1
2.516667E1	2.130290E1	-1.220320E-1
2.520000E1	2.138218E1	-9.243727E-2
2.523333E1	2.145487E1	-3.062947E-2
2.526667E1	2.156527E1	-1.476236E-2
2.530000E1	2.159069E1	-1.859137E-2
2.533333E1	2.171913E1	-8.903595E-3
2.536667E1	2.174554E1	-2.110119E-2
2.540000E1	2.177261E1	-2.176825E-2
2.543333E1	2.182432E1	-3.183884E-2
2.546667E1	2.184531E1	-3.312468E-2
2.550000E1	2.190988E1	-9.298734E-3
2.553333E1	2.196019E1	1.176988E-2
2.556667E1	2.201446E1	9.774305E-3
2.560000E1	2.210553E1	2.522854E-2
2.563333E1	2.212885E1	4.071216E-2
2.566667E1	2.218531E1	2.894236E-2
2.570000E1	2.219785E1	-1.150941E-2
2.573333E1	2.220100E1	-3.182141E-2
2.576667E1	2.221813E1	-1.263781E-1
2.580000E1	2.223331E1	-1.442167E-1
2.583333E1	2.235659E1	-1.302163E-1
2.586667E1	2.245905E1	-8.405319E-2
2.590000E1	2.257941E1	-2.373685E-2
2.593333E1	2.273168E1	-1.143738E-2
2.596667E1	2.276520E1	-1.996036E-2
2.600000E1	2.291316E1	-6.304188E-3
2.603333E1	2.295143E1	-2.060635E-2
2.606667E1	2.302456E1	-1.752667E-2
2.610000E1	2.312321E1	-2.485533E-2
2.613333E1	2.315315E1	-3.182047E-2
2.616667E1	2.324062E1	-8.534585E-3
2.620000E1	2.332562E1	1.043606E-2
2.623333E1	2.339232E1	7.145123E-3
2.626667E1	2.350118E1	2.015181E-2
2.630000E1	2.352800E1	4.602656E-2
2.633333E1	2.363002E1	3.009728E-2
2.636667E1	2.366970E1	-1.009101E-2
2.640000E1	2.370506E1	-1.967704E-2
2.643333E1	2.375565E1	-1.244190E-1
2.646667E1	2.378729E1	-1.364866E-1
2.650000E1	2.391862E1	-1.220197E-1
2.653333E1	2.403814E1	-8.840169E-2
2.656667E1	2.416754E1	-1.865614E-2
2.660000E1	2.432316E1	-9.516873E-3
2.663333E1	2.435479E1	-1.775522E-2
2.666667E1	2.452808E1	-1.119941E-2
2.670000E1	2.460406E1	-1.305855E-2
2.673333E1	2.466980E1	-1.097280E-2
2.676667E1	2.479931E1	-1.775224E-2
2.680000E1	2.482368E1	-2.374438E-2
2.683333E1	2.496911E1	4.556806E-4
2.686667E1	2.507450E1	1.081505E-2
2.690000E1	2.515392E1	5.701337E-3
2.693333E1	2.528076E1	1.480998E-2
2.696667E1	2.532590E1	6.573934E-2
2.700000E1	2.547857E1	6.252620E-2
2.703333E1	2.554984E1	3.958595E-2
2.706667E1	2.560453E1	-4.637120E-3
2.710000E1	2.571161E1	-1.948114E-2
2.713333E1	2.576579E1	-5.277751E-2
2.716667E1	2.594112E1	-4.466163E-2
2.720000E1	2.607675E1	-1.557927E-2
2.723333E1	2.619182E1	1.237228E-3
2.726667E1	2.636988E1	4.298610E-3
2.730000E1	2.642592E1	1.908999E-2
2.733333E1	2.663538E1	1.083882E-2
2.736667E1	2.670986E1	-9.559402E-4
2.740000E1	2.678102E1	-5.924777E-3
2.743333E1	2.691813E1	-8.635791E-3
2.746667E1	2.696212E1	-1.454390E-2
2.750000E1	2.709265E1	1.218214E-2
2.753333E1	2.720124E1	2.250548E-2
2.756667E1	2.731191E1	1.205156E-2
2.760000E1	2.746466E1	1.256386E-1
2.763333E1	2.750602E1	1.314644E-1
2.766667E1	2.764686E1	1.372173E-1
2.770000E1	2.771455E1	1.269589E-1
2.773333E1	2.774798E1	1.207702E-1
2.776667E1	2.784858E1	1.686828E-2
2.780000E1	2.788758E1	1.266138E-2
2.783333E1	2.803334E1	2.340397E-2
2.786667E1	2.815982E1	6.926581E-2
2.790000E1	2.828608E1	1.236800E-1
2.793333E1	2.843928E1	1.376649E-1
2.796667E1	2.847421E1	1.377484E-1
2.800000E1	2.865409E1	1.328950E-1
2.803333E1	2.871711E1	1.222046E-1
2.806667E1	2.877619E1	1.267176E-1
2.810000E1	2.890223E1	1.230415E-1
2.813333E1	2.893342E1	1.176513E-1
2.816667E1	2.907551E1	1.512018E-1
2.820000E1	2.917560E1	1.641959E-1
2.823333E1	2.923986E1	1.602047E-1
2.826667E1	2.938074E1	2.667268E-1
2.830000E1	2.942415E1	2.713525E-1
2.833333E1	2.956675E1	2.855443E-1
2.836667E1	2.964051E1	2.711398E-1
2.840000E1	2.967186E1	2.700351E-1
2.843333E1	2.975122E1	2.560133E-1
2.846667E1	2.979282E1	2.072004E-1
2.850000E1	2.988572E1	2.100470E-1
2.853333E1	3.004981E1	2.620534E-1
2.856667E1	3.010968E1	2.808775E-1
2.860000E1	3.025183E1	2.843840E-1
2.863333E1	3.032588E1	2.816505E-1
2.866667E1	3.043126E1	2.717004E-1
2.870000E1	3.052942E1	2.647837E-1
2.873333E1	3.054903E1	2.675836E-1
2.876667E1	3.063521E1	2.708998E-1
2.880000E1	3.069180E1	2.588325E-1
2.883333E1	3.076105E1	2.794167E-1
2.886667E1	3.087736E1	3.018224E-1
2.890000E1	3.093036E1	2.969513E-1
2.893333E1	3.106130E1	2.993315E-1
2.896667E1	3.111768E1	3.661501E-1
2.900000E1	3.119125E1	3.782495E-1
2.903333E1	3.126607E1	3.487246E-1
2.906667E1	3.126226E1	3.329934E-1
2.910000E1	3.133326E1	2.965949E-1
2.913333E1	3.136832E1	2.682809E-1
2.916667E1	3.145224E1	2.809626E-1
2.920000E1	3.159827E1	3.286988E-1
2.923333E1	3.165578E1	3.175444E-1
2.926667E1	3.179164E1	2.984393E-1
2.930000E1	3.184932E1	3.250336E-1
2.933333E1	3.195004E1	3.194747E-1
2.936667E1	3.200954E1	2.868217E-1
2.940000E1	3.203630E1	2.777600E-1
2.943333E1	3.210733E1	2.756371E-1
2.946667E1	3.215176E1	2.662469E-1
2.950000E1	3.222333E1	2.887577E-1
2.953333E1	3.233758E1	3.180500E-1
2.956667E1	3.237518E1	3.091015E-1
2.960000E1	3.249238E1	4.122677E-1
2.963333E1	3.253466E1	4.291773E-1
2.966667E1	3.260985E1	4.315802E-1
2.970000E1	3.267222E1	4.123941E-1
2.973333E1	3.267410E1	4.077995E-1
2.976667E1	3.269769E1	3.960658E-1
2.980000E1	3.273202E1	3.549824E-1
2.983333E1	3.279877E1	3.477503E-1
2.986667E1	3.290837E1	4.052583E-1
2.990000E1	3.294314E1	4.183510E-1
2.993333E1	3.305240E1	4.237851E-1
2.996667E1	3.310057E1	4.160475E-1
3.000000E1	3.317863E1	4.125729E-1
3.003333E1	3.320090E1	4.025620E-1
3.006667E1	3.319139E1	3.939785E-1
3.010000E1	3.321951E1	3.929231E-1
3.013333E1	3.323646E1	3.780220E-1
3.016667E1	3.327438E1	3.870236E-1
3.020000E1	3.332836E1	4.064875E-1
3.023333E1	3.335167E1	4.281328E-1
3.026667E1	3.340769E1	4.534522E-1
3.030000E1	3.344508E1	5.006848E-1
3.033333E1	3.348758E1	5.098610E-1
3.036667E1	3.349284E1	4.875744E-1
3.040000E1	3.347435E1	4.779556E-1
3.043333E1	3.347052E1	4.349302E-1
3.046667E1	3.346992E1	4.056247E-1
3.050000E1	3.348725E1	4.092667E-1
3.053333E1	3.354876E1	4.525608E-1
3.056667E1	3.357449E1	4.437689E-1
3.060000E1	3.363269E1	4.380072E-1
3.063333E1	3.366767E1	4.393688E-1
3.066667E1	3.367746E1	4.349965E-1
3.070000E1	3.370338E1	4.099815E-1
3.073333E1	3.369135E1	3.975540E-1
3.076667E1	3.369822E1	3.833874E-1
3.080000E1	3.371080E1	3.644728E-1
3.083333E1	3.371325E1	3.756759E-1
3.086667E1	3.375645E1	4.116556E-1
3.090000E1	3.377844E1	4.385308E-1
3.093333E1	3.381633E1	4.901088E-1
3.096667E1	3.385858E1	5.370147E-1
3.100000E1	3.387550E1	5.452951E-1
3.103333E1	3.388919E1	5.143365E-1
3.106667E1	3.387821E1	4.843191E-1
3.110000E1	3.386960E1	4.576870E-1
3.113333E1	3.384841E1	4.148866E-1
3.116667E1	3.385505E1	4.200067E-1
3.120000E1	3.391239E1	4.520129E-1
3.123333E1	3.393498E1	4.480107E-1
3.126667E1	3.398191E1	4.435247E-1
3.130000E1	3.401296E1	4.426511E-1
3.133333E1	3.403961E1	4.310136E-1
3.136667E1	3.401754E1	4.082674E-1
3.140000E1	3.402457E1	3.992408E-1
3.143333E1	3.403620E1	3.664402E-1
3.146667E1	3.405499E1	3.488439E-1
3.150000E1	3.405590E1	3.614007E-1
3.153333E1	3.409329E1	3.992927E-1
3.156667E1	3.412079E1	4.304166E-1
3.160000E1	3.416955E1	4.608966E-1
3.163333E1	3.420661E1	5.013241E-1
3.166667E1	3.421990E1	5.057733E-1
3.170000E1	3.420400E1	4.631378E-1
3.173333E1	3.418421E1	4.327706E-1
3.176667E1	3.417563E1	3.917962E-1
3.180000E1	3.417896E1	3.428079E-1
3.183333E1	3.419381E1	3.453477E-1
3.186667E1	3.424207E1	3.893687E-1
3.190000E1	3.426489E1	3.944524E-1
3.193333E1	3.430222E1	4.147310E-1
3.196667E1	3.433262E1	4.223686E-1
3.200000E1	3.438021E1	4.146510E-1
3.203333E1	3.434390E1	4.015975E-1
3.206667E1	3.433071E1	3.834700E-1
3.210000E1	3.431857E1	3.217021E-1
3.213333E1	3.433429E1	3.189026E-1
3.216667E1	3.432852E1	3.193800E-1
3.220000E1	3.435464E1	3.438797E-1
3.223333E1	3.436277E1	3.827619E-1
3.226667E1	3.439686E1	4.238164E-1
3.230000E1	3.441991E1	4.536653E-1
3.233333E1	3.443285E1	4.447734E-1
3.236667E1	3.441636E1	4.085909E-1
3.240000E1	3.440145E1	3.914382E-1
3.243333E1	3.438283E1	3.193552E-1
3.246667E1	3.439408E1	2.769254E-1
3.250000E1	3.440012E1	2.829935E-1
3.253333E1	3.442652E1	3.294907E-1
3.256667E1	3.443283E1	3.577560E-1
3.260000E1	3.445898E1	3.595997E-1
3.263333E1	3.448936E1	3.601501E-1
3.266667E1	3.450219E1	3.529911E-1
3.270000E1	3.443230E1	3.228472E-1
3.273333E1	3.440784E1	3.166745E-1
3.276667E1	3.440033E1	2.658411E-1
3.280000E1	3.440516E1	2.554338E-1
3.283333E1	3.439942E1	2.735281E-1
3.286667E1	3.443217E1	3.046402E-1
3.290000E1	3.444182E1	3.167107E-1
3.293333E1	3.447155E1	3.804247E-1
3.296667E1	3.449863E1	4.050219E-1
3.300000E1	3.452834E1	4.047152E-1
3.303333E1	3.454996E1	3.683554E-1
3.306667E1	3.453573E1	3.356162E-1
3.310000E1	3.453611E1	2.901778E-1
3.313333E1	3.453954E1	2.490260E-1
3.316667E1	3.455596E1	2.674860E-1
3.320000E1	3.460398E1	3.129751E-1
3.323333E1	3.463274E1	3.091559E-1
3.326667E1	3.466329E1	2.982488E-1
3.330000E1	3.469383E1	2.966222E-1
3.333333E1	3.470963E1	2.964942E-1
3.336667E1	3.464834E1	2.685536E-1
3.340000E1	3.462748E1	2.586272E-1
3.343333E1	3.461350E1	2.331383E-1
3.346667E1	3.462364E1	1.995300E-1
3.350000E1	3.462210E1	2.143778E-1
3.353333E1	3.467450E1	2.525055E-1
3.356667E1	3.470479E1	2.808192E-1
3.360000E1	3.477900E1	3.028490E-1
3.363333E1	3.481864E1	3.479418E-1
3.366667E1	3.487447E1	3.594174E-1
3.370000E1	3.491679E1	3.133322E-1
3.373333E1	3.491277E1	2.826979E-1
3.376667E1	3.492387E1	2.512528E-1
3.380000E1	3.494397E1	2.134363E-1
3.383333E1	3.497221E1	2.154713E-1
3.386667E1	3.504887E1	2.648128E-1
3.390000E1	3.507471E1	2.830094E-1
3.393333E1	3.512528E1	2.893800E-1
3.396667E1	3.515224E1	2.926453E-1
3.400000E1	3.517027E1	2.891444E-1
3.403333E1	3.512449E1	2.510335E-1
3.406667E1	3.512792E1	2.461224E-1
3.410000E1	3.514138E1	2.141082E-1
3.413333E1	3.514669E1	2.164212E-1
3.416667E1	3.517384E1	2.198639E-1
3.420000E1	3.527206E1	2.689438E-1
3.423333E1	3.531223E1	2.893208E-1
3.426667E1	3.543200E1	2.986101E-1
3.430000E1	3.547561E1	3.370200E-1
3.433333E1	3.555591E1	3.247419E-1
3.436667E1	3.559899E1	2.727575E-1
3.440000E1	3.562493E1	2.651662E-1
3.443333E1	3.568129E1	1.760234E-1
3.446667E1	3.571532E1	1.610038E-1
3.450000E1	3.576240E1	1.704374E-1
3.453333E1	3.585561E1	2.137095E-1
3.456667E1	3.587339E1	2.399858E-1
3.460000E1	3.593238E1	2.300683E-1
3.463333E1	3.596837E1	2.206128E-1
3.466667E1	3.600042E1	2.204336E-1
3.470000E1	3.596072E1	1.800997E-1
3.473333E1	3.598022E1	1.708741E-1
3.476667E1	3.600219E1	1.439406E-1
3.480000E1	3.601238E1	1.516098E-1
3.483333E1	3.604564E1	1.599427E-1
3.486667E1	3.615531E1	2.166263E-1
3.490000E1	3.620448E1	2.584679E-1
3.493333E1	3.633317E1	2.908500E-1
3.496667E1	3.639781E1	3.248758E-1
3.500000E1	3.649456E1	3.055865E-1
3.503333E1	3.656633E1	2.343081E-1
3.506667E1	3.657377E1	1.853388E-1
3.510000E1	3.664985E1	1.468497E-1
3.513333E1	3.668572E1	1.148059E-1
3.516667E1	3.674669E1	1.406136E-1
3.520000E1	3.684291E1	1.786868E-1
3.523333E1	3.687057E1	2.014057E-1
3.526667E1	3.693910E1	2.153795E-1
3.530000E1	3.698105E1	2.123011E-1
3.533333E1	3.701156E1	2.199295E-1
3.536667E1	3.697674E1	1.876775E-1
3.540000E1	3.699019E1	1.804798E-1
3.543333E1	3.701025E1	1.693440E-1
3.546667E1	3.701845E1	1.635311E-1
3.550000E1	3.705077E1	1.668014E-1
3.553333E1	3.715106E1	2.180365E-1
3.556667E1	3.719485E1	2.620698E-1
3.560000E1	3.731172E1	2.865465E-1
3.563333E1	3.736639E1	3.129637E-1
3.566667E1	3.743111E1	2.858306E-1
3.570000E1	3.747453E1	2.193235E-1
3.573333E1	3.750436E1	1.767561E-1
3.576667E1	3.754553E1	1.332968E-1
3.580000E1	3.758781E1	1.177794E-1
3.583333E1	3.762715E1	1.449795E-1
3.586667E1	3.770304E1	1.952820E-1
3.590000E1	3.772574E1	2.218540E-1
3.593333E1	3.776917E1	2.269986E-1
3.596667E1	3.780380E1	2.274152E-1
3.600000E1	3.780653E1	2.270964E-1
3.603333E1	3.773029E1	1.829993E-1
3.606667E1	3.773188E1	1.729275E-1
3.610000E1	3.773800E1	1.534476E-1
3.613333E1	3.773945E1	1.571457E-1
3.616667E1	3.777367E1	1.688928E-1
3.620000E1	3.787156E1	2.380387E-1
3.623333E1	3.791561E1	2.673796E-1
3.626667E1	3.804898E1	2.921794E-1
3.630000E1	3.811590E1	3.230862E-1
3.633333E1	3.820892E1	3.161040E-1
3.636667E1	3.827480E1	2.383330E-1
3.640000E1	3.829158E1	2.046423E-1
3.643333E1	3.835438E1	1.522401E-1
3.646667E1	3.839462E1	1.350418E-1
3.650000E1	3.842838E1	1.594453E-1
3.653333E1	3.850698E1	2.174750E-1
3.656667E1	3.852647E1	2.428709E-1
3.660000E1	3.856237E1	2.425541E-1
3.663333E1	3.858881E1	2.362196E-1
3.666667E1	3.858689E1	2.353290E-1
3.670000E1	3.850988E1	1.818325E-1
3.673333E1	3.850966E1	1.709652E-1
3.676667E1	3.851955E1	1.449672E-1
3.680000E1	3.852625E1	1.505823E-1
3.683333E1	3.855816E1	1.670114E-1
3.686667E1	3.861910E1	2.000543E-1
3.690000E1	3.869917E1	2.689097E-1
3.693333E1	3.882336E1	2.949042E-1
3.696667E1	3.885471E1	3.314671E-1
3.700000E1	3.898534E1	3.439966E-1
3.703333E1	3.903879E1	3.069293E-1
3.706667E1	3.904177E1	2.744609E-1
3.710000E1	3.909746E1	1.756741E-1
3.713333E1	3.911959E1	1.583092E-1
3.716667E1	3.917204E1	1.657780E-1
3.720000E1	3.921400E1	2.140129E-1
3.723333E1	3.924629E1	2.511633E-1
3.726667E1	3.928192E1	2.794820E-1
3.730000E1	3.929967E1	2.839349E-1
3.733333E1	3.931097E1	2.833677E-1
3.736667E1	3.925545E1	2.674555E-1
3.740000E1	3.922696E1	2.327745E-1
3.743333E1	3.921689E1	1.864746E-1
3.746667E1	3.922550E1	1.914900E-1
3.750000E1	3.925860E1	2.192653E-1
3.753333E1	3.929850E1	2.480244E-1
3.756667E1	3.936630E1	2.803564E-1
3.760000E1	3.948857E1	3.003793E-1
3.763333E1	3.954068E1	3.420392E-1
3.766667E1	3.965189E1	3.504899E-1
3.770000E1	3.969979E1	3.102863E-1
3.773333E1	3.973279E1	2.804332E-1
3.776667E1	3.977125E1	2.492691E-1
3.780000E1	3.981397E1	2.188757E-1
3.783333E1	3.986637E1	2.349056E-1
3.786667E1	3.990030E1	2.799227E-1
3.790000E1	3.990792E1	2.922092E-1
3.793333E1	3.992152E1	3.002869E-1
3.796667E1	3.993913E1	2.983209E-1
3.800000E1	3.992707E1	2.956954E-1
3.803333E1	3.986870E1	2.794905E-1
3.806667E1	3.985112E1	2.534714E-1
3.810000E1	3.983755E1	2.302245E-1
3.813333E1	3.982098E1	2.243218E-1
3.816667E1	3.982902E1	2.448377E-1
3.820000E1	3.986652E1	2.721629E-1
3.823333E1	3.992799E1	3.011833E-1
3.826667E1	4.003561E1	4.046056E-1
3.830000E1	4.007910E1	4.147928E-1
3.833333E1	4.020806E1	4.200789E-1
3.836667E1	4.026002E1	3.996029E-1
3.840000E1	4.026373E1	3.698018E-1
3.843333E1	4.030342E1	3.026225E-1
3.846667E1	4.032243E1	2.814310E-1
3.850000E1	4.038034E1	2.992932E-1
3.853333E1	4.042366E1	3.200054E-1
3.856667E1	4.045199E1	3.163549E-1
3.860000E1	4.046446E1	3.304431E-1
3.863333E1	4.046378E1	3.476967E-1
3.866667E1	4.044910E1	3.338845E-1
3.870000E1	4.039175E1	3.189033E-1
3.873333E1	4.036078E1	2.887031E-1
3.876667E1	4.034615E1	2.547152E-1
3.880000E1	4.036524E1	2.446395E-1
3.883333E1	4.039007E1	2.687408E-1
3.886667E1	4.044291E1	2.983974E-1
3.890000E1	4.049923E1	3.063396E-1
3.893333E1	4.062869E1	4.113791E-1
3.896667E1	4.066973E1	4.287240E-1
3.900000E1	4.081070E1	4.286335E-1
3.903333E1	4.086468E1	4.060108E-1
3.906667E1	4.089105E1	3.940663E-1
3.910000E1	4.095832E1	3.032542E-1
3.913333E1	4.098492E1	2.923408E-1
3.916667E1	4.105092E1	3.028563E-1
3.920000E1	4.108980E1	3.205666E-1
3.923333E1	4.111538E1	3.143072E-1
3.926667E1	4.114874E1	3.192051E-1
3.930000E1	4.116863E1	3.169376E-1
3.933333E1	4.116346E1	2.980614E-1
3.936667E1	4.111754E1	2.840073E-1
3.940000E1	4.109511E1	2.589201E-1
3.943333E1	4.108206E1	2.251136E-1
3.946667E1	4.109553E1	2.120438E-1
3.950000E1	4.114595E1	2.279695E-1
3.953333E1	4.122420E1	2.567481E-1
3.956667E1	4.130288E1	2.944187E-1
3.960000E1	4.145588E1	3.016629E-1
3.963333E1	4.151413E1	3.699805E-1
3.966667E1	4.169127E1	3.628858E-1
3.970000E1	4.177658E1	3.397996E-1
3.973333E1	4.181695E1	2.976287E-1
3.976667E1	4.189507E1	2.719942E-1
3.980000E1	4.193835E1	2.299971E-1
3.983333E1	4.204424E1	2.479940E-1
3.986667E1	4.210605E1	2.731159E-1
3.990000E1	4.214615E1	2.858674E-1
3.993333E1	4.220470E1	2.956170E-1
3.996667E1	4.220895E1	2.966220E-1
4.000000E1	4.221076E1	2.928216E-1
4.003333E1	4.216408E1	2.727257E-1
4.006667E1	4.216520E1	2.575528E-1
4.010000E1	4.217259E1	2.224473E-1
4.013333E1	4.218197E1	2.126626E-1
4.016667E1	4.223728E1	2.231887E-1
4.020000E1	4.231811E1	2.384335E-1
4.023333E1	4.239826E1	2.765230E-1
4.026667E1	4.255652E1	2.959507E-1
4.030000E1	4.261075E1	3.492626E-1
4.033333E1	4.278205E1	3.503261E-1
4.036667E1	4.288388E1	3.147964E-1
4.040000E1	4.291594E1	2.885527E-1
4.043333E1	4.302380E1	1.703102E-1
4.046667E1	4.305257E1	1.585775E-1
4.050000E1	4.315194E1	1.628766E-1
4.053333E1	4.320059E1	2.184670E-1
4.056667E1	4.321828E1	2.522496E-1
4.060000E1	4.325638E1	2.750900E-1
4.063333E1	4.326817E1	2.780515E-1
4.066667E1	4.326473E1	2.760754E-1
4.070000E1	4.320435E1	2.673649E-1
4.073333E1	4.318488E1	2.303685E-1
4.076667E1	4.317693E1	1.965800E-1
4.080000E1	4.318391E1	1.986049E-1
4.083333E1	4.323256E1	2.296460E-1
4.086667E1	4.330799E1	2.602600E-1
4.090000E1	4.339265E1	2.902750E-1
4.093333E1	4.355270E1	3.013374E-1
4.096667E1	4.360986E1	3.657738E-1
4.100000E1	4.377884E1	3.679392E-1
4.103333E1	4.387203E1	3.291858E-1
4.106667E1	4.392164E1	2.992287E-1
4.110000E1	4.399949E1	2.670005E-1
4.113333E1	4.403382E1	2.146373E-1
4.116667E1	4.413467E1	2.310289E-1
4.120000E1	4.417688E1	2.687268E-1
4.123333E1	4.420926E1	2.894728E-1
4.126667E1	4.424299E1	3.005974E-1
4.130000E1	4.426106E1	2.982772E-1
4.133333E1	4.425726E1	2.872279E-1
4.136667E1	4.419956E1	2.742013E-1
4.140000E1	4.418137E1	2.484003E-1
4.143333E1	4.418159E1	1.991894E-1
4.146667E1	4.418792E1	2.106029E-1
4.150000E1	4.423107E1	2.395383E-1
4.153333E1	4.431873E1	2.632956E-1
4.156667E1	4.439211E1	2.962673E-1
4.160000E1	4.456223E1	3.034662E-1
4.163333E1	4.462362E1	3.808426E-1
4.166667E1	4.480164E1	3.703866E-1
4.170000E1	4.488599E1	3.391380E-1
4.173333E1	4.493443E1	2.999137E-1
4.176667E1	4.502442E1	2.688768E-1
4.180000E1	4.506879E1	2.316332E-1
4.183333E1	4.516864E1	2.435874E-1
4.186667E1	4.522334E1	2.827461E-1
4.190000E1	4.523468E1	2.947777E-1
4.193333E1	4.528289E1	3.096929E-1
4.196667E1	4.527951E1	3.050649E-1
4.200000E1	4.526618E1	2.981613E-1
4.203333E1	4.520199E1	2.812306E-1
4.206667E1	4.518699E1	2.559442E-1
4.210000E1	4.517700E1	2.255919E-1
4.213333E1	4.518610E1	2.181439E-1
4.216667E1	4.521570E1	2.608639E-1
4.220000E1	4.528404E1	2.956753E-1
4.223333E1	4.534476E1	3.028789E-1
4.226667E1	4.549198E1	4.137137E-1
4.230000E1	4.556646E1	4.250683E-1
4.233333E1	4.573018E1	4.278592E-1
4.236667E1	4.580929E1	4.048681E-1
4.240000E1	4.585499E1	3.946010E-1
4.243333E1	4.593634E1	3.029512E-1
4.246667E1	4.596566E1	2.838244E-1
4.250000E1	4.606527E1	2.984018E-1
4.253333E1	4.610463E1	3.175715E-1
4.256667E1	4.612923E1	3.163275E-1
4.260000E1	4.613357E1	3.398960E-1
4.263333E1	4.613126E1	3.532710E-1
4.266667E1	4.610010E1	3.485862E-1
4.270000E1	4.602807E1	3.403521E-1
4.273333E1	4.600640E1	3.318400E-1
4.276667E1	4.596275E1	2.845196E-1
4.280000E1	4.596754E1	2.840753E-1
4.283333E1	4.598381E1	3.073523E-1
4.286667E1	4.603478E1	3.325628E-1
4.290000E1	4.610850E1	4.035913E-1
4.293333E1	4.625423E1	4.289356E-1
4.296667E1	4.630914E1	4.581939E-1
4.300000E1	4.643991E1	4.490837E-1
4.303333E1	4.650463E1	4.234563E-1
4.306667E1	4.652022E1	4.075955E-1
4.310000E1	4.659082E1	3.063072E-1
4.313333E1	4.660501E1	2.900024E-1
4.316667E1	4.666391E1	3.049678E-1
4.320000E1	4.667472E1	3.296364E-1
4.323333E1	4.668559E1	3.644572E-1
4.326667E1	4.667818E1	3.779122E-1
4.330000E1	4.667883E1	3.776636E-1
4.333333E1	4.661407E1	3.773970E-1
4.336667E1	4.651314E1	3.594828E-1
4.340000E1	4.646660E1	3.449991E-1
4.343333E1	4.641010E1	3.128644E-1
4.346667E1	4.640136E1	2.963862E-1
4.350000E1	4.640723E1	3.131768E-1
4.353333E1	4.644954E1	3.420676E-1
4.356667E1	4.650637E1	4.076916E-1
4.360000E1	4.662687E1	4.328640E-1
4.363333E1	4.668314E1	4.639351E-1
4.366667E1	4.683426E1	4.598356E-1
4.370000E1	4.690794E1	4.251558E-1
4.373333E1	4.693121E1	4.126701E-1
4.376667E1	4.698818E1	3.069518E-1
4.380000E1	4.700954E1	2.955932E-1
4.383333E1	4.703756E1	2.972934E-1
4.386667E1	4.705704E1	3.343089E-1
4.390000E1	4.705126E1	3.646400E-1
4.393333E1	4.703007E1	3.809336E-1
4.396667E1	4.699080E1	3.797762E-1
4.400000E1	4.689797E1	3.786325E-1
4.403333E1	4.678763E1	3.574166E-1
4.406667E1	4.674172E1	3.423142E-1
4.410000E1	4.664783E1	3.009575E-1
4.413333E1	4.663126E1	2.906506E-1
4.416667E1	4.662631E1	3.108518E-1
4.420000E1	4.666313E1	3.292998E-1
4.423333E1	4.673190E1	4.007135E-1
4.426667E1	4.684600E1	4.318947E-1
4.430000E1	4.690187E1	4.442966E-1
4.433333E1	4.707469E1	4.447901E-1
4.436667E1	4.715059E1	4.180663E-1
4.440000E1	4.717021E1	4.027341E-1
4.443333E1	4.723835E1	3.116577E-1
4.446667E1	4.725663E1	2.897204E-1
4.450000E1	4.731129E1	2.978426E-1
4.453333E1	4.729850E1	3.263492E-1
4.456667E1	4.728363E1	3.542326E-1
4.460000E1	4.725527E1	3.653054E-1
4.463333E1	4.724317E1	3.768721E-1
4.466667E1	4.711665E1	3.444359E-1
4.470000E1	4.698871E1	3.238707E-1
4.473333E1	4.693275E1	3.426144E-1
4.476667E1	4.686184E1	2.662419E-1
4.480000E1	4.683796E1	2.835168E-1
4.483333E1	4.683288E1	3.102426E-1
4.486667E1	4.689315E1	3.162085E-1
4.490000E1	4.696323E1	3.075270E-1
4.493333E1	4.714066E1	3.008165E-1
4.496667E1	4.719771E1	3.655992E-1
4.500000E1	4.739079E1	3.727396E-1
4.503333E1	4.747732E1	3.292313E-1
4.506667E1	4.753017E1	2.976387E-1
4.510000E1	4.761631E1	2.676011E-1
4.513333E1	4.765494E1	2.362541E-1
4.516667E1	4.770612E1	2.142757E-1
4.520000E1	4.772112E1	2.761250E-1
4.523333E1	4.771770E1	2.846010E-1
4.526667E1	4.769366E1	2.909723E-1
4.530000E1	4.767556E1	2.972457E-1
4.533333E1	4.760691E1	2.838279E-1
4.536667E1	4.745700E1	2.811584E-1
4.540000E1	4.740534E1	2.531429E-1
4.543333E1	4.734178E1	2.519735E-1
4.546667E1	4.732335E1	2.691364E-1
4.550000E1	4.732877E1	2.848380E-1
4.553333E1	4.741763E1	3.147135E-1
4.556667E1	4.746477E1	3.008701E-1
4.560000E1	4.765547E1	2.958849E-1
4.563333E1	4.777096E1	3.259701E-1
4.566667E1	4.792402E1	3.402725E-1
4.570000E1	4.814385E1	2.935444E-1
4.573333E1	4.819073E1	2.748681E-1
4.576667E1	4.832050E1	2.654705E-1
4.580000E1	4.839606E1	1.730074E-1
4.583333E1	4.846060E1	1.550888E-1
4.586667E1	4.849541E1	1.731431E-1
4.590000E1	4.851151E1	1.759370E-1
4.593333E1	4.850819E1	1.989647E-1
4.596667E1	4.849750E1	2.060180E-1
4.600000E1	4.846638E1	2.220975E-1
4.603333E1	4.830732E1	2.042303E-1
4.606667E1	4.826855E1	1.960070E-1
4.610000E1	4.821983E1	1.915939E-1
4.613333E1	4.820789E1	1.936448E-1
4.616667E1	4.821747E1	2.275604E-1
4.620000E1	4.832988E1	2.653543E-1
4.623333E1	4.838396E1	2.900518E-1
4.626667E1	4.859592E1	2.928794E-1
4.630000E1	4.871786E1	3.258128E-1
4.633333E1	4.888199E1	3.222193E-1
4.636667E1	4.911249E1	2.767901E-1
4.640000E1	4.914738E1	2.646212E-1
4.643333E1	4.929604E1	1.502797E-1
4.646667E1	4.937276E1	1.190736E-1
4.650000E1	4.944854E1	1.268772E-1
4.653333E1	4.950918E1	1.705621E-1
4.656667E1	4.951738E1	1.663282E-1
4.660000E1	4.950371E1	1.947691E-1
4.663333E1	4.949088E1	2.079403E-1
4.666667E1	4.944778E1	2.307851E-1
4.670000E1	4.928061E1	2.196295E-1
4.673333E1	4.924202E1	2.070851E-1
4.676667E1	4.917042E1	2.099370E-1
4.680000E1	4.914143E1	2.151423E-1
4.683333E1	4.914198E1	2.326801E-1
4.686667E1	4.923026E1	2.752146E-1
4.690000E1	4.927280E1	2.931110E-1
4.693333E1	4.947002E1	2.942559E-1
4.696667E1	4.957905E1	3.470824E-1
4.700000E1	4.973179E1	3.240780E-1
4.703333E1	4.993345E1	2.683492E-1
4.706667E1	4.997789E1	2.724109E-1
4.710000E1	5.007493E1	1.583048E-1
4.713333E1	5.011598E1	1.364004E-1
4.716667E1	5.016902E1	1.374894E-1
4.720000E1	5.018359E1	2.080933E-1
4.723333E1	5.016502E1	2.247930E-1
4.726667E1	5.011645E1	2.294422E-1
4.730000E1	5.006812E1	2.469541E-1
4.733333E1	4.997933E1	2.626648E-1
4.736667E1	4.976964E1	2.783594E-1
4.740000E1	4.971322E1	2.393938E-1
4.743333E1	4.963297E1	2.268116E-1
4.746667E1	4.959695E1	2.549188E-1
4.750000E1	4.956453E1	2.948510E-1
4.753333E1	4.963508E1	3.417281E-1
4.756667E1	4.969013E1	3.977431E-1
4.760000E1	4.982454E1	4.294472E-1
4.763333E1	4.993571E1	4.359313E-1
4.766667E1	5.007968E1	4.258101E-1
4.770000E1	5.023583E1	3.816058E-1
4.773333E1	5.025651E1	3.176118E-1
4.776667E1	5.031655E1	2.769808E-1
4.780000E1	5.035729E1	2.412544E-1
4.783333E1	5.037883E1	2.416028E-1
4.786667E1	5.036349E1	2.953965E-1
4.790000E1	5.034863E1	3.148847E-1
4.793333E1	5.024411E1	3.552896E-1
4.796667E1	5.019677E1	3.616344E-1
4.800000E1	5.008032E1	3.734073E-1
4.803333E1	4.981909E1	3.770000E-1
4.806667E1	4.974566E1	3.650514E-1
4.810000E1	4.961027E1	3.613709E-1
4.813333E1	4.954654E1	3.589128E-1
4.816667E1	4.948225E1	3.842786E-1
4.820000E1	4.951759E1	4.291553E-1
4.823333E1	4.954991E1	4.404982E-1
4.826667E1	4.971659E1	5.604219E-1
4.830000E1	4.981029E1	5.388094E-1
4.833333E1	4.993024E1	5.385039E-1
4.836667E1	5.007986E1	4.914406E-1
4.840000E1	5.010528E1	4.562347E-1
4.843333E1	5.014233E1	4.142079E-1
4.846667E1	5.018629E1	3.871207E-1
4.850000E1	5.018903E1	3.759926E-1
4.853333E1	5.013467E1	4.225065E-1
4.856667E1	5.008593E1	4.549272E-1
4.860000E1	4.992667E1	4.414311E-1
4.863333E1	4.984692E1	4.470743E-1
4.866667E1	4.970889E1	4.567141E-1
4.870000E1	4.943367E1	4.293942E-1
4.873333E1	4.938978E1	4.183427E-1
4.876667E1	4.926797E1	4.158342E-1
4.880000E1	4.921646E1	4.198436E-1
4.883333E1	4.918101E1	4.483005E-1
4.886667E1	4.920774E1	4.875725E-1
4.890000E1	4.924174E1	5.454382E-1
4.893333E1	4.935710E1	5.742435E-1
4.896667E1	4.946766E1	6.003852E-1
4.900000E1	4.957038E1	5.698542E-1
4.903333E1	4.973792E1	5.346838E-1
4.906667E1	4.978581E1	4.621049E-1
4.910000E1	4.986736E1	4.329091E-1
4.913333E1	4.990642E1	4.285975E-1
4.916667E1	4.994041E1	4.203281E-1
4.920000E1	4.999034E1	4.205111E-1
4.923333E1	5.000648E1	4.152029E-1
4.926667E1	5.000521E1	3.771671E-1
4.930000E1	4.999976E1	3.395973E-1
4.933333E1	4.997360E1	3.107807E-1
4.936667E1	4.990295E1	2.682523E-1
4.940000E1	4.987412E1	2.560199E-1
4.943333E1	4.984797E1	2.611403E-1
4.946667E1	4.984464E1	2.638909E-1
4.950000E1	4.984823E1	2.870368E-1
