	masse A		
t	x	y	
0.000000E0	0.000000E0	7.105427E-15
3.333333E-2	1.091754E-3	-5.065748E-3
6.666667E-2	-9.171882E-3	-7.000218E-3
1.000000E-1	-1.817191E-2	-1.360253E-2
1.333333E-1	-2.210403E-2	-1.153691E-2
1.666667E-1	-5.159893E-2	-2.142308E-2
2.000000E-1	-1.175962E-1	-2.985998E-2
2.333333E-1	-1.413973E-1	-2.107337E-2
2.666667E-1	-1.577011E-1	-2.012037E-2
3.000000E-1	-2.808091E-1	-5.918696E-2
3.333333E-1	-4.001705E-1	-1.361630E-1
3.666667E-1	-4.763520E-1	-1.649968E-1
4.000000E-1	-5.091393E-1	-1.662574E-1
4.333333E-1	-5.276777E-1	-1.643364E-1
4.666667E-1	-5.294948E-1	-1.648770E-1
5.000000E-1	-5.185456E-1	-1.585852E-1
5.333333E-1	-4.960147E-1	-1.577663E-1
5.666667E-1	-4.897627E-1	-1.548944E-1
6.000000E-1	-4.447738E-1	-1.420559E-1
6.333333E-1	-4.094743E-1	-1.419533E-1
6.666667E-1	-3.633771E-1	-1.329795E-1
7.000000E-1	-2.568430E-1	-1.216215E-1
7.333333E-1	-2.425757E-1	-1.173584E-1
7.666667E-1	-1.467094E-1	-1.057217E-1
8.000000E-1	-9.997233E-2	-5.272537E-2
8.333333E-1	-3.682000E-3	-3.081783E-2
8.666667E-1	1.218458E-1	1.526993E-2
9.000000E-1	1.578804E-1	1.310163E-2
9.333333E-1	2.699747E-1	2.238522E-2
9.666667E-1	3.220514E-1	2.072946E-2
1.000000E0	4.034064E-1	1.901449E-2
1.033333E0	4.882830E-1	1.015449E-2
1.066667E0	5.255414E-1	5.140980E-3
1.100000E0	5.894615E-1	1.863045E-3
1.133333E0	6.249475E-1	1.932611E-3
1.166667E0	6.924982E-1	2.437114E-3
1.200000E0	7.762454E-1	-2.439784E-3
1.233333E0	7.992067E-1	-3.374200E-3
1.266667E0	8.436975E-1	-3.036028E-3
1.300000E0	8.789078E-1	-3.238425E-3
1.333333E0	8.972211E-1	-1.735947E-3
1.366667E0	9.430410E-1	2.099278E-3
1.400000E0	9.585986E-1	3.058547E-3
1.433333E0	1.008165E0	2.092056E-3
1.466667E0	1.035189E0	-3.157625E-3
1.500000E0	1.065997E0	-4.845604E-3
1.533333E0	1.109487E0	-6.397620E-3
1.566667E0	1.101137E0	-3.468700E-3
1.600000E0	1.113769E0	-4.486940E-3
1.633333E0	1.127804E0	-1.217194E-2
1.666667E0	1.165571E0	-1.449471E-2
1.700000E0	1.176257E0	-3.356047E-2
1.733333E0	1.169646E0	-2.666059E-2
1.766667E0	1.161568E0	-2.652227E-2
1.800000E0	1.159424E0	-2.247100E-2
1.833333E0	1.139278E0	-2.594866E-2
1.866667E0	1.137942E0	-2.873301E-2
1.900000E0	1.138211E0	-1.863651E-2
1.933333E0	1.108949E0	-3.193058E-2
1.966667E0	1.031954E0	-6.104142E-2
2.000000E0	9.983416E-1	-1.020820E-1
2.033333E0	9.731068E-1	-1.483010E-1
2.066667E0	9.519037E-1	-1.562898E-1
2.100000E0	9.522649E-1	-1.664816E-1
2.133333E0	9.555599E-1	-1.689120E-1
2.166667E0	9.689607E-1	-1.683938E-1
2.200000E0	1.002338E0	-1.624175E-1
2.233333E0	1.026594E0	-1.608419E-1
2.266667E0	1.085142E0	-1.566307E-1
2.300000E0	1.123456E0	-1.536239E-1
2.333333E0	1.184434E0	-1.508287E-1
2.366667E0	1.285792E0	-1.334498E-1
2.400000E0	1.312795E0	-1.323154E-1
2.433333E0	1.396933E0	-1.226541E-1
2.466667E0	1.456696E0	-1.056990E-1
2.500000E0	1.544028E0	-6.536349E-2
2.533333E0	1.669559E0	-3.258285E-2
2.566667E0	1.706328E0	-2.762089E-5
2.600000E0	1.815347E0	8.750761E-3
2.633333E0	1.867124E0	2.880527E-2
2.666667E0	1.959266E0	5.574756E-2
2.700000E0	2.054062E0	9.059925E-2
2.733333E0	2.065141E0	8.897827E-2
2.766667E0	2.145124E0	9.557974E-2
2.800000E0	2.196863E0	8.917061E-2
2.833333E0	2.235482E0	8.815093E-2
2.866667E0	2.292614E0	1.032356E-1
2.900000E0	2.312984E0	9.574478E-2
2.933333E0	2.334441E0	1.001383E-1
2.966667E0	2.338526E0	9.806917E-2
3.000000E0	2.355424E0	9.958866E-2
3.033333E0	2.406691E0	9.500004E-2
3.066667E0	2.413297E0	8.693602E-2
3.100000E0	2.438155E0	8.399765E-2
3.133333E0	2.462134E0	7.575717E-2
3.166667E0	2.481438E0	6.813756E-2
3.200000E0	2.519513E0	5.861812E-2
3.233333E0	2.541439E0	6.168862E-2
3.266667E0	2.560019E0	5.431094E-2
3.300000E0	2.557718E0	5.268303E-2
3.333333E0	2.560945E0	3.989992E-2
3.366667E0	2.545503E0	3.913441E-3
3.400000E0	2.535277E0	-7.520921E-3
3.433333E0	2.521086E0	-2.698683E-2
3.466667E0	2.517427E0	-2.784617E-2
3.500000E0	2.505225E0	-3.283157E-2
3.533333E0	2.472329E0	-6.936237E-2
3.566667E0	2.443588E0	-7.905082E-2
3.600000E0	2.406545E0	-9.736166E-2
3.633333E0	2.362407E0	-1.042888E-1
3.666667E0	2.323737E0	-1.317700E-1
3.700000E0	2.270432E0	-1.981720E-1
3.733333E0	2.252089E0	-2.169014E-1
3.766667E0	2.246001E0	-2.268039E-1
3.800000E0	2.247078E0	-2.264186E-1
3.833333E0	2.264603E0	-2.286365E-1
3.866667E0	2.300623E0	-2.321354E-1
3.900000E0	2.333202E0	-2.281047E-1
3.933333E0	2.385425E0	-2.261581E-1
3.966667E0	2.422529E0	-2.232490E-1
4.000000E0	2.488252E0	-2.188840E-1
4.033333E0	2.574700E0	-1.960281E-1
4.066667E0	2.604459E0	-1.948936E-1
4.100000E0	2.673675E0	-1.840493E-1
4.133333E0	2.741975E0	-1.533275E-1
4.166667E0	2.819538E0	-1.061669E-1
4.200000E0	2.934889E0	-5.974042E-2
4.233333E0	2.971237E0	-6.298451E-2
4.266667E0	3.054016E0	-4.447214E-2
4.300000E0	3.121245E0	-7.954733E-3
4.333333E0	3.195889E0	3.917769E-2
4.366667E0	3.269854E0	7.698210E-2
4.400000E0	3.281883E0	7.681390E-2
4.433333E0	3.330871E0	8.878047E-2
4.466667E0	3.367464E0	9.758247E-2
4.500000E0	3.413036E0	9.392984E-2
4.533333E0	3.454856E0	9.772501E-2
4.566667E0	3.473454E0	9.082391E-2
4.600000E0	3.495928E0	9.249980E-2
4.633333E0	3.498755E0	9.354684E-2
4.666667E0	3.507715E0	9.538748E-2
4.700000E0	3.557892E0	9.520330E-2
4.733333E0	3.562577E0	8.588789E-2
4.766667E0	3.582313E0	7.717816E-2
4.800000E0	3.610950E0	7.019129E-2
4.833333E0	3.635690E0	6.001896E-2
4.866667E0	3.666649E0	5.697361E-2
4.900000E0	3.684676E0	5.780853E-2
4.933333E0	3.699397E0	5.020363E-2
4.966667E0	3.700639E0	5.261380E-2
5.000000E0	3.704718E0	2.895387E-2
5.033333E0	3.700543E0	-9.173371E-3
5.066667E0	3.686861E0	-1.647646E-2
5.100000E0	3.673747E0	-2.782222E-2
5.133333E0	3.671409E0	-2.794028E-2
5.166667E0	3.615523E0	-4.239633E-2
5.200000E0	3.573954E0	-8.326363E-2
5.233333E0	3.539155E0	-8.770730E-2
5.266667E0	3.478164E0	-1.014979E-1
5.300000E0	3.445887E0	-9.971008E-2
5.333333E0	3.345856E0	-1.589097E-1
5.366667E0	3.309268E0	-1.698187E-1
5.400000E0	3.309167E0	-1.679592E-1
5.433333E0	3.299364E0	-1.688516E-1
5.466667E0	3.310417E0	-1.622203E-1
5.500000E0	3.319575E0	-1.585368E-1
5.533333E0	3.336014E0	-1.608387E-1
5.566667E0	3.348734E0	-1.590593E-1
5.600000E0	3.377844E0	-1.547765E-1
5.633333E0	3.408315E0	-1.510686E-1
5.666667E0	3.464266E0	-1.434331E-1
5.700000E0	3.509235E0	-1.328410E-1
5.733333E0	3.552537E0	-1.300003E-1
5.766667E0	3.600900E0	-1.157029E-1
5.800000E0	3.631580E0	-1.169914E-1
5.833333E0	3.732480E0	-6.187384E-2
5.866667E0	3.791198E0	-5.055275E-2
5.900000E0	3.847161E0	-3.425639E-2
5.933333E0	3.913830E0	3.036603E-3
5.966667E0	3.934893E0	1.049654E-2
6.000000E0	4.043546E0	4.184555E-2
6.033333E0	4.077958E0	7.171493E-2
6.066667E0	4.103090E0	8.238751E-2
6.100000E0	4.178113E0	8.142046E-2
6.133333E0	4.201168E0	7.995866E-2
6.166667E0	4.258090E0	8.080636E-2
6.200000E0	4.292690E0	7.675743E-2
6.233333E0	4.296605E0	7.760913E-2
6.266667E0	4.306303E0	8.060182E-2
6.300000E0	4.326128E0	8.133966E-2
6.333333E0	4.357914E0	8.694752E-2
6.366667E0	4.370745E0	8.957002E-2
6.400000E0	4.368912E0	8.263455E-2
6.433333E0	4.384537E0	7.411830E-2
6.466667E0	4.409226E0	6.864186E-2
6.500000E0	4.445471E0	5.691022E-2
6.533333E0	4.481560E0	5.884251E-2
6.566667E0	4.494503E0	5.399989E-2
6.600000E0	4.513682E0	5.314803E-2
6.633333E0	4.504592E0	5.732035E-2
6.666667E0	4.511010E0	3.806617E-2
6.700000E0	4.501551E0	2.924350E-2
6.733333E0	4.494525E0	7.926540E-3
6.766667E0	4.481306E0	-1.128007E-2
6.800000E0	4.472583E0	-2.143646E-2
6.833333E0	4.431751E0	-5.188254E-2
6.866667E0	4.387065E0	-7.474003E-2
6.900000E0	4.371515E0	-7.978619E-2
6.933333E0	4.338033E0	-9.721557E-2
6.966667E0	4.315465E0	-9.833956E-2
7.000000E0	4.228177E0	-1.567325E-1
7.033333E0	4.204826E0	-1.946523E-1
7.066667E0	4.191647E0	-2.150696E-1
7.100000E0	4.185681E0	-2.299934E-1
7.133333E0	4.191815E0	-2.343072E-1
7.166667E0	4.202677E0	-2.402610E-1
7.200000E0	4.224524E0	-2.424497E-1
7.233333E0	4.244837E0	-2.366669E-1
7.266667E0	4.313418E0	-2.322852E-1
7.300000E0	4.335687E0	-2.314867E-1
7.333333E0	4.411685E0	-2.190113E-1
7.366667E0	4.472734E0	-2.092750E-1
7.400000E0	4.500676E0	-2.062324E-1
7.433333E0	4.572293E0	-1.937385E-1
7.466667E0	4.596564E0	-1.824474E-1
7.500000E0	4.729936E0	-1.533847E-1
7.533333E0	4.775803E0	-1.161315E-1
7.566667E0	4.802887E0	-1.284925E-1
7.600000E0	4.905590E0	-1.055974E-1
7.633333E0	4.935941E0	-8.041628E-2
7.666667E0	5.041497E0	-4.199109E-2
7.700000E0	5.082585E0	-3.932882E-2
7.733333E0	5.107003E0	-3.718210E-2
7.766667E0	5.186476E0	-4.073628E-2
7.800000E0	5.208506E0	-5.027155E-2
7.833333E0	5.270161E0	-4.414430E-2
7.866667E0	5.293014E0	-5.183925E-2
7.900000E0	5.305962E0	-5.693272E-2
7.933333E0	5.321696E0	-4.868871E-2
7.966667E0	5.342702E0	-5.347416E-2
8.000000E0	5.372714E0	-5.009490E-2
8.033333E0	5.382232E0	-5.535196E-2
8.066667E0	5.388193E0	-5.327219E-2
8.100000E0	5.430122E0	-6.078519E-2
8.133333E0	5.438252E0	-6.711723E-2
8.166667E0	5.478914E0	-8.427638E-2
8.200000E0	5.508515E0	-8.671171E-2
8.233333E0	5.517891E0	-8.951002E-2
8.266667E0	5.543630E0	-9.556871E-2
8.300000E0	5.563161E0	-9.159626E-2
8.333333E0	5.571035E0	-1.147943E-1
8.366667E0	5.577225E0	-1.534603E-1
8.400000E0	5.576688E0	-1.716315E-1
8.433333E0	5.570574E0	-1.788939E-1
8.466667E0	5.569530E0	-1.765622E-1
8.500000E0	5.535840E0	-1.990101E-1
8.533333E0	5.515721E0	-2.303511E-1
8.566667E0	5.484799E0	-2.330829E-1
8.600000E0	5.439293E0	-2.474545E-1
8.633333E0	5.416294E0	-2.461931E-1
8.666667E0	5.336244E0	-3.132258E-1
8.700000E0	5.290628E0	-3.371940E-1
8.733333E0	5.273938E0	-3.591756E-1
8.766667E0	5.263194E0	-3.798138E-1
8.800000E0	5.269264E0	-3.742236E-1
8.833333E0	5.281439E0	-3.792596E-1
8.866667E0	5.287923E0	-3.745598E-1
8.900000E0	5.297953E0	-3.738299E-1
8.933333E0	5.332672E0	-3.666562E-1
8.966667E0	5.361871E0	-3.643173E-1
9.000000E0	5.406950E0	-3.542553E-1
9.033333E0	5.456019E0	-3.415392E-1
9.066667E0	5.493867E0	-3.374106E-1
9.100000E0	5.537689E0	-3.256399E-1
9.133333E0	5.570181E0	-3.284387E-1
9.166667E0	5.656264E0	-2.723232E-1
9.200000E0	5.704461E0	-2.488062E-1
9.233333E0	5.732499E0	-2.199779E-1
9.266667E0	5.790497E0	-1.966569E-1
9.300000E0	5.835400E0	-1.706787E-1
9.333333E0	5.900404E0	-1.143064E-1
9.366667E0	5.950486E0	-1.027647E-1
9.400000E0	5.960587E0	-6.783216E-2
9.433333E0	6.004043E0	-5.124597E-2
9.466667E0	6.013423E0	-5.670186E-2
9.500000E0	6.044312E0	-4.255521E-2
9.533333E0	6.057251E0	-4.091650E-2
9.566667E0	6.071546E0	-4.356029E-2
9.600000E0	6.078274E0	-3.927747E-2
9.633333E0	6.075519E0	-4.734749E-2
9.666667E0	6.087830E0	-3.320027E-2
9.700000E0	6.091585E0	-1.439253E-2
9.733333E0	6.084663E0	-6.596602E-3
9.766667E0	6.090272E0	-3.504938E-3
9.800000E0	6.087606E0	-4.055341E-3
9.833333E0	6.094473E0	-1.259110E-2
9.866667E0	6.102661E0	-1.766261E-2
9.900000E0	6.098529E0	-1.999248E-2
9.933333E0	6.091958E0	-2.481269E-2
9.966667E0	6.085649E0	-2.018614E-2
1.000000E1	6.079945E0	-3.388079E-2
1.003333E1	6.063851E0	-4.621097E-2
1.006667E1	6.060062E0	-7.149058E-2
1.010000E1	6.052150E0	-9.059116E-2
1.013333E1	6.052556E0	-9.349227E-2
1.016667E1	5.998477E0	-1.157828E-1
1.020000E1	5.954240E0	-1.465297E-1
1.023333E1	5.917554E0	-1.526201E-1
1.026667E1	5.864013E0	-1.721364E-1
1.030000E1	5.806334E0	-1.873348E-1
1.033333E1	5.704948E0	-2.535170E-1
1.036667E1	5.663405E0	-3.039208E-1
1.040000E1	5.639216E0	-3.070048E-1
1.043333E1	5.619817E0	-3.191844E-1
1.046667E1	5.626109E0	-3.122183E-1
1.050000E1	5.632709E0	-3.055347E-1
1.053333E1	5.644064E0	-3.012588E-1
1.056667E1	5.654440E0	-3.027484E-1
1.060000E1	5.687281E0	-3.019028E-1
1.063333E1	5.716480E0	-2.970988E-1
1.066667E1	5.770862E0	-2.832616E-1
1.070000E1	5.816460E0	-2.737006E-1
1.073333E1	5.857932E0	-2.715323E-1
1.076667E1	5.917026E0	-2.534948E-1
1.080000E1	5.951047E0	-2.495660E-1
1.083333E1	6.042259E0	-1.781215E-1
1.086667E1	6.100780E0	-1.490450E-1
1.090000E1	6.128883E0	-1.309463E-1
1.093333E1	6.219152E0	-1.194121E-1
1.096667E1	6.242860E0	-1.168085E-1
1.100000E1	6.335448E0	-6.894533E-2
1.103333E1	6.375861E0	-5.915893E-2
1.106667E1	6.388030E0	-5.561615E-2
1.110000E1	6.443239E0	-5.178377E-2
1.113333E1	6.457171E0	-5.752394E-2
1.116667E1	6.505626E0	-4.692803E-2
1.120000E1	6.528600E0	-5.947333E-2
1.123333E1	6.544067E0	-5.075782E-2
1.126667E1	6.587041E0	-4.323415E-2
1.130000E1	6.590441E0	-4.985030E-2
1.133333E1	6.628761E0	-4.229547E-2
1.136667E1	6.663520E0	-4.764477E-2
1.140000E1	6.676862E0	-5.671328E-2
1.143333E1	6.707272E0	-6.032704E-2
1.146667E1	6.729552E0	-6.578711E-2
1.150000E1	6.778648E0	-8.260109E-2
1.153333E1	6.817365E0	-9.357118E-2
1.156667E1	6.834447E0	-8.888011E-2
1.160000E1	6.885116E0	-1.027378E-1
1.163333E1	6.892360E0	-1.031859E-1
1.166667E1	6.911135E0	-1.278644E-1
1.170000E1	6.920067E0	-1.451923E-1
1.173333E1	6.943212E0	-1.642290E-1
1.176667E1	6.960267E0	-1.869575E-1
1.180000E1	6.961229E0	-2.204957E-1
1.183333E1	6.956024E0	-2.457855E-1
1.186667E1	6.947948E0	-2.481208E-1
1.190000E1	6.932770E0	-2.456863E-1
1.193333E1	6.915089E0	-2.633334E-1
1.196667E1	6.919782E0	-2.944026E-1
1.200000E1	6.891799E0	-3.705636E-1
1.203333E1	6.884378E0	-3.925964E-1
1.206667E1	6.885534E0	-3.949466E-1
1.210000E1	6.894272E0	-4.033838E-1
1.213333E1	6.896754E0	-4.384484E-1
1.216667E1	6.960020E0	-4.474869E-1
1.220000E1	7.002141E0	-4.545513E-1
1.223333E1	7.048316E0	-4.530745E-1
1.226667E1	7.128508E0	-4.533452E-1
1.230000E1	7.165633E0	-4.482148E-1
1.233333E1	7.272524E0	-4.270128E-1
1.236667E1	7.346503E0	-4.194058E-1
1.240000E1	7.399870E0	-4.207308E-1
1.243333E1	7.487582E0	-4.061117E-1
1.246667E1	7.541344E0	-4.045694E-1
1.250000E1	7.670583E0	-3.543877E-1
1.253333E1	7.778130E0	-3.094584E-1
1.256667E1	7.831279E0	-2.914385E-1
1.260000E1	7.951495E0	-2.790512E-1
1.263333E1	8.011118E0	-2.642831E-1
1.266667E1	8.135543E0	-2.268532E-1
1.270000E1	8.220594E0	-1.963885E-1
1.273333E1	8.277340E0	-1.918422E-1
1.276667E1	8.382501E0	-1.998752E-1
1.280000E1	8.410447E0	-2.002815E-1
1.283333E1	8.493910E0	-1.833622E-1
1.286667E1	8.547856E0	-1.859411E-1
1.290000E1	8.583672E0	-1.948177E-1
1.293333E1	8.653887E0	-1.904449E-1
1.296667E1	8.678457E0	-1.878825E-1
1.300000E1	8.769397E0	-1.793705E-1
1.303333E1	8.812424E0	-1.565954E-1
1.306667E1	8.851955E0	-1.517990E-1
1.310000E1	8.948560E0	-1.518795E-1
1.313333E1	8.981745E0	-1.577541E-1
1.316667E1	9.074846E0	-1.577194E-1
1.320000E1	9.141730E0	-1.617490E-1
1.323333E1	9.183823E0	-1.598479E-1
1.326667E1	9.256361E0	-1.641314E-1
1.330000E1	9.292520E0	-1.761748E-1
1.333333E1	9.368293E0	-1.768131E-1
1.336667E1	9.440815E0	-1.961048E-1
1.340000E1	9.467657E0	-2.254055E-1
1.343333E1	9.517078E0	-2.410346E-1
1.346667E1	9.547226E0	-2.634495E-1
1.350000E1	9.571331E0	-2.923278E-1
1.353333E1	9.581588E0	-3.069663E-1
1.356667E1	9.599258E0	-3.067649E-1
1.360000E1	9.603841E0	-3.133675E-1
1.363333E1	9.609265E0	-3.191805E-1
1.366667E1	9.602115E0	-3.563967E-1
1.370000E1	9.608688E0	-4.250162E-1
1.373333E1	9.613283E0	-4.358469E-1
1.376667E1	9.634136E0	-4.538980E-1
1.380000E1	9.660795E0	-4.519761E-1
1.383333E1	9.722436E0	-4.564714E-1
1.386667E1	9.834617E0	-4.587571E-1
1.390000E1	9.860508E0	-4.559590E-1
1.393333E1	9.957552E0	-4.474579E-1
1.396667E1	1.000314E1	-4.463216E-1
1.400000E1	1.009387E1	-4.340042E-1
1.403333E1	1.023650E1	-4.221412E-1
1.406667E1	1.026923E1	-4.250105E-1
1.410000E1	1.037606E1	-4.129742E-1
1.413333E1	1.042603E1	-4.114562E-1
1.416667E1	1.054073E1	-3.647860E-1
1.420000E1	1.069917E1	-3.119066E-1
1.423333E1	1.073252E1	-2.865089E-1
1.426667E1	1.085705E1	-2.828088E-1
1.430000E1	1.096864E1	-2.345933E-1
1.433333E1	1.105363E1	-1.979870E-1
1.436667E1	1.117859E1	-1.641782E-1
1.440000E1	1.121112E1	-1.491115E-1
1.443333E1	1.129820E1	-1.377158E-1
1.446667E1	1.134612E1	-1.241616E-1
1.450000E1	1.140002E1	-1.193737E-1
1.453333E1	1.148832E1	-1.157209E-1
1.456667E1	1.151058E1	-1.292027E-1
1.460000E1	1.156906E1	-1.229146E-1
1.463333E1	1.161771E1	-1.056118E-1
1.466667E1	1.168149E1	-7.357169E-2
1.470000E1	1.177285E1	-6.164076E-2
1.473333E1	1.180199E1	-6.609692E-2
1.476667E1	1.187570E1	-7.398432E-2
1.480000E1	1.190868E1	-7.502522E-2
1.483333E1	1.197468E1	-7.646458E-2
1.486667E1	1.207972E1	-9.227011E-2
1.490000E1	1.210189E1	-8.475027E-2
1.493333E1	1.218982E1	-8.764982E-2
1.496667E1	1.224101E1	-1.041664E-1
1.500000E1	1.228585E1	-1.055801E-1
1.503333E1	1.236080E1	-1.350147E-1
1.506667E1	1.237752E1	-1.585905E-1
1.510000E1	1.241025E1	-1.655087E-1
1.513333E1	1.244444E1	-1.711201E-1
1.516667E1	1.245836E1	-1.769946E-1
1.520000E1	1.246979E1	-1.737936E-1
1.523333E1	1.248657E1	-1.653001E-1
1.526667E1	1.249115E1	-1.673205E-1
1.530000E1	1.248917E1	-1.692806E-1
1.533333E1	1.247986E1	-1.874856E-1
1.536667E1	1.249437E1	-2.669595E-1
1.540000E1	1.250019E1	-2.815333E-1
1.543333E1	1.251942E1	-2.948201E-1
1.546667E1	1.252408E1	-3.033168E-1
1.550000E1	1.256492E1	-3.020145E-1
1.553333E1	1.264710E1	-3.019574E-1
1.556667E1	1.266986E1	-3.002263E-1
1.560000E1	1.275866E1	-2.935081E-1
1.563333E1	1.279860E1	-2.939288E-1
1.566667E1	1.287377E1	-2.893612E-1
1.570000E1	1.297258E1	-2.677761E-1
1.573333E1	1.301443E1	-2.758380E-1
1.576667E1	1.311169E1	-2.718648E-1
1.580000E1	1.315945E1	-2.580003E-1
1.583333E1	1.326748E1	-1.998427E-1
1.586667E1	1.343295E1	-1.555562E-1
1.590000E1	1.345735E1	-1.500434E-1
1.593333E1	1.356317E1	-1.383118E-1
1.596667E1	1.362874E1	-1.206897E-1
1.600000E1	1.373662E1	-1.081598E-1
1.603333E1	1.382011E1	-5.612683E-2
1.606667E1	1.385759E1	-3.238933E-2
1.610000E1	1.393704E1	-4.258288E-3
1.613333E1	1.398078E1	1.395669E-2
1.616667E1	1.403526E1	1.542753E-2
1.620000E1	1.409458E1	2.554960E-2
1.623333E1	1.410819E1	2.210322E-2
1.626667E1	1.414970E1	2.749368E-2
1.630000E1	1.417878E1	2.683035E-2
1.633333E1	1.421955E1	3.036294E-2
1.636667E1	1.429764E1	4.334331E-2
1.640000E1	1.431989E1	5.081773E-2
1.643333E1	1.437698E1	5.765769E-2
1.646667E1	1.442387E1	5.648553E-2
1.650000E1	1.448858E1	4.925439E-2
1.653333E1	1.458535E1	4.207803E-2
1.656667E1	1.461127E1	4.898914E-2
1.660000E1	1.467906E1	4.801054E-2
1.663333E1	1.472209E1	4.521400E-2
1.666667E1	1.476875E1	2.424465E-2
1.670000E1	1.483307E1	-2.242389E-2
1.673333E1	1.484006E1	-2.517800E-2
1.676667E1	1.487050E1	-4.312041E-2
1.680000E1	1.489308E1	-7.404058E-2
1.683333E1	1.490592E1	-9.210150E-2
1.686667E1	1.490387E1	-9.418992E-2
1.690000E1	1.489265E1	-8.735029E-2
1.693333E1	1.488115E1	-9.419139E-2
1.696667E1	1.487551E1	-9.793664E-2
1.700000E1	1.486088E1	-1.174793E-1
1.703333E1	1.486206E1	-1.803934E-1
1.706667E1	1.487340E1	-1.702349E-1
1.710000E1	1.489099E1	-1.729584E-1
1.713333E1	1.489876E1	-1.689341E-1
1.716667E1	1.490905E1	-1.640481E-1
1.720000E1	1.498379E1	-1.691602E-1
1.723333E1	1.499395E1	-1.600028E-1
1.726667E1	1.505518E1	-1.569006E-1
1.730000E1	1.508845E1	-1.540823E-1
1.733333E1	1.515067E1	-1.494606E-1
1.736667E1	1.524567E1	-1.302636E-1
1.740000E1	1.526566E1	-1.311500E-1
1.743333E1	1.533212E1	-1.268493E-1
1.746667E1	1.538930E1	-9.702319E-2
1.750000E1	1.546748E1	-5.475377E-2
1.753333E1	1.558823E1	-2.773360E-2
1.756667E1	1.562064E1	-9.406091E-3
1.760000E1	1.570235E1	-1.321657E-3
1.763333E1	1.575375E1	1.823484E-2
1.766667E1	1.581109E1	3.545549E-2
1.770000E1	1.589382E1	5.289806E-2
1.773333E1	1.591452E1	5.861218E-2
1.776667E1	1.596268E1	7.920933E-2
1.780000E1	1.600340E1	9.681098E-2
1.783333E1	1.605112E1	8.782353E-2
1.786667E1	1.608523E1	9.914699E-2
1.790000E1	1.611311E1	8.934036E-2
1.793333E1	1.614927E1	8.963829E-2
1.796667E1	1.618153E1	9.072479E-2
1.800000E1	1.621090E1	9.565193E-2
1.803333E1	1.625484E1	9.236607E-2
1.806667E1	1.627655E1	8.430044E-2
1.810000E1	1.632591E1	7.604793E-2
1.813333E1	1.635690E1	6.377807E-2
1.816667E1	1.639137E1	5.954405E-2
1.820000E1	1.647013E1	4.522943E-2
1.823333E1	1.648836E1	5.321232E-2
1.826667E1	1.653997E1	4.633595E-2
1.830000E1	1.656830E1	4.236831E-2
1.833333E1	1.659934E1	2.740910E-2
1.836667E1	1.665826E1	-1.555084E-2
1.840000E1	1.669127E1	-2.100745E-2
1.843333E1	1.672207E1	-4.173576E-2
1.846667E1	1.673097E1	-6.395957E-2
1.850000E1	1.676283E1	-8.121641E-2
1.853333E1	1.677600E1	-9.121987E-2
1.856667E1	1.676858E1	-8.578586E-2
1.860000E1	1.675781E1	-8.941118E-2
1.863333E1	1.674580E1	-9.836885E-2
1.866667E1	1.673012E1	-1.208282E-1
1.870000E1	1.673005E1	-1.860020E-1
1.873333E1	1.674612E1	-2.098149E-1
1.876667E1	1.676438E1	-2.249397E-1
1.880000E1	1.677406E1	-2.289666E-1
1.883333E1	1.678631E1	-2.267563E-1
1.886667E1	1.685663E1	-2.395452E-1
1.890000E1	1.686717E1	-2.318050E-1
1.893333E1	1.691028E1	-2.307876E-1
1.896667E1	1.694036E1	-2.329026E-1
1.900000E1	1.699028E1	-2.217910E-1
1.903333E1	1.706530E1	-2.061930E-1
1.906667E1	1.708963E1	-2.003589E-1
1.910000E1	1.716903E1	-1.954125E-1
1.913333E1	1.722008E1	-1.924289E-1
1.916667E1	1.730755E1	-1.630189E-1
1.920000E1	1.741808E1	-1.277195E-1
1.923333E1	1.744468E1	-1.299209E-1
1.926667E1	1.753983E1	-9.527573E-2
1.930000E1	1.758538E1	-8.040960E-2
1.933333E1	1.761841E1	-5.858147E-2
1.936667E1	1.768515E1	-4.099016E-2
1.940000E1	1.770424E1	-4.786429E-2
1.943333E1	1.774361E1	-4.158960E-2
1.946667E1	1.777347E1	-3.974333E-2
1.950000E1	1.780472E1	-4.924233E-2
1.953333E1	1.782586E1	-3.741348E-2
1.956667E1	1.784659E1	-5.187100E-2
1.960000E1	1.788160E1	-3.773992E-2
1.963333E1	1.791692E1	-4.226636E-2
1.966667E1	1.794169E1	-4.278196E-2
1.970000E1	1.798890E1	-3.633240E-2
1.973333E1	1.800742E1	-5.306013E-2
1.976667E1	1.805773E1	-6.380624E-2
1.980000E1	1.808716E1	-7.424709E-2
1.983333E1	1.813127E1	-8.262537E-2
1.986667E1	1.821647E1	-9.916234E-2
1.990000E1	1.822988E1	-9.387269E-2
1.993333E1	1.828150E1	-9.657797E-2
1.996667E1	1.832125E1	-1.008081E-1
2.000000E1	1.835738E1	-1.161663E-1
2.003333E1	1.843603E1	-1.780193E-1
2.006667E1	1.844556E1	-1.753196E-1
2.010000E1	1.846760E1	-1.864649E-1
2.013333E1	1.850028E1	-2.193926E-1
2.016667E1	1.851876E1	-2.302889E-1
2.020000E1	1.852185E1	-2.324697E-1
2.023333E1	1.851032E1	-2.278042E-1
2.026667E1	1.849851E1	-2.405067E-1
2.030000E1	1.849199E1	-2.455682E-1
2.033333E1	1.847456E1	-2.676813E-1
2.036667E1	1.847686E1	-3.339438E-1
2.040000E1	1.848868E1	-3.546575E-1
2.043333E1	1.850431E1	-3.670087E-1
2.046667E1	1.851355E1	-3.725796E-1
2.050000E1	1.852213E1	-3.743992E-1
2.053333E1	1.859740E1	-3.825114E-1
2.056667E1	1.861490E1	-3.767113E-1
2.060000E1	1.867544E1	-3.757387E-1
2.063333E1	1.869313E1	-3.717327E-1
2.066667E1	1.876157E1	-3.567341E-1
2.070000E1	1.885097E1	-3.433514E-1
2.073333E1	1.888328E1	-3.489731E-1
2.076667E1	1.894326E1	-3.435585E-1
2.080000E1	1.900530E1	-3.043912E-1
2.083333E1	1.907274E1	-2.712098E-1
2.086667E1	1.917470E1	-2.475843E-1
2.090000E1	1.920234E1	-2.182279E-1
2.093333E1	1.928224E1	-2.034492E-1
2.096667E1	1.932301E1	-1.971381E-1
2.100000E1	1.937887E1	-1.656530E-1
2.103333E1	1.943068E1	-1.276966E-1
2.106667E1	1.944790E1	-1.280199E-1
2.110000E1	1.947865E1	-1.137101E-1
2.113333E1	1.951071E1	-1.138046E-1
2.116667E1	1.953156E1	-1.261812E-1
2.120000E1	1.956882E1	-9.541300E-2
2.123333E1	1.958822E1	-8.209841E-2
2.126667E1	1.962322E1	-5.356209E-2
2.130000E1	1.965632E1	-6.206357E-2
2.133333E1	1.968367E1	-6.086328E-2
2.136667E1	1.973484E1	-5.175917E-2
2.140000E1	1.975323E1	-6.295663E-2
2.143333E1	1.979912E1	-7.049311E-2
2.146667E1	1.982839E1	-7.850119E-2
2.150000E1	1.987253E1	-8.606055E-2
2.153333E1	1.994730E1	-1.054138E-1
2.156667E1	1.996983E1	-9.648693E-2
2.160000E1	2.001005E1	-9.163288E-2
2.163333E1	2.003369E1	-9.598334E-2
2.166667E1	2.008964E1	-1.151496E-1
2.170000E1	2.013844E1	-1.489159E-1
2.173333E1	2.017129E1	-1.687685E-1
2.176667E1	2.021778E1	-1.805306E-1
2.180000E1	2.023949E1	-1.793222E-1
2.183333E1	2.027399E1	-1.810768E-1
2.186667E1	2.030190E1	-2.124890E-1
2.190000E1	2.030529E1	-2.215144E-1
2.193333E1	2.030574E1	-2.360199E-1
2.196667E1	2.030183E1	-2.373075E-1
2.200000E1	2.028329E1	-2.795383E-1
2.203333E1	2.028738E1	-3.114723E-1
2.206667E1	2.030236E1	-3.170519E-1
2.210000E1	2.031883E1	-3.246857E-1
2.213333E1	2.032147E1	-3.140979E-1
2.216667E1	2.036612E1	-3.161448E-1
2.220000E1	2.042075E1	-3.051257E-1
2.223333E1	2.046147E1	-3.069169E-1
2.226667E1	2.053219E1	-3.090451E-1
2.230000E1	2.056209E1	-3.048311E-1
2.233333E1	2.066366E1	-2.988584E-1
2.236667E1	2.072023E1	-2.869915E-1
2.240000E1	2.076204E1	-2.862498E-1
2.243333E1	2.084520E1	-2.670683E-1
2.246667E1	2.089526E1	-2.647450E-1
2.250000E1	2.101710E1	-2.439446E-1
2.253333E1	2.110052E1	-2.048478E-1
2.256667E1	2.117291E1	-1.787329E-1
2.260000E1	2.125078E1	-1.468878E-1
2.263333E1	2.127732E1	-1.281172E-1
2.266667E1	2.139499E1	-1.048151E-1
2.270000E1	2.143218E1	-6.490441E-2
2.273333E1	2.146954E1	-6.151020E-2
2.276667E1	2.152150E1	-4.476142E-2
2.280000E1	2.154479E1	-5.411154E-2
2.283333E1	2.159521E1	-3.181271E-2
2.286667E1	2.160869E1	-6.216470E-3
2.290000E1	2.162067E1	-1.504665E-3
2.293333E1	2.165213E1	1.451760E-2
2.296667E1	2.167349E1	1.201495E-2
2.300000E1	2.171544E1	2.389393E-2
2.303333E1	2.175678E1	2.598165E-2
2.306667E1	2.177897E1	1.546061E-2
2.310000E1	2.181608E1	1.739798E-2
2.313333E1	2.183761E1	7.697659E-3
2.316667E1	2.190796E1	-7.065562E-3
2.320000E1	2.195530E1	-5.294055E-3
2.323333E1	2.199091E1	-1.196476E-2
2.326667E1	2.204531E1	-1.575666E-2
2.330000E1	2.207162E1	-9.491646E-3
2.333333E1	2.212765E1	-4.683460E-2
2.336667E1	2.217576E1	-7.287443E-2
2.340000E1	2.220490E1	-9.580473E-2
2.343333E1	2.224826E1	-1.068748E-1
2.346667E1	2.226243E1	-1.029987E-1
2.350000E1	2.228637E1	-1.302563E-1
2.353333E1	2.229044E1	-1.290143E-1
2.356667E1	2.230936E1	-1.434735E-1
2.360000E1	2.230729E1	-1.522893E-1
2.363333E1	2.230682E1	-1.570254E-1
2.366667E1	2.227392E1	-2.034387E-1
2.370000E1	2.225371E1	-2.375010E-1
2.373333E1	2.225796E1	-2.495394E-1
2.376667E1	2.225854E1	-2.609863E-1
2.380000E1	2.226331E1	-2.817947E-1
2.383333E1	2.230160E1	-2.950183E-1
2.386667E1	2.234915E1	-3.006624E-1
2.390000E1	2.237894E1	-2.986124E-1
2.393333E1	2.244817E1	-2.989084E-1
2.396667E1	2.248017E1	-3.006064E-1
2.400000E1	2.256195E1	-2.917587E-1
2.403333E1	2.258562E1	-2.857467E-1
2.406667E1	2.264455E1	-2.901642E-1
2.410000E1	2.274640E1	-2.715153E-1
2.413333E1	2.278070E1	-2.669003E-1
2.416667E1	2.289481E1	-2.207813E-1
2.420000E1	2.297092E1	-1.970131E-1
2.423333E1	2.301517E1	-1.833589E-1
2.426667E1	2.312318E1	-1.856461E-1
2.430000E1	2.317944E1	-1.653570E-1
2.433333E1	2.326250E1	-1.224127E-1
2.436667E1	2.330959E1	-1.096802E-1
2.440000E1	2.333888E1	-1.163189E-1
2.443333E1	2.341304E1	-1.062223E-1
2.446667E1	2.342938E1	-8.118986E-2
2.450000E1	2.346523E1	-5.501463E-2
2.453333E1	2.349165E1	-5.336792E-2
2.456667E1	2.350468E1	-5.533766E-2
2.460000E1	2.352393E1	-3.687811E-2
2.463333E1	2.354651E1	-4.176859E-2
2.466667E1	2.360665E1	-2.650286E-2
2.470000E1	2.364728E1	-1.517379E-2
2.473333E1	2.366769E1	-6.143955E-3
2.476667E1	2.373126E1	-5.474546E-3
2.480000E1	2.373965E1	-2.638288E-3
2.483333E1	2.382922E1	-1.524493E-2
2.486667E1	2.388280E1	-1.790645E-2
2.490000E1	2.392436E1	-2.187421E-2
2.493333E1	2.398552E1	-2.235895E-2
2.496667E1	2.400442E1	-2.332385E-2
2.500000E1	2.405480E1	-4.507840E-2
2.503333E1	2.410836E1	-7.906443E-2
2.506667E1	2.413977E1	-9.590851E-2
2.510000E1	2.418219E1	-1.034438E-1
2.513333E1	2.420846E1	-1.052978E-1
2.516667E1	2.423209E1	-1.296078E-1
2.520000E1	2.423889E1	-1.519230E-1
2.523333E1	2.422620E1	-1.546726E-1
2.526667E1	2.421484E1	-1.612708E-1
2.530000E1	2.420445E1	-1.651477E-1
2.533333E1	2.417360E1	-1.900419E-1
2.536667E1	2.417787E1	-2.301996E-1
2.540000E1	2.419182E1	-2.387615E-1
2.543333E1	2.420525E1	-2.515387E-1
2.546667E1	2.421354E1	-2.417060E-1
2.550000E1	2.424412E1	-2.408284E-1
2.553333E1	2.429752E1	-2.430783E-1
2.556667E1	2.432333E1	-2.328873E-1
2.560000E1	2.438639E1	-2.285412E-1
2.563333E1	2.442379E1	-2.282240E-1
2.566667E1	2.449993E1	-2.188850E-1
2.570000E1	2.454988E1	-2.161957E-1
2.573333E1	2.458644E1	-2.136522E-1
2.576667E1	2.464818E1	-2.014054E-1
2.580000E1	2.468518E1	-1.895558E-1
2.583333E1	2.480302E1	-1.631722E-1
2.586667E1	2.485533E1	-1.289389E-1
2.590000E1	2.489401E1	-1.174313E-1
2.593333E1	2.499966E1	-1.079964E-1
2.596667E1	2.502572E1	-8.071045E-2
2.600000E1	2.509825E1	-4.499352E-2
2.603333E1	2.510380E1	-4.885218E-2
2.606667E1	2.511635E1	-4.058860E-2
2.610000E1	2.515533E1	-4.197908E-2
2.613333E1	2.516041E1	-4.903486E-2
2.616667E1	2.519841E1	-2.152628E-2
2.620000E1	2.521824E1	-3.383374E-3
2.623333E1	2.522434E1	4.123111E-3
2.626667E1	2.524146E1	1.236462E-2
2.630000E1	2.524289E1	5.613453E-3
2.633333E1	2.526724E1	1.881515E-2
2.636667E1	2.532311E1	3.124293E-2
2.640000E1	2.535915E1	1.854355E-2
2.643333E1	2.540954E1	1.190842E-2
2.646667E1	2.543397E1	6.041648E-3
2.650000E1	2.550163E1	-6.819176E-3
2.653333E1	2.554565E1	-1.076504E-2
2.656667E1	2.558109E1	-1.357656E-2
2.660000E1	2.562425E1	-1.967972E-2
2.663333E1	2.565266E1	-2.289929E-2
2.666667E1	2.570161E1	-4.932286E-2
2.670000E1	2.574199E1	-8.348927E-2
2.673333E1	2.575875E1	-9.123523E-2
2.676667E1	2.580147E1	-1.095241E-1
2.680000E1	2.581155E1	-1.355303E-1
2.683333E1	2.583435E1	-1.474855E-1
2.686667E1	2.585306E1	-1.505465E-1
2.690000E1	2.585898E1	-1.572575E-1
2.693333E1	2.585224E1	-1.624060E-1
2.696667E1	2.584835E1	-1.652680E-1
2.700000E1	2.581936E1	-2.100826E-1
2.703333E1	2.579443E1	-2.293283E-1
2.706667E1	2.579813E1	-2.358879E-1
2.710000E1	2.580499E1	-2.420738E-1
2.713333E1	2.580522E1	-2.367825E-1
2.716667E1	2.584046E1	-2.302864E-1
2.720000E1	2.588387E1	-2.354968E-1
2.723333E1	2.590235E1	-2.316575E-1
2.726667E1	2.597045E1	-2.306927E-1
2.730000E1	2.598461E1	-2.274536E-1
2.733333E1	2.606771E1	-2.151711E-1
2.736667E1	2.611901E1	-2.044224E-1
2.740000E1	2.615732E1	-2.029101E-1
2.743333E1	2.622109E1	-1.900294E-1
2.746667E1	2.624352E1	-1.926965E-1
2.750000E1	2.634975E1	-1.482620E-1
2.753333E1	2.641631E1	-1.225090E-1
2.756667E1	2.645919E1	-1.143804E-1
2.760000E1	2.651831E1	-1.090509E-1
2.763333E1	2.656158E1	-9.321316E-2
2.766667E1	2.661432E1	-5.740215E-2
2.770000E1	2.662750E1	-3.884291E-2
2.773333E1	2.665820E1	-4.408711E-2
2.776667E1	2.668685E1	-4.482624E-2
2.780000E1	2.668685E1	-4.782833E-2
2.783333E1	2.671241E1	-4.094511E-2
2.786667E1	2.673515E1	-4.280549E-2
2.790000E1	2.675366E1	-4.692997E-2
2.793333E1	2.678691E1	-3.463784E-2
2.796667E1	2.680562E1	-1.306023E-2
2.800000E1	2.686136E1	6.815831E-3
2.803333E1	2.689998E1	1.206574E-2
2.806667E1	2.692423E1	7.671015E-3
2.810000E1	2.700224E1	1.285790E-3
2.813333E1	2.702984E1	-6.753015E-3
2.816667E1	2.710663E1	-1.778124E-2
2.820000E1	2.715912E1	-1.783471E-2
2.823333E1	2.719497E1	-1.893423E-2
2.826667E1	2.725692E1	-2.115372E-2
2.830000E1	2.727866E1	-1.963327E-2
2.833333E1	2.735622E1	-4.839191E-2
2.836667E1	2.742768E1	-7.696308E-2
2.840000E1	2.746974E1	-9.252915E-2
2.843333E1	2.754230E1	-1.068364E-1
2.846667E1	2.755561E1	-1.050057E-1
2.850000E1	2.758838E1	-1.087379E-1
2.853333E1	2.760425E1	-1.354287E-1
2.856667E1	2.760958E1	-1.492778E-1
2.860000E1	2.761280E1	-1.642178E-1
2.863333E1	2.761151E1	-1.702598E-1
2.866667E1	2.759179E1	-2.158822E-1
2.870000E1	2.760198E1	-2.463918E-1
2.873333E1	2.761168E1	-2.460407E-1
2.876667E1	2.762740E1	-2.524957E-1
2.880000E1	2.763219E1	-2.432497E-1
2.883333E1	2.768930E1	-2.381871E-1
2.886667E1	2.773359E1	-2.444216E-1
2.890000E1	2.776914E1	-2.383332E-1
2.893333E1	2.782979E1	-2.354265E-1
2.896667E1	2.785371E1	-2.347527E-1
2.900000E1	2.796063E1	-2.222692E-1
2.903333E1	2.801860E1	-2.073592E-1
2.906667E1	2.805804E1	-2.098845E-1
2.910000E1	2.816859E1	-1.701104E-1
2.913333E1	2.818699E1	-1.496530E-1
2.916667E1	2.831320E1	-1.002296E-1
2.920000E1	2.838217E1	-7.027661E-2
2.923333E1	2.841689E1	-6.944214E-2
2.926667E1	2.847694E1	-4.999209E-2
2.930000E1	2.854167E1	-2.775531E-2
2.933333E1	2.859217E1	2.295433E-2
2.936667E1	2.863225E1	2.241403E-2
2.940000E1	2.864426E1	1.563392E-2
2.943333E1	2.866437E1	2.920152E-2
2.946667E1	2.868878E1	2.283995E-2
2.950000E1	2.871346E1	1.989446E-2
2.953333E1	2.871920E1	2.689133E-2
2.956667E1	2.874877E1	2.481643E-2
2.960000E1	2.878168E1	2.250311E-2
2.963333E1	2.877995E1	1.580499E-2
2.966667E1	2.883048E1	2.718993E-2
2.970000E1	2.887683E1	3.254484E-2
2.973333E1	2.891909E1	1.592295E-2
2.976667E1	2.897879E1	1.093140E-2
2.980000E1	2.900887E1	9.433090E-3
2.983333E1	2.911254E1	-1.152869E-2
2.986667E1	2.917833E1	-1.434387E-2
2.990000E1	2.920812E1	-1.724024E-2
2.993333E1	2.928022E1	-1.675924E-2
2.996667E1	2.931639E1	-2.308268E-2
3.000000E1	2.938263E1	-2.788016E-2
3.003333E1	2.947280E1	-7.272795E-2
3.006667E1	2.950509E1	-9.124462E-2
3.010000E1	2.956368E1	-9.948325E-2
3.013333E1	2.960639E1	-1.041778E-1
3.016667E1	2.964710E1	-1.088429E-1
3.020000E1	2.968860E1	-1.447522E-1
3.023333E1	2.969559E1	-1.472140E-1
3.026667E1	2.971425E1	-1.641007E-1
3.030000E1	2.971411E1	-1.755071E-1
3.033333E1	2.970378E1	-2.004539E-1
3.036667E1	2.970271E1	-2.540048E-1
3.040000E1	2.970653E1	-2.776169E-1
3.043333E1	2.974307E1	-2.906084E-1
3.046667E1	2.978531E1	-2.983802E-1
3.050000E1	2.982076E1	-3.015922E-1
3.053333E1	2.990800E1	-3.067430E-1
3.056667E1	2.993180E1	-3.054797E-1
3.060000E1	3.001520E1	-3.003980E-1
3.063333E1	3.005731E1	-2.934231E-1
3.066667E1	3.012021E1	-2.932965E-1
3.070000E1	3.022933E1	-2.800775E-1
3.073333E1	3.024521E1	-2.719248E-1
3.076667E1	3.032704E1	-2.631046E-1
3.080000E1	3.040715E1	-2.456480E-1
3.083333E1	3.047708E1	-2.025585E-1
3.086667E1	3.061365E1	-1.598161E-1
3.090000E1	3.064612E1	-1.491374E-1
3.093333E1	3.071368E1	-1.361455E-1
3.096667E1	3.075711E1	-1.101090E-1
3.100000E1	3.082786E1	-8.701506E-2
3.103333E1	3.088016E1	-5.715128E-2
3.106667E1	3.088128E1	-6.047722E-2
3.110000E1	3.090315E1	-4.040850E-2
3.113333E1	3.093221E1	-4.426940E-2
3.116667E1	3.094069E1	-4.427232E-2
3.120000E1	3.097259E1	-2.908216E-2
3.123333E1	3.099397E1	-8.346502E-3
3.126667E1	3.103098E1	1.611385E-2
3.130000E1	3.106611E1	1.636689E-2
3.133333E1	3.110178E1	2.133461E-2
3.136667E1	3.116392E1	2.455419E-2
3.140000E1	3.117888E1	2.217434E-2
3.143333E1	3.124813E1	1.265699E-2
3.146667E1	3.129934E1	3.319571E-3
3.150000E1	3.136166E1	-1.117869E-2
3.153333E1	3.145557E1	-2.014269E-2
3.156667E1	3.147928E1	-1.411657E-2
3.160000E1	3.156284E1	-1.484499E-2
3.163333E1	3.161513E1	-1.883285E-2
3.166667E1	3.168951E1	-2.539352E-2
3.170000E1	3.178634E1	-6.625492E-2
3.173333E1	3.181601E1	-8.833438E-2
3.176667E1	3.187945E1	-1.043713E-1
3.180000E1	3.191124E1	-1.119353E-1
3.183333E1	3.197192E1	-1.388741E-1
3.186667E1	3.204212E1	-1.480031E-1
3.190000E1	3.207212E1	-1.511848E-1
3.193333E1	3.209337E1	-1.660901E-1
3.196667E1	3.209660E1	-1.737473E-1
3.200000E1	3.208643E1	-2.036855E-1
3.203333E1	3.210035E1	-2.656028E-1
3.206667E1	3.209896E1	-2.818706E-1
3.210000E1	3.212866E1	-2.925007E-1
3.213333E1	3.216603E1	-3.023994E-1
3.216667E1	3.220680E1	-3.000427E-1
3.220000E1	3.227554E1	-3.015760E-1
3.223333E1	3.230526E1	-2.992843E-1
3.226667E1	3.236814E1	-2.999902E-1
3.230000E1	3.241319E1	-2.980358E-1
3.233333E1	3.248218E1	-2.863835E-1
3.236667E1	3.257419E1	-2.704848E-1
3.240000E1	3.259996E1	-2.754941E-1
3.243333E1	3.265243E1	-2.621572E-1
3.246667E1	3.271739E1	-2.366594E-1
3.250000E1	3.278283E1	-1.833804E-1
3.253333E1	3.289447E1	-1.602091E-1
3.256667E1	3.291136E1	-1.340574E-1
3.260000E1	3.298381E1	-1.144821E-1
3.263333E1	3.302669E1	-1.146044E-1
3.266667E1	3.306089E1	-9.115326E-2
3.270000E1	3.309598E1	-5.387419E-2
3.273333E1	3.309954E1	-5.586904E-2
3.276667E1	3.310601E1	-3.768793E-2
3.280000E1	3.309958E1	-3.686666E-2
3.283333E1	3.310299E1	-4.170769E-2
3.286667E1	3.309702E1	-4.643049E-2
3.290000E1	3.309954E1	-4.138976E-2
3.293333E1	3.311650E1	-3.264855E-2
3.296667E1	3.311931E1	-7.105383E-3
3.300000E1	3.314003E1	1.735886E-2
3.303333E1	3.318962E1	3.048635E-2
3.306667E1	3.319721E1	2.077521E-2
3.310000E1	3.322850E1	1.417393E-2
3.313333E1	3.325835E1	7.561766E-3
3.316667E1	3.328145E1	4.599514E-3
3.320000E1	3.338771E1	-1.731858E-2
3.323333E1	3.340630E1	-1.130171E-2
3.326667E1	3.345541E1	-1.564056E-2
3.330000E1	3.348913E1	-2.045225E-2
3.333333E1	3.353800E1	-4.708917E-2
3.336667E1	3.360654E1	-9.328498E-2
3.340000E1	3.362301E1	-1.023073E-1
3.343333E1	3.367017E1	-1.014407E-1
3.346667E1	3.371101E1	-1.019822E-1
3.350000E1	3.374555E1	-1.197524E-1
3.353333E1	3.378203E1	-1.408887E-1
3.356667E1	3.380537E1	-1.481667E-1
3.360000E1	3.381619E1	-1.669831E-1
3.363333E1	3.381562E1	-1.724182E-1
3.366667E1	3.380309E1	-2.024546E-1
3.370000E1	3.381736E1	-2.525792E-1
3.373333E1	3.382500E1	-2.506620E-1
3.376667E1	3.383340E1	-2.611540E-1
3.380000E1	3.384368E1	-2.846970E-1
3.383333E1	3.386258E1	-2.811090E-1
3.386667E1	3.393603E1	-2.938453E-1
3.390000E1	3.396369E1	-2.956079E-1
3.393333E1	3.401839E1	-2.901542E-1
3.396667E1	3.405805E1	-2.966475E-1
3.400000E1	3.409580E1	-2.821808E-1
3.403333E1	3.416439E1	-2.660596E-1
3.406667E1	3.419089E1	-2.709166E-1
3.410000E1	3.424704E1	-2.613620E-1
3.413333E1	3.429475E1	-2.286212E-1
3.416667E1	3.435356E1	-2.054686E-1
3.420000E1	3.444095E1	-1.558295E-1
3.423333E1	3.446456E1	-1.454090E-1
3.426667E1	3.451657E1	-1.159004E-1
3.430000E1	3.456399E1	-1.016543E-1
3.433333E1	3.456892E1	-6.393612E-2
3.436667E1	3.458020E1	-3.690896E-2
3.440000E1	3.459173E1	-3.722153E-2
3.443333E1	3.460672E1	-3.099108E-2
3.446667E1	3.461366E1	-8.784909E-3
3.450000E1	3.461298E1	5.416597E-3
3.453333E1	3.461465E1	2.273306E-2
3.456667E1	3.461482E1	1.619507E-2
3.460000E1	3.462461E1	2.263100E-2
3.463333E1	3.463258E1	2.391144E-2
3.466667E1	3.464898E1	2.825022E-2
3.470000E1	3.470852E1	3.406146E-2
3.473333E1	3.471522E1	2.573360E-2
3.476667E1	3.478201E1	7.989008E-3
3.480000E1	3.481505E1	2.988236E-3
3.483333E1	3.485852E1	-1.303446E-2
3.486667E1	3.492652E1	-1.845809E-2
3.490000E1	3.493925E1	-1.557883E-2
3.493333E1	3.500142E1	-1.976737E-2
3.496667E1	3.503246E1	-3.242707E-2
3.500000E1	3.508527E1	-3.613399E-2
3.503333E1	3.517280E1	-9.365957E-2
3.506667E1	3.520382E1	-1.060050E-1
3.510000E1	3.527344E1	-1.040431E-1
3.513333E1	3.530638E1	-1.109600E-1
3.516667E1	3.535957E1	-1.431726E-1
3.520000E1	3.540412E1	-1.529863E-1
3.523333E1	3.542189E1	-1.542132E-1
3.526667E1	3.543004E1	-1.800009E-1
3.530000E1	3.542200E1	-1.776168E-1
3.533333E1	3.540986E1	-2.044804E-1
3.536667E1	3.541221E1	-2.608888E-1
3.540000E1	3.541855E1	-2.826194E-1
3.543333E1	3.544718E1	-2.955079E-1
3.546667E1	3.548077E1	-3.008387E-1
3.550000E1	3.551947E1	-3.039861E-1
3.553333E1	3.559299E1	-3.056085E-1
3.556667E1	3.562662E1	-3.062661E-1
3.560000E1	3.568300E1	-3.005399E-1
3.563333E1	3.572195E1	-3.018696E-1
3.566667E1	3.575760E1	-2.924079E-1
3.570000E1	3.582891E1	-2.732893E-1
3.573333E1	3.585051E1	-2.759949E-1
3.576667E1	3.589754E1	-2.595182E-1
3.580000E1	3.595374E1	-2.325670E-1
3.583333E1	3.600385E1	-2.122584E-1
3.586667E1	3.609086E1	-1.642603E-1
3.590000E1	3.611908E1	-1.434595E-1
3.593333E1	3.616436E1	-1.182566E-1
3.596667E1	3.621542E1	-1.029657E-1
3.600000E1	3.623840E1	-5.572741E-2
3.603333E1	3.626211E1	-2.646639E-2
3.606667E1	3.626557E1	-1.173194E-2
3.610000E1	3.627256E1	9.339795E-3
3.613333E1	3.627647E1	1.559470E-2
3.616667E1	3.627469E1	1.953953E-2
3.620000E1	3.628199E1	2.883727E-2
3.623333E1	3.628018E1	2.117941E-2
3.626667E1	3.630198E1	1.835216E-2
3.630000E1	3.631192E1	2.987359E-2
3.633333E1	3.636034E1	2.450649E-2
3.636667E1	3.641588E1	3.125683E-2
3.640000E1	3.643303E1	1.701259E-2
3.643333E1	3.648521E1	1.044709E-2
3.646667E1	3.653579E1	3.357794E-3
3.650000E1	3.660791E1	-7.513946E-3
3.653333E1	3.670667E1	-1.584322E-2
3.656667E1	3.672840E1	-1.265760E-2
3.660000E1	3.679562E1	-1.820930E-2
3.663333E1	3.683412E1	-3.449315E-2
3.666667E1	3.689753E1	-3.370829E-2
3.670000E1	3.701137E1	-7.080653E-2
3.673333E1	3.704475E1	-8.555059E-2
3.676667E1	3.713845E1	-1.037304E-1
3.680000E1	3.718171E1	-1.122851E-1
3.683333E1	3.724774E1	-1.478524E-1
3.686667E1	3.734063E1	-1.631198E-1
3.690000E1	3.736020E1	-1.632086E-1
3.693333E1	3.739328E1	-1.657896E-1
3.696667E1	3.743108E1	-1.797915E-1
3.700000E1	3.743504E1	-2.184090E-1
3.703333E1	3.743890E1	-2.656842E-1
3.706667E1	3.745789E1	-2.926083E-1
3.710000E1	3.750613E1	-3.037034E-1
3.713333E1	3.753013E1	-3.089480E-1
3.716667E1	3.755510E1	-3.044222E-1
3.720000E1	3.763467E1	-3.044929E-1
3.723333E1	3.765664E1	-3.033389E-1
3.726667E1	3.772076E1	-3.018826E-1
3.730000E1	3.776596E1	-2.982144E-1
3.733333E1	3.781688E1	-2.928914E-1
3.736667E1	3.787590E1	-2.739690E-1
3.740000E1	3.789014E1	-2.766495E-1
3.743333E1	3.793309E1	-2.640291E-1
3.746667E1	3.799566E1	-2.338001E-1
3.750000E1	3.804642E1	-1.885624E-1
3.753333E1	3.814205E1	-1.505965E-1
3.756667E1	3.816038E1	-1.409000E-1
3.760000E1	3.819446E1	-1.141098E-1
3.763333E1	3.822386E1	-1.090969E-1
3.766667E1	3.825297E1	-9.638758E-2
3.770000E1	3.823996E1	-4.245731E-2
3.773333E1	3.823107E1	-4.447389E-2
3.776667E1	3.824046E1	-3.085855E-2
3.780000E1	3.823170E1	-7.361314E-4
3.783333E1	3.823504E1	8.407714E-3
3.786667E1	3.822212E1	2.437174E-2
3.790000E1	3.822926E1	2.359044E-2
3.793333E1	3.823929E1	2.865283E-2
3.796667E1	3.824396E1	2.494734E-2
3.800000E1	3.827848E1	3.085067E-2
3.803333E1	3.833621E1	3.148177E-2
3.806667E1	3.836592E1	2.530617E-2
3.810000E1	3.842165E1	1.790465E-2
3.813333E1	3.845871E1	4.163123E-3
3.816667E1	3.851013E1	-6.749338E-3
3.820000E1	3.859663E1	-2.059181E-2
3.823333E1	3.861868E1	-1.777267E-2
3.826667E1	3.866893E1	-1.853112E-2
3.830000E1	3.867860E1	-1.705863E-2
3.833333E1	3.879363E1	-5.201374E-2
3.836667E1	3.885824E1	-8.927389E-2
3.840000E1	3.890674E1	-1.006101E-1
3.843333E1	3.902053E1	-9.906424E-2
3.846667E1	3.904543E1	-1.199607E-1
3.850000E1	3.913928E1	-1.513992E-1
3.853333E1	3.920164E1	-1.595855E-1
3.856667E1	3.925105E1	-1.688165E-1
3.860000E1	3.929385E1	-1.715593E-1
3.863333E1	3.931057E1	-1.738262E-1
3.866667E1	3.932202E1	-2.375691E-1
3.870000E1	3.932495E1	-2.630720E-1
3.873333E1	3.933474E1	-2.949066E-1
3.876667E1	3.937071E1	-3.073869E-1
3.880000E1	3.939157E1	-3.107194E-1
3.883333E1	3.944522E1	-3.079007E-1
3.886667E1	3.948786E1	-3.012648E-1
3.890000E1	3.953635E1	-3.063488E-1
3.893333E1	3.957970E1	-3.020410E-1
3.896667E1	3.960634E1	-3.016744E-1
3.900000E1	3.965852E1	-2.821726E-1
3.903333E1	3.969692E1	-2.785463E-1
3.906667E1	3.970343E1	-2.557027E-1
3.910000E1	3.977751E1	-2.222920E-1
3.913333E1	3.980294E1	-2.085842E-1
3.916667E1	3.986564E1	-1.637340E-1
3.920000E1	3.989976E1	-1.364675E-1
3.923333E1	3.990604E1	-1.242601E-1
3.926667E1	3.993427E1	-8.578898E-2
3.930000E1	3.995401E1	-6.257905E-2
3.933333E1	3.995462E1	-1.940716E-2
3.936667E1	3.994086E1	9.993113E-3
3.940000E1	3.993013E1	2.720310E-2
3.943333E1	3.991960E1	4.764515E-2
3.946667E1	3.992254E1	7.223203E-2
3.950000E1	3.991302E1	8.892119E-2
3.953333E1	3.987691E1	9.769614E-2
3.956667E1	3.987524E1	9.769404E-2
3.960000E1	3.987207E1	1.073535E-1
3.963333E1	3.987274E1	1.031345E-1
3.966667E1	3.989250E1	1.070256E-1
3.970000E1	3.990618E1	1.004017E-1
3.973333E1	3.992845E1	1.084390E-1
3.976667E1	3.998058E1	1.230777E-1
3.980000E1	3.999133E1	1.320735E-1
3.983333E1	4.007463E1	1.221778E-1
3.986667E1	4.013199E1	1.180681E-1
3.990000E1	4.015598E1	1.233093E-1
3.993333E1	4.022387E1	1.239598E-1
3.996667E1	4.025278E1	1.225500E-1
4.000000E1	4.031325E1	1.018810E-1
4.003333E1	4.037434E1	6.785093E-2
4.006667E1	4.041754E1	3.049898E-2
4.010000E1	4.048585E1	-1.345070E-3
4.013333E1	4.051493E1	-6.194856E-4
4.016667E1	4.061558E1	-2.098025E-2
4.020000E1	4.065523E1	-2.036080E-2
4.023333E1	4.068883E1	-2.250081E-2
4.026667E1	4.073700E1	-3.064528E-2
4.030000E1	4.073975E1	-4.662497E-2
4.033333E1	4.075442E1	-1.299736E-1
4.036667E1	4.076064E1	-1.713290E-1
4.040000E1	4.077151E1	-1.770681E-1
4.043333E1	4.077059E1	-2.081291E-1
4.046667E1	4.077431E1	-2.259656E-1
4.050000E1	4.080846E1	-2.332841E-1
4.053333E1	4.085097E1	-2.415590E-1
4.056667E1	4.086988E1	-2.335301E-1
4.060000E1	4.091455E1	-2.368042E-1
4.063333E1	4.091490E1	-2.310426E-1
4.066667E1	4.094772E1	-2.137535E-1
4.070000E1	4.098516E1	-2.066660E-1
4.073333E1	4.099728E1	-2.033567E-1
4.076667E1	4.103284E1	-1.746271E-1
4.080000E1	4.104245E1	-1.394067E-1
4.083333E1	4.109123E1	-8.887019E-2
4.086667E1	4.111539E1	-6.294448E-2
4.090000E1	4.112333E1	-4.717620E-2
4.093333E1	4.115846E1	-3.517054E-4
4.096667E1	4.117101E1	1.964845E-2
4.100000E1	4.116349E1	6.201012E-2
4.103333E1	4.115113E1	8.489367E-2
4.106667E1	4.114331E1	8.936859E-2
4.110000E1	4.109734E1	1.028937E-1
4.113333E1	4.109247E1	1.039930E-1
4.116667E1	4.106491E1	1.041493E-1
4.120000E1	4.103890E1	1.067465E-1
4.123333E1	4.103312E1	1.027396E-1
4.126667E1	4.103066E1	1.119322E-1
4.130000E1	4.103473E1	1.331942E-1
4.133333E1	4.104667E1	1.473808E-1
4.136667E1	4.105729E1	1.564743E-1
4.140000E1	4.106700E1	1.497993E-1
4.143333E1	4.110162E1	1.433557E-1
4.146667E1	4.112084E1	1.357924E-1
4.150000E1	4.117565E1	1.271720E-1
4.153333E1	4.122196E1	1.263962E-1
4.156667E1	4.125906E1	1.225177E-1
4.160000E1	4.131356E1	1.219032E-1
4.163333E1	4.133560E1	1.163519E-1
4.166667E1	4.140578E1	8.138531E-2
4.170000E1	4.145789E1	6.028250E-2
4.173333E1	4.149343E1	3.041086E-2
4.176667E1	4.156204E1	1.351022E-3
4.180000E1	4.158954E1	-2.494518E-3
4.183333E1	4.168264E1	-2.651601E-2
4.186667E1	4.173042E1	-2.743537E-2
4.190000E1	4.176465E1	-2.544767E-2
4.193333E1	4.177815E1	-7.345344E-2
4.196667E1	4.178346E1	-9.445281E-2
4.200000E1	4.178241E1	-1.541467E-1
4.203333E1	4.177347E1	-1.815851E-1
4.206667E1	4.178858E1	-2.266583E-1
4.210000E1	4.181304E1	-2.342369E-1
4.213333E1	4.183806E1	-2.372245E-1
4.216667E1	4.189284E1	-2.474010E-1
4.220000E1	4.193145E1	-2.461086E-1
4.223333E1	4.194537E1	-2.328340E-1
4.226667E1	4.199998E1	-2.370609E-1
4.230000E1	4.201007E1	-2.346831E-1
4.233333E1	4.205225E1	-2.094887E-1
4.236667E1	4.207427E1	-2.012985E-1
4.240000E1	4.208556E1	-1.856213E-1
4.243333E1	4.213396E1	-1.808610E-1
4.246667E1	4.215389E1	-1.771315E-1
4.250000E1	4.221738E1	-1.082137E-1
4.253333E1	4.223176E1	-6.423662E-2
4.256667E1	4.225554E1	-4.986925E-2
4.260000E1	4.227494E1	-3.789875E-2
4.263333E1	4.228338E1	-3.133150E-2
4.266667E1	4.226490E1	2.278003E-2
4.270000E1	4.225099E1	3.185524E-2
4.273333E1	4.224496E1	3.961533E-2
4.276667E1	4.222891E1	7.526271E-2
4.280000E1	4.223685E1	8.016027E-2
4.283333E1	4.222346E1	8.347225E-2
4.286667E1	4.219276E1	9.022677E-2
4.290000E1	4.219286E1	8.471119E-2
4.293333E1	4.219093E1	9.043181E-2
4.296667E1	4.219220E1	9.369148E-2
4.300000E1	4.221609E1	1.072371E-1
4.303333E1	4.223850E1	1.042216E-1
4.306667E1	4.227326E1	9.085226E-2
4.310000E1	4.232570E1	8.079552E-2
4.313333E1	4.235045E1	7.686118E-2
4.316667E1	4.242193E1	5.539148E-2
4.320000E1	4.247394E1	5.268869E-2
4.323333E1	4.251420E1	5.275045E-2
4.326667E1	4.258327E1	4.975761E-2
4.330000E1	4.259565E1	4.562278E-2
4.333333E1	4.269347E1	2.431325E-2
4.336667E1	4.277144E1	-1.162977E-3
4.340000E1	4.281222E1	-1.692341E-2
4.343333E1	4.292852E1	-2.930237E-2
4.346667E1	4.294983E1	-4.405180E-2
4.350000E1	4.305044E1	-9.251752E-2
4.353333E1	4.309974E1	-9.355017E-2
4.356667E1	4.315272E1	-1.055176E-1
4.360000E1	4.318395E1	-1.121105E-1
4.363333E1	4.320930E1	-1.510536E-1
4.366667E1	4.323177E1	-2.267248E-1
4.370000E1	4.325370E1	-2.450566E-1
4.373333E1	4.328539E1	-2.618155E-1
4.376667E1	4.333675E1	-2.922058E-1
4.380000E1	4.335902E1	-3.003609E-1
4.383333E1	4.342574E1	-3.103988E-1
4.386667E1	4.347164E1	-3.049028E-1
4.390000E1	4.351053E1	-3.089396E-1
4.393333E1	4.356270E1	-3.038615E-1
4.396667E1	4.358516E1	-3.045654E-1
4.400000E1	4.364913E1	-2.838099E-1
4.403333E1	4.369125E1	-2.706285E-1
4.406667E1	4.371875E1	-2.714895E-1
4.410000E1	4.379120E1	-2.497210E-1
4.413333E1	4.380208E1	-2.203258E-1
4.416667E1	4.389068E1	-1.501696E-1
4.420000E1	4.393087E1	-1.383659E-1
4.423333E1	4.394725E1	-1.298115E-1
4.426667E1	4.399188E1	-8.891369E-2
4.430000E1	4.401011E1	-6.946557E-2
4.433333E1	4.401807E1	-3.444356E-2
4.436667E1	4.400239E1	3.182443E-3
4.440000E1	4.400273E1	1.156181E-2
4.443333E1	4.399951E1	2.609263E-2
4.446667E1	4.399913E1	2.589459E-2
4.450000E1	4.399757E1	3.098493E-2
4.453333E1	4.399867E1	2.880322E-2
4.456667E1	4.399966E1	2.837399E-2
4.460000E1	4.401198E1	2.679859E-2
4.463333E1	4.401699E1	2.328492E-2
4.466667E1	4.407606E1	3.373182E-2
4.470000E1	4.411708E1	3.340373E-2
4.473333E1	4.415228E1	1.845675E-2
4.476667E1	4.422994E1	7.663967E-3
4.480000E1	4.426015E1	7.229059E-3
4.483333E1	4.436693E1	-3.654034E-3
4.486667E1	4.443129E1	-1.785562E-2
4.490000E1	4.448347E1	-1.109680E-2
4.493333E1	4.457658E1	-1.420828E-2
4.496667E1	4.461179E1	-1.779036E-2
4.500000E1	4.471298E1	-5.016953E-2
4.503333E1	4.479467E1	-8.674108E-2
4.506667E1	4.485443E1	-1.050704E-1
4.510000E1	4.497637E1	-9.267731E-2
4.513333E1	4.503331E1	-1.052508E-1
4.516667E1	4.514475E1	-1.264724E-1
4.520000E1	4.521111E1	-1.436093E-1
4.523333E1	4.526806E1	-1.509363E-1
4.526667E1	4.534260E1	-1.707553E-1
4.530000E1	4.536706E1	-1.822911E-1
4.533333E1	4.540480E1	-2.756448E-1
4.536667E1	4.543738E1	-3.003526E-1
4.540000E1	4.548539E1	-3.081176E-1
4.543333E1	4.557376E1	-3.152969E-1
4.546667E1	4.561390E1	-3.210164E-1
4.550000E1	4.568846E1	-3.176310E-1
4.553333E1	4.572252E1	-3.141800E-1
4.556667E1	4.577880E1	-3.022415E-1
4.560000E1	4.585298E1	-3.012249E-1
4.563333E1	4.588678E1	-3.008793E-1
4.566667E1	4.596405E1	-2.816163E-1
4.570000E1	4.601410E1	-2.763513E-1
4.573333E1	4.604423E1	-2.744357E-1
4.576667E1	4.613754E1	-2.269836E-1
4.580000E1	4.616099E1	-2.092391E-1
4.583333E1	4.626981E1	-1.751566E-1
4.586667E1	4.629551E1	-1.396257E-1
4.590000E1	4.631425E1	-1.312588E-1
4.593333E1	4.636527E1	-8.540305E-2
4.596667E1	4.638290E1	-6.623075E-2
4.600000E1	4.639502E1	-1.215881E-2
4.603333E1	4.637414E1	1.186695E-2
4.606667E1	4.637144E1	1.937314E-2
4.610000E1	4.636723E1	3.293688E-2
4.613333E1	4.637175E1	2.465820E-2
4.616667E1	4.636723E1	3.988506E-2
4.620000E1	4.637269E1	6.971400E-2
4.623333E1	4.637753E1	8.063510E-2
4.626667E1	4.638455E1	9.341766E-2
4.630000E1	4.639095E1	9.340041E-2
4.633333E1	4.642853E1	1.140550E-1
4.636667E1	4.647990E1	1.344574E-1
4.640000E1	4.650246E1	1.395791E-1
4.643333E1	4.655958E1	1.380490E-1
4.646667E1	4.657316E1	1.412439E-1
4.650000E1	4.668013E1	1.249463E-1
4.653333E1	4.674338E1	1.266639E-1
4.656667E1	4.679275E1	1.272872E-1
4.660000E1	4.689356E1	1.230233E-1
4.663333E1	4.691835E1	1.234126E-1
4.666667E1	4.697655E1	1.109985E-1
4.670000E1	4.708393E1	9.673891E-2
4.673333E1	4.712264E1	7.286723E-2
4.676667E1	4.722910E1	5.880126E-2
4.680000E1	4.729385E1	4.429083E-2
4.683333E1	4.738450E1	3.483614E-2
4.686667E1	4.750406E1	-3.500516E-4
4.690000E1	4.754399E1	-1.134274E-2
4.693333E1	4.761158E1	-3.208810E-2
4.696667E1	4.763957E1	-5.965478E-2
4.700000E1	4.765785E1	-1.156511E-1
4.703333E1	4.772166E1	-1.721783E-1
4.706667E1	4.776996E1	-1.754668E-1
4.710000E1	4.783410E1	-1.729395E-1
4.713333E1	4.784391E1	-1.851666E-1
4.716667E1	4.789339E1	-2.073154E-1
4.720000E1	4.796504E1	-2.228393E-1
4.723333E1	4.798794E1	-2.323794E-1
4.726667E1	4.804437E1	-2.307365E-1
4.730000E1	4.807932E1	-2.336254E-1
4.733333E1	4.810335E1	-2.138980E-1
4.736667E1	4.817250E1	-1.931589E-1
4.740000E1	4.819065E1	-1.950030E-1
4.743333E1	4.824494E1	-1.702178E-1
4.746667E1	4.827435E1	-1.321923E-1
4.750000E1	4.829937E1	-1.092718E-1
4.753333E1	4.836849E1	-9.454631E-2
4.756667E1	4.835610E1	-7.030251E-2
4.760000E1	4.836474E1	-4.524000E-2
4.763333E1	4.835973E1	-3.405063E-2
4.766667E1	4.833695E1	1.404758E-2
4.770000E1	4.831788E1	5.454677E-2
4.773333E1	4.831731E1	7.604042E-2
4.776667E1	4.829565E1	9.271658E-2
4.780000E1	4.826126E1	9.074910E-2
4.783333E1	4.824999E1	1.035021E-1
4.786667E1	4.822671E1	1.197101E-1
4.790000E1	4.824351E1	1.322114E-1
4.793333E1	4.824851E1	1.486883E-1
4.796667E1	4.825391E1	1.542890E-1
4.800000E1	4.826694E1	1.706745E-1
4.803333E1	4.829686E1	1.665406E-1
4.806667E1	4.829500E1	1.632976E-1
4.810000E1	4.834528E1	1.566648E-1
4.813333E1	4.838588E1	1.462809E-1
4.816667E1	4.845101E1	1.454385E-1
4.820000E1	4.854090E1	1.331055E-1
4.823333E1	4.856781E1	1.387089E-1
4.826667E1	4.863782E1	1.314222E-1
4.830000E1	4.868148E1	1.275630E-1
4.833333E1	4.875364E1	1.150228E-1
4.836667E1	4.885748E1	8.792731E-2
4.840000E1	4.888717E1	7.913057E-2
4.843333E1	4.898699E1	5.983245E-2
4.846667E1	4.904049E1	4.314134E-2
4.850000E1	4.911016E1	3.084051E-2
4.853333E1	4.923116E1	-2.236824E-2
4.856667E1	4.924480E1	-1.036814E-2
4.860000E1	4.931663E1	-2.594714E-2
4.863333E1	4.934335E1	-5.209368E-2
4.866667E1	4.937985E1	-1.042761E-1
4.870000E1	4.941280E1	-1.488696E-1
4.873333E1	4.943216E1	-1.557749E-1
4.876667E1	4.945234E1	-1.712541E-1
4.880000E1	4.946154E1	-1.664344E-1
4.883333E1	4.950441E1	-1.699039E-1
4.886667E1	4.954612E1	-1.674359E-1
4.890000E1	4.956887E1	-1.664476E-1
4.893333E1	4.958728E1	-1.648964E-1
4.896667E1	4.960210E1	-1.505116E-1
4.900000E1	4.963424E1	-1.424162E-1
4.903333E1	4.966130E1	-1.319364E-1
4.906667E1	4.965616E1	-1.319963E-1
4.910000E1	4.965788E1	-1.256876E-1
4.913333E1	4.965092E1	-1.239373E-1
4.916667E1	4.965694E1	-1.156683E-1
4.920000E1	4.966647E1	-8.815417E-2
4.923333E1	4.965270E1	-5.660791E-2
4.926667E1	4.964919E1	-3.083437E-2
4.930000E1	4.963759E1	5.462729E-3
4.933333E1	4.961237E1	2.275616E-2
4.936667E1	4.956587E1	3.993184E-2
4.940000E1	4.954707E1	7.491009E-2
4.943333E1	4.949579E1	8.850469E-2
4.946667E1	4.946856E1	9.501148E-2
4.950000E1	4.943706E1	1.081894E-1
4.953333E1	4.937317E1	1.172271E-1
4.956667E1	4.933885E1	1.303228E-1
4.960000E1	4.932629E1	1.474296E-1
4.963333E1	4.932791E1	1.570829E-1
4.966667E1	4.933087E1	1.612605E-1
4.970000E1	4.934735E1	1.757570E-1
4.973333E1	4.935042E1	1.653717E-1
4.976667E1	4.936427E1	1.612507E-1
4.980000E1	4.937450E1	1.508360E-1
4.983333E1	4.940234E1	1.456244E-1
4.986667E1	4.944421E1	1.299884E-1
4.990000E1	4.944996E1	1.353132E-1
4.993333E1	4.947253E1	1.325349E-1
4.996667E1	4.949713E1	1.280265E-1
5.000000E1	4.952463E1	1.161206E-1
5.003333E1	4.956968E1	9.422081E-2
5.006667E1	4.958181E1	7.174469E-2
5.010000E1	4.963791E1	4.387246E-2
5.013333E1	4.966444E1	3.721968E-2
5.016667E1	4.969619E1	3.179852E-2
5.020000E1	4.974000E1	-1.669845E-2
5.023333E1	4.973375E1	-1.629075E-2
5.026667E1	4.972235E1	-5.490887E-2
5.030000E1	4.972361E1	-9.049867E-2
5.033333E1	4.970451E1	-1.301510E-1
5.036667E1	4.970799E1	-1.674124E-1
5.040000E1	4.971151E1	-1.683537E-1
5.043333E1	4.971297E1	-1.717476E-1
5.046667E1	4.971456E1	-1.692413E-1
5.050000E1	4.971307E1	-1.625450E-1
5.053333E1	4.971182E1	-1.615536E-1
5.056667E1	4.971266E1	-1.576778E-1
5.060000E1	4.971085E1	-1.552660E-1
5.063333E1	4.971045E1	-1.514359E-1
5.066667E1	4.970659E1	-1.420610E-1
5.070000E1	4.969571E1	-1.220659E-1
5.073333E1	4.969565E1	-1.195397E-1
5.076667E1	4.969735E1	-9.552986E-2
5.080000E1	4.969413E1	-5.363983E-2
5.083333E1	4.970036E1	-3.302734E-2
5.086667E1	4.967276E1	2.262360E-2
5.090000E1	4.968137E1	2.729492E-2
5.093333E1	4.964135E1	4.713064E-2
5.096667E1	4.960473E1	9.032207E-2
5.100000E1	4.954236E1	1.196469E-1
5.103333E1	4.943541E1	1.595603E-1
5.106667E1	4.939919E1	1.640931E-1
5.110000E1	4.929266E1	1.629860E-1
5.113333E1	4.925076E1	1.720828E-1
5.116667E1	4.916458E1	1.793277E-1
5.120000E1	4.908762E1	1.739565E-1
5.123333E1	4.905038E1	1.698730E-1
5.126667E1	4.900671E1	1.664557E-1
5.130000E1	4.897465E1	1.710249E-1
5.133333E1	4.896527E1	1.737617E-1
5.136667E1	4.896585E1	1.756537E-1
5.140000E1	4.897393E1	1.653644E-1
5.143333E1	4.898246E1	1.593122E-1
5.146667E1	4.898643E1	1.539278E-1
5.150000E1	4.899191E1	1.498462E-1
5.153333E1	4.901327E1	1.402887E-1
5.156667E1	4.901060E1	1.402519E-1
5.160000E1	4.902155E1	1.291643E-1
5.163333E1	4.905832E1	1.261197E-1
5.166667E1	4.908104E1	1.230123E-1
5.170000E1	4.912042E1	1.028653E-1
5.173333E1	4.913980E1	8.344793E-2
5.176667E1	4.920911E1	4.847709E-2
5.180000E1	4.924481E1	4.293883E-2
5.183333E1	4.928123E1	2.041545E-2
5.186667E1	4.935260E1	-1.412974E-2
5.190000E1	4.936500E1	-2.139697E-2
5.193333E1	4.936351E1	-5.334196E-2
5.196667E1	4.936529E1	-9.653017E-2
5.200000E1	4.935763E1	-1.493810E-1
5.203333E1	4.934875E1	-2.058345E-1
5.206667E1	4.935411E1	-2.192149E-1
5.210000E1	4.935270E1	-2.369333E-1
5.213333E1	4.935378E1	-2.388179E-1
5.216667E1	4.935034E1	-2.391503E-1
5.220000E1	4.935244E1	-2.407946E-1
5.223333E1	4.935329E1	-2.356688E-1
5.226667E1	4.935316E1	-2.323300E-1
5.230000E1	4.935178E1	-2.276543E-1
5.233333E1	4.934792E1	-2.187883E-1
5.236667E1	4.934582E1	-2.025047E-1
5.240000E1	4.934237E1	-1.949122E-1
5.243333E1	4.934607E1	-1.739890E-1
5.246667E1	4.934101E1	-1.328008E-1
5.250000E1	4.934205E1	-1.062434E-1
5.253333E1	4.932782E1	-5.823005E-2
5.256667E1	4.932874E1	-5.016038E-2
5.260000E1	4.931076E1	-2.282270E-2
5.263333E1	4.927693E1	2.349574E-2
5.266667E1	4.922129E1	4.059114E-2
5.270000E1	4.912136E1	9.031060E-2
5.273333E1	4.909389E1	9.564307E-2
5.276667E1	4.902905E1	1.022855E-1
5.280000E1	4.901452E1	9.829776E-2
5.283333E1	4.895527E1	9.256535E-2
5.286667E1	4.889769E1	1.024325E-1
5.290000E1	4.888609E1	9.226718E-2
5.293333E1	4.886633E1	9.732803E-2
5.296667E1	4.884093E1	9.862772E-2
5.300000E1	4.883330E1	1.042790E-1
5.303333E1	4.884978E1	1.107578E-1
5.306667E1	4.884996E1	1.219607E-1
5.310000E1	4.886515E1	1.282699E-1
5.313333E1	4.886649E1	1.322090E-1
5.316667E1	4.888320E1	1.212567E-1
5.320000E1	4.895396E1	1.261278E-1
5.323333E1	4.897947E1	1.276080E-1
5.326667E1	4.901005E1	1.148755E-1
5.330000E1	4.903086E1	1.199333E-1
5.333333E1	4.908275E1	1.093138E-1
5.336667E1	4.912932E1	7.924639E-2
5.340000E1	4.915519E1	5.990491E-2
5.343333E1	4.922237E1	5.554156E-2
5.346667E1	4.925912E1	4.326838E-2
5.350000E1	4.931176E1	4.648815E-2
5.353333E1	4.935968E1	2.804528E-2
5.356667E1	4.935877E1	7.487111E-3
5.360000E1	4.937674E1	-1.214124E-2
