	masse A		
t	x	y	
0.000000E0	-7.044494E-3	5.829519E-3
3.333333E-2	-9.067221E-3	5.193758E-3
6.666667E-2	-9.113524E-3	5.356676E-3
1.000000E-1	-1.042326E-2	8.023024E-3
1.333333E-1	-1.009230E-2	5.501553E-3
1.666667E-1	-3.000002E-2	4.507615E-3
2.000000E-1	-8.708488E-2	-4.218863E-3
2.333333E-1	-1.292634E-1	-8.734380E-3
2.666667E-1	-2.297780E-1	-5.396999E-3
3.000000E-1	-2.567968E-1	-9.486275E-4
3.333333E-1	-3.715686E-1	-1.693713E-2
3.666667E-1	-5.041586E-1	-3.740142E-2
4.000000E-1	-5.777806E-1	-7.059450E-2
4.333333E-1	-6.663606E-1	-9.462553E-2
4.666667E-1	-7.214467E-1	-1.072751E-1
5.000000E-1	-7.701827E-1	-1.395002E-1
5.333333E-1	-7.854648E-1	-1.410930E-1
5.666667E-1	-7.781656E-1	-1.419030E-1
6.000000E-1	-7.522737E-1	-1.343414E-1
6.333333E-1	-7.268080E-1	-1.406659E-1
6.666667E-1	-6.228943E-1	-1.367311E-1
7.000000E-1	-5.618056E-1	-1.327927E-1
7.333333E-1	-4.980880E-1	-1.295421E-1
7.666667E-1	-3.811715E-1	-1.181666E-1
8.000000E-1	-3.345983E-1	-1.191863E-1
8.333333E-1	-1.760202E-1	-7.968156E-2
8.666667E-1	-5.556097E-2	-4.994978E-2
9.000000E-1	7.521830E-3	-4.399783E-2
9.333333E-1	1.347464E-1	-4.762402E-2
9.666667E-1	1.860812E-1	-3.410130E-2
1.000000E0	3.936221E-1	-1.534049E-2
1.033333E0	5.205626E-1	3.402164E-4
1.066667E0	5.939701E-1	2.417442E-4
1.100000E0	7.107209E-1	7.231010E-3
1.133333E0	7.559954E-1	8.959967E-3
1.166667E0	9.152352E-1	6.050428E-3
1.200000E0	9.991281E-1	5.918134E-3
1.233333E0	1.049327E0	1.091226E-2
1.266667E0	1.140196E0	9.161769E-3
1.300000E0	1.159820E0	7.099293E-3
1.333333E0	1.220093E0	9.517873E-3
1.366667E0	1.259683E0	6.946842E-3
1.400000E0	1.290473E0	8.151291E-3
1.433333E0	1.321382E0	7.347924E-3
1.466667E0	1.322715E0	8.908242E-3
1.500000E0	1.353684E0	7.448386E-3
1.533333E0	1.381171E0	-2.013472E-3
1.566667E0	1.385311E0	-3.298170E-3
1.600000E0	1.397691E0	-4.728787E-3
1.633333E0	1.422696E0	-5.423951E-3
1.666667E0	1.429746E0	-1.436602E-2
1.700000E0	1.425158E0	-1.565480E-2
1.733333E0	1.410505E0	-1.664996E-2
1.766667E0	1.371468E0	-2.815439E-2
1.800000E0	1.345336E0	-2.002971E-2
1.833333E0	1.269678E0	-2.413049E-2
1.866667E0	1.208635E0	-2.839278E-2
1.900000E0	1.184173E0	-8.583181E-3
1.933333E0	1.094733E0	-1.906288E-2
1.966667E0	1.040115E0	-1.139652E-2
2.000000E0	9.478515E-1	-2.963518E-2
2.033333E0	7.939231E-1	-5.940451E-2
2.066667E0	7.734584E-1	-6.675634E-2
2.100000E0	7.247946E-1	-9.372232E-2
2.133333E0	6.492377E-1	-1.187303E-1
2.166667E0	6.351366E-1	-1.388258E-1
2.200000E0	6.385055E-1	-1.560865E-1
2.233333E0	6.451399E-1	-1.565220E-1
2.266667E0	6.625171E-1	-1.606403E-1
2.300000E0	6.672353E-1	-1.554847E-1
2.333333E0	7.062257E-1	-1.562810E-1
2.366667E0	7.876628E-1	-1.498227E-1
2.400000E0	8.159495E-1	-1.476747E-1
2.433333E0	9.005739E-1	-1.268062E-1
2.466667E0	9.487141E-1	-1.277262E-1
2.500000E0	1.018643E0	-1.187619E-1
2.533333E0	1.139131E0	-1.122007E-1
2.566667E0	1.184645E0	-1.123769E-1
2.600000E0	1.338683E0	-1.162189E-1
2.633333E0	1.413106E0	-1.055639E-1
2.666667E0	1.575837E0	-9.870254E-2
2.700000E0	1.739969E0	-4.481911E-2
2.733333E0	1.770435E0	-3.889495E-2
2.766667E0	1.908731E0	-4.549614E-2
2.800000E0	1.996153E0	-4.054012E-2
2.833333E0	2.103209E0	-4.871548E-2
2.866667E0	2.225815E0	-4.239153E-2
2.900000E0	2.255822E0	-5.340043E-2
2.933333E0	2.321447E0	-4.919628E-2
2.966667E0	2.347724E0	-4.021851E-2
3.000000E0	2.397809E0	-4.425987E-2
3.033333E0	2.428150E0	-3.839946E-2
3.066667E0	2.450638E0	-4.497774E-2
3.100000E0	2.480375E0	-4.799340E-2
3.133333E0	2.511989E0	-5.539571E-2
3.166667E0	2.536718E0	-6.430915E-2
3.200000E0	2.568897E0	-7.129068E-2
3.233333E0	2.581871E0	-7.093991E-2
3.266667E0	2.603131E0	-7.977173E-2
3.300000E0	2.606133E0	-8.103647E-2
3.333333E0	2.608044E0	-8.230604E-2
3.366667E0	2.595134E0	-9.463571E-2
3.400000E0	2.585749E0	-9.274869E-2
3.433333E0	2.564853E0	-9.646537E-2
3.466667E0	2.535075E0	-1.246623E-1
3.500000E0	2.471332E0	-1.527610E-1
3.533333E0	2.381603E0	-1.668558E-1
3.566667E0	2.344020E0	-1.626069E-1
3.600000E0	2.279022E0	-1.652251E-1
3.633333E0	2.207988E0	-1.769261E-1
3.666667E0	2.132979E0	-2.167822E-1
3.700000E0	2.007161E0	-2.795375E-1
3.733333E0	1.991778E0	-2.963060E-1
3.766667E0	1.920682E0	-3.271198E-1
3.800000E0	1.902860E0	-3.563215E-1
3.833333E0	1.911493E0	-3.638402E-1
3.866667E0	1.934647E0	-3.726175E-1
3.900000E0	1.940718E0	-3.708059E-1
3.933333E0	1.966645E0	-3.722485E-1
3.966667E0	1.991673E0	-3.701486E-1
4.000000E0	2.049272E0	-3.630563E-1
4.033333E0	2.149673E0	-3.575384E-1
4.066667E0	2.181176E0	-3.556797E-1
4.100000E0	2.264086E0	-3.369161E-1
4.133333E0	2.312184E0	-3.327354E-1
4.166667E0	2.412685E0	-2.988002E-1
4.200000E0	2.573316E0	-2.427778E-1
4.233333E0	2.608997E0	-2.246645E-1
4.266667E0	2.731933E0	-2.023787E-1
4.300000E0	2.851200E0	-1.724445E-1
4.333333E0	2.969517E0	-1.275744E-1
4.366667E0	3.152857E0	-8.125916E-2
4.400000E0	3.190546E0	-7.139885E-2
4.433333E0	3.309534E0	-5.609752E-2
4.466667E0	3.389775E0	-3.945883E-2
4.500000E0	3.477223E0	-5.263805E-2
4.533333E0	3.602297E0	-4.535496E-2
4.566667E0	3.619990E0	-5.202783E-2
4.600000E0	3.698964E0	-5.271365E-2
4.633333E0	3.722287E0	-4.636153E-2
4.666667E0	3.766047E0	-4.699928E-2
4.700000E0	3.815757E0	-3.727527E-2
4.733333E0	3.829277E0	-4.866481E-2
4.766667E0	3.861931E0	-4.792322E-2
4.800000E0	3.886538E0	-5.156822E-2
4.833333E0	3.905696E0	-5.974775E-2
4.866667E0	3.937327E0	-7.325641E-2
4.900000E0	3.954891E0	-7.363558E-2
4.933333E0	3.977392E0	-7.862622E-2
4.966667E0	3.983432E0	-7.842709E-2
5.000000E0	3.989131E0	-8.069126E-2
5.033333E0	4.003275E0	-8.898166E-2
5.066667E0	4.003717E0	-8.961720E-2
5.100000E0	3.989687E0	-8.934006E-2
5.133333E0	3.967876E0	-1.055229E-1
5.166667E0	3.925560E0	-1.241138E-1
5.200000E0	3.855595E0	-1.474702E-1
5.233333E0	3.824411E0	-1.508593E-1
5.266667E0	3.721758E0	-1.528782E-1
5.300000E0	3.668156E0	-1.555551E-1
5.333333E0	3.583946E0	-1.660224E-1
5.366667E0	3.451665E0	-2.243725E-1
5.400000E0	3.431851E0	-2.341639E-1
5.433333E0	3.366284E0	-2.587835E-1
5.466667E0	3.341523E0	-2.852516E-1
5.500000E0	3.340625E0	-2.988126E-1
5.533333E0	3.340685E0	-3.076179E-1
5.566667E0	3.333868E0	-2.984783E-1
5.600000E0	3.359819E0	-2.954222E-1
5.633333E0	3.395787E0	-2.947239E-1
5.666667E0	3.442161E0	-2.917511E-1
5.700000E0	3.532831E0	-2.829609E-1
5.733333E0	3.555471E0	-2.803464E-1
5.766667E0	3.640921E0	-2.631374E-1
5.800000E0	3.691768E0	-2.597097E-1
5.833333E0	3.759550E0	-2.513215E-1
5.866667E0	3.897979E0	-2.105010E-1
5.900000E0	3.936749E0	-1.941084E-1
5.933333E0	4.071687E0	-1.827932E-1
5.966667E0	4.188568E0	-1.706084E-1
6.000000E0	4.295003E0	-1.324351E-1
6.033333E0	4.460754E0	-1.124661E-1
6.066667E0	4.509890E0	-1.084997E-1
6.100000E0	4.648917E0	-1.162420E-1
6.133333E0	4.718599E0	-1.078446E-1
6.166667E0	4.829397E0	-1.201533E-1
6.200000E0	4.943527E0	-1.210360E-1
6.233333E0	4.976802E0	-1.259863E-1
6.266667E0	5.046276E0	-1.272675E-1
6.300000E0	5.085893E0	-1.246603E-1
6.333333E0	5.124585E0	-1.252879E-1
6.366667E0	5.164675E0	-1.165181E-1
6.400000E0	5.186252E0	-1.203634E-1
6.433333E0	5.209700E0	-1.253482E-1
6.466667E0	5.210380E0	-1.276095E-1
6.500000E0	5.214069E0	-1.371480E-1
6.533333E0	5.258417E0	-1.477154E-1
6.566667E0	5.259382E0	-1.489182E-1
6.600000E0	5.267609E0	-1.525714E-1
6.633333E0	5.264160E0	-1.506674E-1
6.666667E0	5.261213E0	-1.542003E-1
6.700000E0	5.252098E0	-1.640578E-1
6.733333E0	5.242861E0	-1.614084E-1
6.766667E0	5.223476E0	-1.531510E-1
6.800000E0	5.208186E0	-1.647790E-1
6.833333E0	5.146895E0	-1.565072E-1
6.866667E0	5.072258E0	-1.564784E-1
6.900000E0	5.039487E0	-1.566031E-1
6.933333E0	4.935255E0	-1.469923E-1
6.966667E0	4.885792E0	-1.524693E-1
7.000000E0	4.798115E0	-1.630527E-1
7.033333E0	4.669400E0	-2.243646E-1
7.066667E0	4.647116E0	-2.294841E-1
7.100000E0	4.554762E0	-2.711218E-1
7.133333E0	4.528983E0	-2.827506E-1
7.166667E0	4.517010E0	-2.906147E-1
7.200000E0	4.526829E0	-2.993587E-1
7.233333E0	4.535130E0	-2.976525E-1
7.266667E0	4.562459E0	-3.003694E-1
7.300000E0	4.584565E0	-2.922179E-1
7.333333E0	4.637453E0	-2.964336E-1
7.366667E0	4.723214E0	-2.807187E-1
7.400000E0	4.755118E0	-2.810255E-1
7.433333E0	4.836129E0	-2.712841E-1
7.466667E0	4.868543E0	-2.567839E-1
7.500000E0	4.938882E0	-2.489310E-1
7.533333E0	5.080101E0	-2.108864E-1
7.566667E0	5.122271E0	-1.990462E-1
7.600000E0	5.234119E0	-1.774558E-1
7.633333E0	5.311111E0	-1.665921E-1
7.666667E0	5.431937E0	-1.253892E-1
7.700000E0	5.600902E0	-9.870516E-2
7.733333E0	5.638705E0	-8.560078E-2
7.766667E0	5.737534E0	-6.275377E-2
7.800000E0	5.794482E0	-5.747912E-2
7.833333E0	5.893557E0	-5.251752E-2
7.866667E0	5.994265E0	-4.878995E-2
7.900000E0	6.008965E0	-4.732775E-2
7.933333E0	6.071052E0	-5.902953E-2
7.966667E0	6.083052E0	-5.205564E-2
8.000000E0	6.122255E0	-5.061109E-2
8.033333E0	6.135089E0	-4.724360E-2
8.066667E0	6.134270E0	-4.998941E-2
8.100000E0	6.138000E0	-4.829934E-2
8.133333E0	6.132879E0	-4.941944E-2
8.166667E0	6.127658E0	-5.870835E-2
8.200000E0	6.134887E0	-6.974086E-2
8.233333E0	6.126699E0	-7.013273E-2
8.266667E0	6.124354E0	-7.091041E-2
8.300000E0	6.119747E0	-7.171674E-2
8.333333E0	6.111503E0	-7.789548E-2
8.366667E0	6.093153E0	-8.855251E-2
8.400000E0	6.092392E0	-8.619738E-2
8.433333E0	6.062002E0	-9.782786E-2
8.466667E0	6.018914E0	-9.747921E-2
8.500000E0	5.974228E0	-1.011805E-1
8.533333E0	5.873637E0	-1.075497E-1
8.566667E0	5.837658E0	-1.328791E-1
8.600000E0	5.722175E0	-1.454044E-1
8.633333E0	5.676595E0	-1.558959E-1
8.666667E0	5.588860E0	-1.681117E-1
8.700000E0	5.460646E0	-2.249822E-1
8.733333E0	5.447512E0	-2.254919E-1
8.766667E0	5.348084E0	-2.689072E-1
8.800000E0	5.320764E0	-2.876610E-1
8.833333E0	5.313360E0	-2.935355E-1
8.866667E0	5.324264E0	-3.016375E-1
8.900000E0	5.327386E0	-3.011264E-1
8.933333E0	5.350923E0	-3.075779E-1
8.966667E0	5.373274E0	-3.035862E-1
9.000000E0	5.444105E0	-2.981039E-1
9.033333E0	5.526696E0	-2.851432E-1
9.066667E0	5.564344E0	-2.859944E-1
9.100000E0	5.644166E0	-2.758107E-1
9.133333E0	5.678762E0	-2.647878E-1
9.166667E0	5.763870E0	-2.560752E-1
9.200000E0	5.896059E0	-2.187660E-1
9.233333E0	5.934670E0	-1.975162E-1
9.266667E0	6.070174E0	-1.892820E-1
9.300000E0	6.173558E0	-1.536217E-1
9.333333E0	6.301693E0	-1.200539E-1
9.366667E0	6.494115E0	-9.732022E-2
9.400000E0	6.531326E0	-6.918572E-2
9.433333E0	6.652521E0	-6.385107E-2
9.466667E0	6.737720E0	-4.385959E-2
9.500000E0	6.831138E0	-4.872634E-2
9.533333E0	6.966746E0	-4.674799E-2
9.566667E0	7.010174E0	-6.103992E-2
9.600000E0	7.094805E0	-5.759558E-2
9.633333E0	7.149897E0	-6.127211E-2
9.666667E0	7.195302E0	-5.975158E-2
9.700000E0	7.276329E0	-5.571953E-2
9.733333E0	7.291806E0	-5.733086E-2
9.766667E0	7.333050E0	-5.697220E-2
9.800000E0	7.353516E0	-5.914114E-2
9.833333E0	7.405571E0	-6.265048E-2
9.866667E0	7.480152E0	-7.627288E-2
9.900000E0	7.499749E0	-7.465150E-2
9.933333E0	7.547837E0	-7.940612E-2
9.966667E0	7.579852E0	-8.276982E-2
1.000000E1	7.595805E0	-8.143528E-2
1.003333E1	7.638616E0	-9.527056E-2
1.006667E1	7.634534E0	-8.929140E-2
1.010000E1	7.639854E0	-1.066249E-1
1.013333E1	7.638696E0	-1.427836E-1
1.016667E1	7.628519E0	-1.541927E-1
1.020000E1	7.615802E0	-1.574876E-1
1.023333E1	7.607114E0	-1.577913E-1
1.026667E1	7.569448E0	-1.729950E-1
1.030000E1	7.542043E0	-1.605763E-1
1.033333E1	7.471936E0	-1.772242E-1
1.036667E1	7.421964E0	-2.411321E-1
1.040000E1	7.385614E0	-2.594396E-1
1.043333E1	7.368497E0	-3.074473E-1
1.046667E1	7.352229E0	-3.098792E-1
1.050000E1	7.350137E0	-3.329523E-1
1.053333E1	7.369690E0	-3.621516E-1
1.056667E1	7.391887E0	-3.664272E-1
1.060000E1	7.476980E0	-3.755137E-1
1.063333E1	7.502790E0	-3.770212E-1
1.066667E1	7.607375E0	-3.774383E-1
1.070000E1	7.689602E0	-3.715354E-1
1.073333E1	7.769460E0	-3.622634E-1
1.076667E1	7.901724E0	-3.494229E-1
1.080000E1	7.933695E0	-3.524042E-1
1.083333E1	8.078995E0	-3.284520E-1
1.086667E1	8.198376E0	-3.168160E-1
1.090000E1	8.233496E0	-3.135966E-1
1.093333E1	8.409659E0	-2.714781E-1
1.096667E1	8.495170E0	-2.562110E-1
1.100000E1	8.744475E0	-2.086955E-1
1.103333E1	8.902263E0	-1.884467E-1
1.106667E1	8.946555E0	-1.965429E-1
1.110000E1	9.122074E0	-1.885782E-1
1.113333E1	9.202389E0	-1.855318E-1
1.116667E1	9.408981E0	-1.578640E-1
1.120000E1	9.554627E0	-1.350330E-1
1.123333E1	9.645984E0	-1.374088E-1
1.126667E1	9.768245E0	-1.319430E-1
1.130000E1	9.805891E0	-1.389605E-1
1.133333E1	9.913278E0	-1.258720E-1
1.136667E1	9.986161E0	-1.224631E-1
1.140000E1	1.004569E1	-1.293280E-1
1.143333E1	1.014044E1	-1.284608E-1
1.146667E1	1.017430E1	-1.296705E-1
1.150000E1	1.028057E1	-1.281738E-1
1.153333E1	1.036122E1	-1.387287E-1
1.156667E1	1.041220E1	-1.436247E-1
1.160000E1	1.050990E1	-1.453863E-1
1.163333E1	1.053750E1	-1.482237E-1
1.166667E1	1.062830E1	-1.496134E-1
1.170000E1	1.067419E1	-1.526681E-1
1.173333E1	1.070514E1	-1.556272E-1
1.176667E1	1.078051E1	-1.578737E-1
1.180000E1	1.079561E1	-1.576267E-1
1.183333E1	1.081942E1	-1.743195E-1
1.186667E1	1.082264E1	-2.185885E-1
1.190000E1	1.081336E1	-2.195081E-1
1.193333E1	1.080210E1	-2.298143E-1
1.196667E1	1.079861E1	-2.239158E-1
1.200000E1	1.078390E1	-2.326430E-1
1.203333E1	1.076819E1	-2.574817E-1
1.206667E1	1.077634E1	-2.872780E-1
1.210000E1	1.078516E1	-3.123012E-1
1.213333E1	1.079254E1	-3.106072E-1
1.216667E1	1.080339E1	-3.460381E-1
1.220000E1	1.083533E1	-3.601632E-1
1.223333E1	1.090512E1	-3.644545E-1
1.226667E1	1.099310E1	-3.735570E-1
1.230000E1	1.103433E1	-3.725556E-1
1.233333E1	1.115003E1	-3.774203E-1
1.236667E1	1.125442E1	-3.669998E-1
1.240000E1	1.130445E1	-3.567443E-1
1.243333E1	1.142950E1	-3.512698E-1
1.246667E1	1.147349E1	-3.530301E-1
1.250000E1	1.162772E1	-3.271092E-1
1.253333E1	1.176898E1	-3.069901E-1
1.256667E1	1.182893E1	-2.899975E-1
1.260000E1	1.199618E1	-2.597282E-1
1.263333E1	1.209017E1	-2.527120E-1
1.266667E1	1.232013E1	-2.158707E-1
1.270000E1	1.245614E1	-1.855665E-1
1.273333E1	1.251804E1	-1.845645E-1
1.276667E1	1.268234E1	-1.852721E-1
1.280000E1	1.277754E1	-1.509683E-1
1.283333E1	1.295679E1	-1.194418E-1
1.286667E1	1.308355E1	-1.214132E-1
1.290000E1	1.313322E1	-1.357588E-1
1.293333E1	1.324834E1	-1.315623E-1
1.296667E1	1.327922E1	-1.176921E-1
1.300000E1	1.341727E1	-1.173188E-1
1.303333E1	1.347777E1	-1.143416E-1
1.306667E1	1.352623E1	-1.152808E-1
1.310000E1	1.361287E1	-1.218138E-1
1.313333E1	1.363968E1	-1.195218E-1
1.316667E1	1.374457E1	-1.283902E-1
1.320000E1	1.381560E1	-1.347584E-1
1.323333E1	1.386494E1	-1.392500E-1
1.326667E1	1.395705E1	-1.444715E-1
1.330000E1	1.398816E1	-1.477142E-1
1.333333E1	1.407740E1	-1.500691E-1
1.336667E1	1.413337E1	-1.541403E-1
1.340000E1	1.414675E1	-1.512371E-1
1.343333E1	1.421374E1	-1.563014E-1
1.346667E1	1.424461E1	-1.625106E-1
1.350000E1	1.426392E1	-1.687818E-1
1.353333E1	1.426330E1	-1.744460E-1
1.356667E1	1.425971E1	-2.050200E-1
1.360000E1	1.425251E1	-2.149353E-1
1.363333E1	1.424349E1	-2.144913E-1
1.366667E1	1.422686E1	-2.317471E-1
1.370000E1	1.418854E1	-2.708479E-1
1.373333E1	1.417347E1	-2.992303E-1
1.376667E1	1.414018E1	-3.360238E-1
1.380000E1	1.412755E1	-3.498282E-1
1.383333E1	1.414437E1	-3.577411E-1
1.386667E1	1.419113E1	-3.696291E-1
1.390000E1	1.421293E1	-3.660154E-1
1.393333E1	1.426964E1	-3.660551E-1
1.396667E1	1.428309E1	-3.678328E-1
1.400000E1	1.435668E1	-3.705941E-1
1.403333E1	1.444772E1	-3.550553E-1
1.406667E1	1.449288E1	-3.554896E-1
1.410000E1	1.459075E1	-3.446098E-1
1.413333E1	1.463112E1	-3.409561E-1
1.416667E1	1.474943E1	-3.192728E-1
1.420000E1	1.486449E1	-2.872638E-1
1.423333E1	1.492245E1	-2.800188E-1
1.426667E1	1.504172E1	-2.629922E-1
1.430000E1	1.508981E1	-2.480392E-1
1.433333E1	1.528262E1	-2.206198E-1
1.436667E1	1.537478E1	-1.748586E-1
1.440000E1	1.541552E1	-1.842948E-1
1.443333E1	1.554319E1	-1.698322E-1
1.446667E1	1.556817E1	-1.453769E-1
1.450000E1	1.568658E1	-1.115797E-1
1.453333E1	1.575141E1	-1.065868E-1
1.456667E1	1.579754E1	-1.041642E-1
1.460000E1	1.586591E1	-1.133030E-1
1.463333E1	1.586619E1	-1.209400E-1
1.466667E1	1.592401E1	-8.899043E-2
1.470000E1	1.595380E1	-6.205294E-2
1.473333E1	1.598295E1	-5.438415E-2
1.476667E1	1.600785E1	-5.057197E-2
1.480000E1	1.601045E1	-5.565012E-2
1.483333E1	1.604519E1	-5.650877E-2
1.486667E1	1.607466E1	-7.089958E-2
1.490000E1	1.608431E1	-7.318828E-2
1.493333E1	1.610941E1	-7.103965E-2
1.496667E1	1.612557E1	-7.360469E-2
1.500000E1	1.614505E1	-7.789135E-2
1.503333E1	1.614494E1	-8.875943E-2
1.506667E1	1.613453E1	-8.894976E-2
1.510000E1	1.612360E1	-9.434945E-2
1.513333E1	1.611969E1	-9.109020E-2
1.516667E1	1.610831E1	-1.009473E-1
1.520000E1	1.610076E1	-9.845078E-2
1.523333E1	1.609265E1	-8.785998E-2
1.526667E1	1.604265E1	-9.153376E-2
1.530000E1	1.602283E1	-8.192290E-2
1.533333E1	1.593299E1	-1.369408E-1
1.536667E1	1.588508E1	-1.608275E-1
1.540000E1	1.588063E1	-1.601796E-1
1.543333E1	1.584210E1	-1.908430E-1
1.546667E1	1.582601E1	-2.095542E-1
1.550000E1	1.584011E1	-2.219969E-1
1.553333E1	1.585141E1	-2.223294E-1
1.556667E1	1.586092E1	-2.265384E-1
1.560000E1	1.590962E1	-2.249547E-1
1.563333E1	1.592954E1	-2.227902E-1
1.566667E1	1.600305E1	-2.265103E-1
1.570000E1	1.606043E1	-2.150593E-1
1.573333E1	1.610408E1	-2.083003E-1
1.576667E1	1.620161E1	-1.981631E-1
1.580000E1	1.622971E1	-1.938415E-1
1.583333E1	1.635722E1	-1.775013E-1
1.586667E1	1.645499E1	-1.513207E-1
1.590000E1	1.650937E1	-1.398422E-1
1.593333E1	1.661582E1	-1.193192E-1
1.596667E1	1.666342E1	-1.104870E-1
1.600000E1	1.685237E1	-8.531592E-2
1.603333E1	1.692415E1	-5.649969E-2
1.606667E1	1.697175E1	-4.379509E-2
1.610000E1	1.707133E1	-5.304211E-2
1.613333E1	1.709618E1	-3.904092E-2
1.616667E1	1.721263E1	-3.301815E-2
1.620000E1	1.726808E1	-3.782457E-2
1.623333E1	1.730420E1	-5.345471E-2
1.626667E1	1.735271E1	-5.130227E-2
1.630000E1	1.736990E1	-5.101447E-2
1.633333E1	1.740194E1	-4.243882E-2
1.636667E1	1.743607E1	-3.976509E-2
1.640000E1	1.745156E1	-5.240322E-2
1.643333E1	1.748016E1	-4.736898E-2
1.646667E1	1.749503E1	-5.300450E-2
1.650000E1	1.754986E1	-6.527247E-2
1.653333E1	1.757699E1	-7.524163E-2
1.656667E1	1.760310E1	-7.498514E-2
1.660000E1	1.766410E1	-8.446157E-2
1.663333E1	1.766935E1	-8.697094E-2
1.666667E1	1.770194E1	-9.996863E-2
1.670000E1	1.771688E1	-1.088377E-1
1.673333E1	1.772367E1	-1.416035E-1
1.676667E1	1.773177E1	-1.570497E-1
1.680000E1	1.772443E1	-1.634789E-1
1.683333E1	1.770601E1	-1.826588E-1
1.686667E1	1.769949E1	-2.088342E-1
1.690000E1	1.769255E1	-2.184057E-1
1.693333E1	1.767027E1	-2.258069E-1
1.696667E1	1.767681E1	-2.202753E-1
1.700000E1	1.759276E1	-2.888776E-1
1.703333E1	1.756495E1	-3.158913E-1
1.706667E1	1.755613E1	-3.178612E-1
1.710000E1	1.753902E1	-3.287604E-1
1.713333E1	1.754967E1	-3.476255E-1
1.716667E1	1.757001E1	-3.738174E-1
1.720000E1	1.758349E1	-3.955986E-1
1.723333E1	1.759932E1	-4.119343E-1
1.726667E1	1.769501E1	-4.305108E-1
1.730000E1	1.771787E1	-4.426905E-1
1.733333E1	1.782387E1	-4.393763E-1
1.736667E1	1.790071E1	-4.308400E-1
1.740000E1	1.797104E1	-4.210254E-1
1.743333E1	1.807466E1	-4.220198E-1
1.746667E1	1.812375E1	-4.135175E-1
1.750000E1	1.826413E1	-3.960897E-1
1.753333E1	1.837189E1	-3.932264E-1
1.756667E1	1.842414E1	-3.991173E-1
1.760000E1	1.857100E1	-4.026667E-1
1.763333E1	1.865219E1	-3.808047E-1
1.766667E1	1.883898E1	-3.127903E-1
1.770000E1	1.895461E1	-2.849969E-1
1.773333E1	1.901033E1	-2.807610E-1
1.776667E1	1.912858E1	-2.703720E-1
1.780000E1	1.917033E1	-2.747797E-1
1.783333E1	1.929941E1	-2.674302E-1
1.786667E1	1.938597E1	-2.657861E-1
1.790000E1	1.942979E1	-2.688591E-1
1.793333E1	1.951346E1	-2.712901E-1
1.796667E1	1.953507E1	-2.717348E-1
1.800000E1	1.960946E1	-2.633891E-1
1.803333E1	1.966109E1	-2.574037E-1
1.806667E1	1.970690E1	-2.626014E-1
1.810000E1	1.979248E1	-2.683671E-1
1.813333E1	1.981493E1	-2.685700E-1
1.816667E1	1.991398E1	-2.772125E-1
1.820000E1	1.998986E1	-2.886004E-1
1.823333E1	2.005542E1	-2.840049E-1
1.826667E1	2.014293E1	-2.928574E-1
1.830000E1	2.017012E1	-2.992905E-1
1.833333E1	2.025851E1	-3.144706E-1
1.836667E1	2.029512E1	-3.197898E-1
1.840000E1	2.031919E1	-3.587739E-1
1.843333E1	2.037676E1	-3.713545E-1
1.846667E1	2.039549E1	-3.834437E-1
1.850000E1	2.043033E1	-3.991619E-1
1.853333E1	2.045601E1	-4.286262E-1
1.856667E1	2.045305E1	-4.349936E-1
1.860000E1	2.045411E1	-4.447704E-1
1.863333E1	2.045274E1	-4.462280E-1
1.866667E1	2.044999E1	-4.545045E-1
1.870000E1	2.043229E1	-4.934555E-1
1.873333E1	2.044134E1	-5.166747E-1
1.876667E1	2.044236E1	-5.488111E-1
1.880000E1	2.045723E1	-5.727781E-1
1.883333E1	2.049908E1	-5.779851E-1
1.886667E1	2.059139E1	-5.909355E-1
1.890000E1	2.061915E1	-5.850776E-1
1.893333E1	2.070502E1	-5.814155E-1
1.896667E1	2.076197E1	-5.958054E-1
1.900000E1	2.086644E1	-5.902592E-1
1.903333E1	2.101206E1	-5.790330E-1
1.906667E1	2.105226E1	-5.770323E-1
1.910000E1	2.116491E1	-5.693538E-1
1.913333E1	2.124858E1	-5.614118E-1
1.916667E1	2.134898E1	-5.463161E-1
1.920000E1	2.154679E1	-5.310755E-1
1.923333E1	2.159485E1	-4.886059E-1
1.926667E1	2.173953E1	-4.791102E-1
1.930000E1	2.186465E1	-4.359402E-1
1.933333E1	2.199412E1	-4.055658E-1
1.936667E1	2.219126E1	-3.803851E-1
1.940000E1	2.224427E1	-3.504673E-1
1.943333E1	2.236605E1	-3.445466E-1
1.946667E1	2.244325E1	-3.190103E-1
1.950000E1	2.255497E1	-3.052755E-1
1.953333E1	2.268637E1	-2.718840E-1
1.956667E1	2.271050E1	-2.506761E-1
1.960000E1	2.281841E1	-2.590961E-1
1.963333E1	2.285435E1	-2.507790E-1
1.966667E1	2.294670E1	-2.451743E-1
1.970000E1	2.304344E1	-2.081599E-1
1.973333E1	2.306628E1	-2.071654E-1
1.976667E1	2.312018E1	-2.000580E-1
1.980000E1	2.316981E1	-1.867587E-1
1.983333E1	2.322971E1	-1.946212E-1
1.986667E1	2.333410E1	-2.124031E-1
1.990000E1	2.335540E1	-2.114055E-1
1.993333E1	2.342033E1	-2.131268E-1
1.996667E1	2.345626E1	-2.177035E-1
2.000000E1	2.350981E1	-2.192654E-1
2.003333E1	2.358488E1	-2.351523E-1
2.006667E1	2.361375E1	-2.343797E-1
2.010000E1	2.365854E1	-2.380133E-1
2.013333E1	2.369130E1	-2.390149E-1
2.016667E1	2.370575E1	-2.447085E-1
2.020000E1	2.369283E1	-2.510986E-1
2.023333E1	2.368369E1	-2.724416E-1
2.026667E1	2.366755E1	-2.812193E-1
2.030000E1	2.365706E1	-2.856852E-1
2.033333E1	2.363433E1	-2.993002E-1
2.036667E1	2.355767E1	-3.313332E-1
2.040000E1	2.354684E1	-3.579509E-1
2.043333E1	2.353480E1	-3.724910E-1
2.046667E1	2.353727E1	-3.802550E-1
2.050000E1	2.355088E1	-3.750591E-1
2.053333E1	2.358361E1	-3.641024E-1
2.056667E1	2.361286E1	-3.648679E-1
2.060000E1	2.366989E1	-3.608646E-1
2.063333E1	2.371571E1	-3.657917E-1
2.066667E1	2.378378E1	-3.599983E-1
2.070000E1	2.386959E1	-3.454052E-1
2.073333E1	2.391383E1	-3.460742E-1
2.076667E1	2.399799E1	-3.412314E-1
2.080000E1	2.403854E1	-3.247309E-1
2.083333E1	2.411162E1	-3.196150E-1
2.086667E1	2.425633E1	-2.664448E-1
2.090000E1	2.432867E1	-2.423327E-1
2.093333E1	2.445024E1	-2.066836E-1
2.096667E1	2.450657E1	-2.069880E-1
2.100000E1	2.459855E1	-1.746649E-1
2.103333E1	2.475560E1	-1.397689E-1
2.106667E1	2.478052E1	-1.321768E-1
2.110000E1	2.488454E1	-1.106116E-1
2.113333E1	2.496897E1	-9.867779E-2
2.116667E1	2.500801E1	-8.160013E-2
2.120000E1	2.511960E1	-3.678279E-2
2.123333E1	2.514420E1	-4.489669E-2
2.126667E1	2.520553E1	-4.239901E-2
2.130000E1	2.523633E1	-3.105098E-2
2.133333E1	2.529116E1	-3.596408E-2
2.136667E1	2.536523E1	-2.755329E-2
2.140000E1	2.538425E1	1.677538E-3
2.143333E1	2.544664E1	1.326048E-2
2.146667E1	2.549054E1	1.219877E-2
2.150000E1	2.554203E1	1.035625E-2
2.153333E1	2.562984E1	-2.345213E-3
2.156667E1	2.565310E1	-5.504168E-3
2.160000E1	2.571019E1	-9.334574E-3
2.163333E1	2.575150E1	-1.449114E-2
2.166667E1	2.581135E1	-1.296003E-2
2.170000E1	2.587056E1	-4.661684E-2
2.173333E1	2.588088E1	-5.333905E-2
2.176667E1	2.593460E1	-9.186734E-2
2.180000E1	2.595177E1	-8.866949E-2
2.183333E1	2.599676E1	-1.011792E-1
2.186667E1	2.599089E1	-1.138490E-1
2.190000E1	2.598727E1	-1.277261E-1
2.193333E1	2.597968E1	-1.390008E-1
2.196667E1	2.597503E1	-1.454236E-1
2.200000E1	2.596620E1	-1.567086E-1
2.203333E1	2.592576E1	-2.023731E-1
2.206667E1	2.591685E1	-2.234707E-1
2.210000E1	2.589807E1	-2.483549E-1
2.213333E1	2.590941E1	-2.760150E-1
2.216667E1	2.593052E1	-2.912431E-1
2.220000E1	2.597928E1	-3.025449E-1
2.223333E1	2.600156E1	-2.985187E-1
2.226667E1	2.606990E1	-3.010915E-1
2.230000E1	2.610505E1	-2.996235E-1
2.233333E1	2.618389E1	-2.972984E-1
2.236667E1	2.630133E1	-2.938762E-1
2.240000E1	2.632605E1	-2.812564E-1
2.243333E1	2.641693E1	-2.755056E-1
2.246667E1	2.647392E1	-2.638330E-1
2.250000E1	2.656330E1	-2.658389E-1
2.253333E1	2.670672E1	-2.252917E-1
2.256667E1	2.673954E1	-2.183033E-1
2.260000E1	2.683020E1	-1.878265E-1
2.263333E1	2.695339E1	-1.691238E-1
2.266667E1	2.703420E1	-1.276844E-1
2.270000E1	2.719688E1	-9.963301E-2
2.273333E1	2.722869E1	-8.556634E-2
2.276667E1	2.731654E1	-6.908445E-2
2.280000E1	2.736243E1	-5.264200E-2
2.283333E1	2.741388E1	-5.031775E-2
2.286667E1	2.750746E1	-3.991896E-2
2.290000E1	2.752849E1	-5.158540E-2
2.293333E1	2.757297E1	-4.469304E-2
2.296667E1	2.759860E1	-4.352237E-2
2.300000E1	2.762209E1	-3.565650E-2
2.303333E1	2.770967E1	-2.442747E-2
2.306667E1	2.773019E1	-1.210735E-2
2.310000E1	2.777803E1	1.064684E-2
2.313333E1	2.780606E1	9.167513E-3
2.316667E1	2.784938E1	3.043945E-3
2.320000E1	2.791704E1	-7.505845E-3
2.323333E1	2.794245E1	-9.169742E-3
2.326667E1	2.799892E1	-1.432280E-2
2.330000E1	2.803446E1	-2.221801E-2
2.333333E1	2.806158E1	-1.805174E-2
2.336667E1	2.810693E1	-4.502561E-2
2.340000E1	2.811236E1	-5.810871E-2
2.343333E1	2.816246E1	-8.840622E-2
2.346667E1	2.815693E1	-1.058087E-1
2.350000E1	2.816832E1	-1.396591E-1
2.353333E1	2.817595E1	-1.627488E-1
2.356667E1	2.816470E1	-1.608343E-1
2.360000E1	2.814040E1	-1.569565E-1
2.363333E1	2.812953E1	-1.529381E-1
2.366667E1	2.811648E1	-1.576934E-1
2.370000E1	2.806576E1	-2.109175E-1
2.373333E1	2.806551E1	-2.219857E-1
2.376667E1	2.804056E1	-2.463203E-1
2.380000E1	2.805386E1	-2.763989E-1
2.383333E1	2.807848E1	-2.936502E-1
2.386667E1	2.810051E1	-3.067056E-1
2.390000E1	2.811232E1	-2.970293E-1
2.393333E1	2.819296E1	-2.999680E-1
2.396667E1	2.823298E1	-3.061341E-1
2.400000E1	2.829138E1	-3.041755E-1
2.403333E1	2.837896E1	-2.918974E-1
2.406667E1	2.840059E1	-2.833633E-1
2.410000E1	2.849387E1	-2.761434E-1
2.413333E1	2.855363E1	-2.656883E-1
2.416667E1	2.862773E1	-2.561284E-1
2.420000E1	2.877026E1	-2.147476E-1
2.423333E1	2.880595E1	-2.082334E-1
2.426667E1	2.890646E1	-1.812647E-1
2.430000E1	2.900250E1	-1.650336E-1
2.433333E1	2.909821E1	-1.363474E-1
2.436667E1	2.920783E1	-1.160221E-1
2.440000E1	2.924145E1	-1.225835E-1
2.443333E1	2.931216E1	-1.210181E-1
2.446667E1	2.937058E1	-1.016442E-1
2.450000E1	2.941859E1	-6.413661E-2
2.453333E1	2.950126E1	-4.932240E-2
2.456667E1	2.951620E1	-5.159072E-2
2.460000E1	2.955781E1	-4.129017E-2
2.463333E1	2.959366E1	-4.450488E-2
2.466667E1	2.961603E1	-5.097362E-2
2.470000E1	2.965019E1	-3.290363E-2
2.473333E1	2.966276E1	-4.309731E-2
2.476667E1	2.970138E1	-4.064250E-2
2.480000E1	2.973767E1	-4.594770E-2
2.483333E1	2.976745E1	-5.327748E-2
2.486667E1	2.984570E1	-6.795871E-2
2.490000E1	2.987567E1	-7.077426E-2
2.493333E1	2.992603E1	-7.559447E-2
2.496667E1	2.996398E1	-8.385383E-2
2.500000E1	3.000168E1	-8.143538E-2
2.503333E1	3.005415E1	-8.983505E-2
2.506667E1	3.008173E1	-8.782119E-2
2.510000E1	3.010996E1	-9.734944E-2
2.513333E1	3.011370E1	-1.082484E-1
2.516667E1	3.011509E1	-1.459665E-1
2.520000E1	3.011673E1	-1.710309E-1
2.523333E1	3.010488E1	-1.590664E-1
2.526667E1	3.008522E1	-1.554469E-1
2.530000E1	3.007639E1	-1.488660E-1
2.533333E1	3.005213E1	-1.612843E-1
2.536667E1	2.996774E1	-2.187350E-1
2.540000E1	2.995067E1	-2.254151E-1
2.543333E1	2.993765E1	-2.396456E-1
2.546667E1	2.993976E1	-2.351128E-1
2.550000E1	2.994650E1	-2.372104E-1
2.553333E1	2.996701E1	-2.412723E-1
2.556667E1	2.996840E1	-2.348542E-1
2.560000E1	3.001401E1	-2.279146E-1
2.563333E1	3.004552E1	-2.302247E-1
2.566667E1	3.008713E1	-2.255735E-1
2.570000E1	3.016130E1	-2.165826E-1
2.573333E1	3.018441E1	-2.099496E-1
2.576667E1	3.024151E1	-1.982756E-1
2.580000E1	3.028767E1	-1.875328E-1
2.583333E1	3.034712E1	-1.812173E-1
2.586667E1	3.047305E1	-1.463141E-1
2.590000E1	3.049702E1	-1.177629E-1
2.593333E1	3.058200E1	-1.170357E-1
2.596667E1	3.064759E1	-1.068729E-1
2.600000E1	3.074142E1	-9.306204E-2
2.603333E1	3.082981E1	-4.837833E-2
2.606667E1	3.084206E1	-5.125892E-2
2.610000E1	3.088356E1	-3.793092E-2
2.613333E1	3.090865E1	-3.791216E-2
2.616667E1	3.093927E1	-3.068550E-2
2.620000E1	3.098906E1	-2.893465E-2
2.623333E1	3.098327E1	-8.284928E-3
2.626667E1	3.099253E1	1.117092E-2
2.630000E1	3.101632E1	1.268415E-2
2.633333E1	3.103863E1	2.407546E-2
2.636667E1	3.105190E1	3.587436E-2
2.640000E1	3.104850E1	2.514786E-2
2.643333E1	3.106186E1	2.855643E-2
2.646667E1	3.108948E1	2.319070E-2
2.650000E1	3.111174E1	1.269454E-2
2.653333E1	3.114715E1	6.878539E-3
2.656667E1	3.116789E1	4.296489E-3
2.660000E1	3.119881E1	-3.056230E-3
2.663333E1	3.120904E1	-2.199252E-3
2.666667E1	3.124131E1	-6.791442E-3
2.670000E1	3.125164E1	-3.316167E-2
2.673333E1	3.125581E1	-6.203324E-2
2.676667E1	3.126454E1	-8.839112E-2
2.680000E1	3.125973E1	-9.138772E-2
2.683333E1	3.124868E1	-1.025745E-1
2.686667E1	3.124248E1	-1.355339E-1
2.690000E1	3.123366E1	-1.399516E-1
2.693333E1	3.121058E1	-1.438470E-1
2.696667E1	3.121046E1	-1.466096E-1
2.700000E1	3.116276E1	-1.636529E-1
2.703333E1	3.109920E1	-1.986216E-1
2.706667E1	3.109068E1	-2.230845E-1
2.710000E1	3.103494E1	-2.558432E-1
2.713333E1	3.102385E1	-2.798478E-1
2.716667E1	3.102540E1	-2.871211E-1
2.720000E1	3.104172E1	-2.978624E-1
2.723333E1	3.105014E1	-2.962716E-1
2.726667E1	3.107599E1	-2.956299E-1
2.730000E1	3.110504E1	-2.937808E-1
2.733333E1	3.117079E1	-2.953716E-1
2.736667E1	3.121985E1	-2.853461E-1
2.740000E1	3.126408E1	-2.823450E-1
2.743333E1	3.132368E1	-2.729253E-1
2.746667E1	3.135491E1	-2.635334E-1
2.750000E1	3.146031E1	-2.407251E-1
2.753333E1	3.153073E1	-1.931500E-1
2.756667E1	3.155650E1	-1.945170E-1
2.760000E1	3.167030E1	-1.639199E-1
2.763333E1	3.169825E1	-1.501665E-1
2.766667E1	3.180739E1	-1.129952E-1
2.770000E1	3.189668E1	-9.774861E-2
2.773333E1	3.192802E1	-6.723417E-2
2.776667E1	3.199367E1	-5.334338E-2
2.780000E1	3.200419E1	-4.743856E-2
2.783333E1	3.209046E1	-2.924428E-2
2.786667E1	3.212770E1	-3.497330E-3
2.790000E1	3.213798E1	3.625116E-3
2.793333E1	3.215007E1	1.874919E-2
2.796667E1	3.217717E1	1.931528E-2
2.800000E1	3.221725E1	3.109208E-2
2.803333E1	3.225402E1	3.431539E-2
2.806667E1	3.227036E1	2.861347E-2
2.810000E1	3.230215E1	3.052935E-2
2.813333E1	3.232405E1	2.231959E-2
2.816667E1	3.237973E1	1.624829E-2
2.820000E1	3.241931E1	3.875922E-3
2.823333E1	3.244581E1	-5.138295E-4
2.826667E1	3.251392E1	-5.685047E-3
2.830000E1	3.254198E1	-6.676337E-3
2.833333E1	3.260637E1	-1.288954E-2
2.836667E1	3.264710E1	-1.574830E-2
2.840000E1	3.268491E1	-2.129340E-2
2.843333E1	3.272297E1	-3.528741E-2
2.846667E1	3.275184E1	-6.541553E-2
2.850000E1	3.279448E1	-8.850532E-2
2.853333E1	3.282090E1	-1.040198E-1
2.856667E1	3.282782E1	-1.291342E-1
2.860000E1	3.283057E1	-1.465569E-1
2.863333E1	3.282861E1	-1.482335E-1
2.866667E1	3.282073E1	-1.589161E-1
2.870000E1	3.279078E1	-1.769085E-1
2.873333E1	3.280775E1	-2.178561E-1
2.876667E1	3.280665E1	-2.628496E-1
2.880000E1	3.282046E1	-2.800055E-1
2.883333E1	3.284463E1	-3.076269E-1
2.886667E1	3.288292E1	-3.005058E-1
2.890000E1	3.292911E1	-3.055303E-1
2.893333E1	3.297588E1	-3.058806E-1
2.896667E1	3.299889E1	-3.089976E-1
2.900000E1	3.310215E1	-3.079303E-1
2.903333E1	3.318592E1	-2.990978E-1
2.906667E1	3.324501E1	-2.833829E-1
2.910000E1	3.336194E1	-2.785615E-1
2.913333E1	3.338332E1	-2.744173E-1
2.916667E1	3.351428E1	-2.498679E-1
2.920000E1	3.361773E1	-2.453703E-1
2.923333E1	3.368030E1	-2.144064E-1
2.926667E1	3.381891E1	-1.918020E-1
2.930000E1	3.387252E1	-1.785146E-1
2.933333E1	3.408409E1	-1.434475E-1
2.936667E1	3.416166E1	-1.100984E-1
2.940000E1	3.421350E1	-1.154438E-1
2.943333E1	3.430317E1	-1.038699E-1
2.946667E1	3.433921E1	-1.102816E-1
2.950000E1	3.445670E1	-8.744943E-2
2.953333E1	3.450708E1	-7.172223E-2
2.956667E1	3.452791E1	-5.207882E-2
2.960000E1	3.459954E1	-4.801949E-2
2.963333E1	3.462986E1	-5.385696E-2
2.966667E1	3.469704E1	-4.096781E-2
2.970000E1	3.474593E1	-3.794442E-2
2.973333E1	3.478744E1	-4.422208E-2
2.976667E1	3.485210E1	-4.738752E-2
2.980000E1	3.486935E1	-4.660060E-2
2.983333E1	3.495796E1	-5.589730E-2
2.986667E1	3.502190E1	-6.714226E-2
2.990000E1	3.508818E1	-7.184522E-2
2.993333E1	3.515800E1	-7.737554E-2
2.996667E1	3.518439E1	-7.872440E-2
3.000000E1	3.527759E1	-8.791657E-2
3.003333E1	3.533728E1	-9.743946E-2
3.006667E1	3.537496E1	-8.839255E-2
3.010000E1	3.543734E1	-1.017096E-1
3.013333E1	3.545646E1	-1.094732E-1
3.016667E1	3.554556E1	-1.467810E-1
3.020000E1	3.558778E1	-1.644896E-1
3.023333E1	3.559148E1	-1.669374E-1
3.026667E1	3.559368E1	-1.652307E-1
3.030000E1	3.558370E1	-1.556547E-1
3.033333E1	3.557940E1	-1.698121E-1
3.036667E1	3.555906E1	-1.872337E-1
3.040000E1	3.556603E1	-2.274957E-1
3.043333E1	3.557000E1	-2.542487E-1
3.046667E1	3.557668E1	-2.769518E-1
3.050000E1	3.563032E1	-2.953302E-1
3.053333E1	3.568210E1	-2.965226E-1
3.056667E1	3.572754E1	-2.993145E-1
3.060000E1	3.580321E1	-2.949059E-1
3.063333E1	3.582740E1	-2.945959E-1
3.066667E1	3.593648E1	-2.961979E-1
3.070000E1	3.601334E1	-2.870124E-1
3.073333E1	3.606670E1	-2.795918E-1
3.076667E1	3.615943E1	-2.734363E-1
3.080000E1	3.618830E1	-2.651998E-1
3.083333E1	3.633849E1	-2.426966E-1
3.086667E1	3.638321E1	-2.122122E-1
3.090000E1	3.643334E1	-1.975296E-1
3.093333E1	3.656728E1	-1.906655E-1
3.096667E1	3.665933E1	-1.654616E-1
3.100000E1	3.678739E1	-1.183103E-1
3.103333E1	3.687110E1	-1.020909E-1
3.106667E1	3.689982E1	-6.689395E-2
3.110000E1	3.696692E1	-5.699977E-2
3.113333E1	3.700570E1	-5.477610E-2
3.116667E1	3.712972E1	-1.175249E-2
3.120000E1	3.717426E1	-1.118334E-3
3.123333E1	3.718162E1	5.874377E-3
3.126667E1	3.722490E1	2.463491E-2
3.130000E1	3.724290E1	2.165179E-2
3.133333E1	3.729189E1	3.999145E-2
3.136667E1	3.733881E1	4.103076E-2
3.140000E1	3.738237E1	2.817929E-2
3.143333E1	3.742837E1	3.173689E-2
3.146667E1	3.744945E1	2.563409E-2
3.150000E1	3.752936E1	1.251944E-2
3.153333E1	3.757549E1	1.156279E-2
3.156667E1	3.761644E1	1.534751E-3
3.160000E1	3.770616E1	-3.215648E-3
3.163333E1	3.773690E1	-9.278614E-3
3.166667E1	3.781288E1	-1.974514E-2
3.170000E1	3.785761E1	-2.260128E-2
3.173333E1	3.789167E1	-2.413390E-2
3.176667E1	3.794462E1	-2.950231E-2
3.180000E1	3.796489E1	-2.517854E-2
3.183333E1	3.800498E1	-3.956684E-2
3.186667E1	3.802548E1	-7.100718E-2
3.190000E1	3.802455E1	-8.054713E-2
3.193333E1	3.802564E1	-8.406528E-2
3.196667E1	3.802068E1	-7.941235E-2
3.200000E1	3.800053E1	-9.660929E-2
3.203333E1	3.796966E1	-1.293585E-1
3.206667E1	3.795302E1	-1.507565E-1
3.210000E1	3.793828E1	-1.649052E-1
3.213333E1	3.793874E1	-1.546460E-1
3.216667E1	3.795595E1	-1.814580E-1
3.220000E1	3.798781E1	-1.969482E-1
3.223333E1	3.802741E1	-2.131643E-1
3.226667E1	3.806519E1	-2.175583E-1
3.230000E1	3.809746E1	-2.178773E-1
3.233333E1	3.817420E1	-2.184629E-1
3.236667E1	3.822336E1	-2.106588E-1
3.240000E1	3.826640E1	-1.975366E-1
3.243333E1	3.835523E1	-1.921907E-1
3.246667E1	3.838059E1	-1.897145E-1
3.250000E1	3.849734E1	-1.568336E-1
3.253333E1	3.857184E1	-1.182577E-1
3.256667E1	3.865458E1	-1.013973E-1
3.260000E1	3.874549E1	-7.298714E-2
3.263333E1	3.877624E1	-5.662019E-2
3.266667E1	3.890506E1	-2.321898E-2
3.270000E1	3.895073E1	1.461606E-2
3.273333E1	3.897431E1	2.180626E-2
3.276667E1	3.901386E1	3.583580E-2
3.280000E1	3.903310E1	2.622171E-2
3.283333E1	3.908690E1	4.468432E-2
3.286667E1	3.911168E1	7.302751E-2
3.290000E1	3.912180E1	8.052547E-2
3.293333E1	3.912915E1	9.699423E-2
3.296667E1	3.915042E1	9.497070E-2
3.300000E1	3.917984E1	1.021850E-1
3.303333E1	3.920570E1	1.053324E-1
3.306667E1	3.923102E1	1.089446E-1
3.310000E1	3.927611E1	1.066574E-1
3.313333E1	3.929938E1	9.566782E-2
3.316667E1	3.935369E1	7.942209E-2
3.320000E1	3.940160E1	7.596143E-2
3.323333E1	3.942040E1	7.127683E-2
3.326667E1	3.947952E1	6.229964E-2
3.330000E1	3.948466E1	6.238912E-2
3.333333E1	3.952382E1	6.484250E-2
3.336667E1	3.955738E1	4.552153E-2
3.340000E1	3.956380E1	5.444791E-2
3.343333E1	3.959965E1	2.483876E-2
3.346667E1	3.960830E1	1.452834E-3
3.350000E1	3.963137E1	-1.091932E-2
3.353333E1	3.965962E1	-2.151270E-2
3.356667E1	3.966080E1	-1.347304E-2
3.360000E1	3.965419E1	-1.452625E-2
3.363333E1	3.964902E1	-1.079639E-2
3.366667E1	3.959833E1	-4.181313E-2
3.370000E1	3.956443E1	-7.435164E-2
3.373333E1	3.956756E1	-8.698806E-2
3.376667E1	3.953613E1	-1.187299E-1
3.380000E1	3.952961E1	-1.308521E-1
3.383333E1	3.954197E1	-1.506931E-1
3.386667E1	3.954172E1	-1.528985E-1
3.390000E1	3.955207E1	-1.552205E-1
3.393333E1	3.958173E1	-1.509685E-1
3.396667E1	3.960386E1	-1.524151E-1
3.400000E1	3.965718E1	-1.481719E-1
3.403333E1	3.969930E1	-1.439154E-1
3.406667E1	3.972046E1	-1.305635E-1
3.410000E1	3.978539E1	-1.189911E-1
3.413333E1	3.981461E1	-1.199758E-1
3.416667E1	3.988790E1	-9.572614E-2
3.420000E1	3.994095E1	-5.442398E-2
3.423333E1	3.997687E1	-5.332846E-2
3.426667E1	4.007225E1	-1.698919E-2
3.430000E1	4.010005E1	-1.382078E-3
3.433333E1	4.016892E1	2.939433E-2
3.436667E1	4.020112E1	3.863530E-2
3.440000E1	4.021445E1	5.018537E-2
3.443333E1	4.024339E1	7.496042E-2
3.446667E1	4.024376E1	7.651389E-2
3.450000E1	4.026016E1	9.815941E-2
3.453333E1	4.025122E1	1.016228E-1
3.456667E1	4.025184E1	9.640085E-2
3.460000E1	4.025318E1	9.987514E-2
3.463333E1	4.025111E1	9.176666E-2
3.466667E1	4.024945E1	1.049598E-1
3.470000E1	4.025287E1	1.043026E-1
3.473333E1	4.026240E1	1.004261E-1
3.476667E1	4.027764E1	9.828616E-2
3.480000E1	4.026810E1	9.454196E-2
3.483333E1	4.030500E1	8.225432E-2
3.486667E1	4.034348E1	7.074212E-2
3.490000E1	4.035912E1	7.045376E-2
3.493333E1	4.040653E1	6.066913E-2
3.496667E1	4.041938E1	5.867268E-2
3.500000E1	4.045716E1	4.635531E-2
3.503333E1	4.047052E1	3.571458E-2
3.506667E1	4.048661E1	1.055209E-3
3.510000E1	4.051795E1	-2.012147E-2
3.513333E1	4.054261E1	-2.443078E-2
3.516667E1	4.055158E1	-4.914024E-2
3.520000E1	4.056554E1	-7.828338E-2
3.523333E1	4.055116E1	-8.606048E-2
3.526667E1	4.054043E1	-9.333011E-2
3.530000E1	4.053046E1	-9.389822E-2
3.533333E1	4.051598E1	-1.007494E-1
3.536667E1	4.047433E1	-1.585376E-1
3.540000E1	4.045759E1	-1.596550E-1
3.543333E1	4.043220E1	-1.828776E-1
3.546667E1	4.044002E1	-2.128675E-1
3.550000E1	4.045458E1	-2.289848E-1
3.553333E1	4.047756E1	-2.467404E-1
3.556667E1	4.047818E1	-2.684819E-1
3.560000E1	4.051855E1	-2.838961E-1
3.563333E1	4.055190E1	-2.933948E-1
3.566667E1	4.059087E1	-2.920734E-1
3.570000E1	4.066663E1	-2.814301E-1
3.573333E1	4.069027E1	-2.805662E-1
3.576667E1	4.074968E1	-2.707151E-1
3.580000E1	4.079365E1	-2.597341E-1
3.583333E1	4.084916E1	-2.582045E-1
3.586667E1	4.094521E1	-2.164206E-1
3.590000E1	4.097329E1	-2.030037E-1
3.593333E1	4.104829E1	-1.912846E-1
3.596667E1	4.110011E1	-1.694224E-1
3.600000E1	4.116226E1	-1.294381E-1
3.603333E1	4.124291E1	-9.754089E-2
3.606667E1	4.126118E1	-7.604408E-2
3.610000E1	4.127945E1	-6.021183E-2
3.613333E1	4.128011E1	-5.457966E-2
3.616667E1	4.128911E1	-4.246741E-2
3.620000E1	4.133061E1	-3.577416E-2
3.623333E1	4.132914E1	-4.305832E-2
3.626667E1	4.134433E1	-3.622395E-2
3.630000E1	4.134496E1	-4.337935E-2
3.633333E1	4.135391E1	-3.779325E-2
3.636667E1	4.139115E1	-1.961048E-2
3.640000E1	4.141030E1	-5.411310E-3
3.643333E1	4.144377E1	1.460598E-2
3.646667E1	4.147623E1	1.492440E-2
3.650000E1	4.150862E1	1.124432E-2
3.653333E1	4.159661E1	-4.925723E-3
3.656667E1	4.162427E1	-1.111333E-2
3.660000E1	4.168101E1	-9.888955E-3
3.663333E1	4.171904E1	-1.267128E-2
3.666667E1	4.176932E1	-1.308153E-2
3.670000E1	4.181648E1	-4.351210E-2
3.673333E1	4.184079E1	-7.297912E-2
3.676667E1	4.189217E1	-9.461875E-2
3.680000E1	4.191751E1	-1.136536E-1
3.683333E1	4.195228E1	-1.350539E-1
3.686667E1	4.199805E1	-1.731928E-1
3.690000E1	4.200204E1	-1.670656E-1
3.693333E1	4.199960E1	-1.778762E-1
3.696667E1	4.199638E1	-2.069533E-1
3.700000E1	4.198168E1	-2.263998E-1
3.703333E1	4.195504E1	-2.757665E-1
3.706667E1	4.195963E1	-2.945276E-1
3.710000E1	4.196806E1	-3.171349E-1
3.713333E1	4.197455E1	-3.174451E-1
3.716667E1	4.199216E1	-3.304072E-1
3.720000E1	4.203881E1	-3.535336E-1
3.723333E1	4.205987E1	-3.575008E-1
3.726667E1	4.212099E1	-3.680571E-1
3.730000E1	4.216362E1	-3.741625E-1
3.733333E1	4.222831E1	-3.652549E-1
3.736667E1	4.233204E1	-3.584203E-1
3.740000E1	4.235793E1	-3.586977E-1
3.743333E1	4.244060E1	-3.389086E-1
3.746667E1	4.249470E1	-3.415753E-1
3.750000E1	4.256943E1	-3.300543E-1
3.753333E1	4.267673E1	-2.836953E-1
3.756667E1	4.272458E1	-2.779719E-1
3.760000E1	4.281110E1	-2.507458E-1
3.763333E1	4.289034E1	-2.252708E-1
3.766667E1	4.296931E1	-1.948827E-1
3.770000E1	4.308274E1	-1.585935E-1
3.773333E1	4.309134E1	-1.289208E-1
3.776667E1	4.314859E1	-1.252915E-1
3.780000E1	4.316445E1	-1.041562E-1
3.783333E1	4.321172E1	-1.094202E-1
3.786667E1	4.326553E1	-9.689185E-2
3.790000E1	4.327988E1	-7.411224E-2
3.793333E1	4.330747E1	-4.956239E-2
3.796667E1	4.334005E1	-5.021129E-2
3.800000E1	4.336114E1	-4.512037E-2
3.803333E1	4.342013E1	-2.731713E-2
3.806667E1	4.343407E1	-1.146059E-2
3.810000E1	4.348262E1	3.038894E-3
3.813333E1	4.350813E1	6.798302E-3
3.816667E1	4.354607E1	8.334797E-3
3.820000E1	4.363559E1	-4.014405E-3
3.823333E1	4.365231E1	-6.122193E-3
3.826667E1	4.372394E1	-8.672810E-3
3.830000E1	4.375892E1	-1.003227E-2
3.833333E1	4.380873E1	-5.079866E-3
3.836667E1	4.389911E1	-2.571477E-2
3.840000E1	4.392826E1	-2.570705E-2
3.843333E1	4.398769E1	-2.369272E-2
3.846667E1	4.401539E1	-4.974214E-2
3.850000E1	4.404367E1	-6.874512E-2
3.853333E1	4.411873E1	-9.158692E-2
3.856667E1	4.413859E1	-9.068369E-2
3.860000E1	4.415509E1	-1.017612E-1
3.863333E1	4.415924E1	-9.593782E-2
3.866667E1	4.415386E1	-1.013151E-1
3.870000E1	4.413178E1	-1.457687E-1
3.873333E1	4.413115E1	-1.551821E-1
3.876667E1	4.413420E1	-1.849809E-1
3.880000E1	4.414498E1	-2.136177E-1
3.883333E1	4.416083E1	-2.273197E-1
3.886667E1	4.421075E1	-2.334294E-1
3.890000E1	4.423153E1	-2.315377E-1
3.893333E1	4.428985E1	-2.290760E-1
3.896667E1	4.432956E1	-2.291514E-1
3.900000E1	4.439831E1	-2.301209E-1
3.903333E1	4.449891E1	-2.182230E-1
3.906667E1	4.453224E1	-2.053398E-1
3.910000E1	4.462765E1	-2.012905E-1
3.913333E1	4.468139E1	-1.900612E-1
3.916667E1	4.475454E1	-1.788451E-1
3.920000E1	4.489002E1	-1.330049E-1
3.923333E1	4.492986E1	-1.316295E-1
3.926667E1	4.502306E1	-1.223519E-1
3.930000E1	4.509640E1	-1.013294E-1
3.933333E1	4.514853E1	-4.986284E-2
3.936667E1	4.525688E1	-4.092933E-3
3.940000E1	4.528368E1	5.623587E-3
3.943333E1	4.532466E1	3.388840E-2
3.946667E1	4.536591E1	2.856698E-2
3.950000E1	4.541101E1	4.531674E-2
3.953333E1	4.545019E1	6.326722E-2
3.956667E1	4.544685E1	7.210243E-2
3.960000E1	4.547443E1	9.414726E-2
3.963333E1	4.550601E1	9.309693E-2
3.966667E1	4.552421E1	9.585446E-2
3.970000E1	4.557338E1	1.120966E-1
3.973333E1	4.559215E1	9.843331E-2
3.976667E1	4.562553E1	1.026373E-1
3.980000E1	4.565993E1	9.993591E-2
3.983333E1	4.570419E1	9.452063E-2
3.986667E1	4.578878E1	7.799187E-2
3.990000E1	4.581085E1	7.119977E-2
3.993333E1	4.586724E1	6.943167E-2
3.996667E1	4.591659E1	6.181106E-2
4.000000E1	4.597116E1	6.303321E-2
4.003333E1	4.605131E1	3.767870E-2
4.006667E1	4.607556E1	1.143218E-2
4.010000E1	4.613860E1	-1.398857E-2
4.013333E1	4.619204E1	-1.290267E-2
4.016667E1	4.623122E1	-3.276602E-2
4.020000E1	4.628938E1	-8.456003E-2
4.023333E1	4.629822E1	-8.137244E-2
4.026667E1	4.631542E1	-9.299107E-2
4.030000E1	4.631153E1	-8.931014E-2
4.033333E1	4.629270E1	-1.057407E-1
4.036667E1	4.627520E1	-1.659372E-1
4.040000E1	4.628159E1	-1.662458E-1
4.043333E1	4.628282E1	-1.902933E-1
4.046667E1	4.628583E1	-2.154508E-1
4.050000E1	4.630487E1	-2.346771E-1
4.053333E1	4.634035E1	-2.409008E-1
4.056667E1	4.637806E1	-2.360994E-1
4.060000E1	4.642793E1	-2.294682E-1
4.063333E1	4.646412E1	-2.363870E-1
4.066667E1	4.650610E1	-2.303982E-1
4.070000E1	4.658429E1	-2.225618E-1
4.073333E1	4.660407E1	-2.155149E-1
4.076667E1	4.668115E1	-2.073352E-1
4.080000E1	4.671595E1	-1.915109E-1
4.083333E1	4.677657E1	-1.774506E-1
4.086667E1	4.688786E1	-1.491981E-1
4.090000E1	4.690954E1	-1.240857E-1
4.093333E1	4.700005E1	-1.103323E-1
4.096667E1	4.705988E1	-8.666312E-2
4.100000E1	4.712055E1	-4.731295E-2
4.103333E1	4.721148E1	-1.417522E-2
4.106667E1	4.723148E1	5.122494E-3
4.110000E1	4.725810E1	1.987859E-2
4.113333E1	4.726461E1	3.498363E-2
4.116667E1	4.729452E1	3.383980E-2
4.120000E1	4.732341E1	4.266222E-2
4.123333E1	4.731635E1	6.086006E-2
4.126667E1	4.732472E1	7.872247E-2
4.130000E1	4.732138E1	8.267769E-2
4.133333E1	4.732270E1	9.646322E-2
4.136667E1	4.735921E1	1.145243E-1
4.140000E1	4.737248E1	1.400781E-1
4.143333E1	4.740490E1	1.422449E-1
4.146667E1	4.741715E1	1.602297E-1
4.150000E1	4.746220E1	1.525201E-1
4.153333E1	4.751947E1	1.385753E-1
4.156667E1	4.753752E1	1.355569E-1
4.160000E1	4.758484E1	1.364524E-1
4.163333E1	4.762338E1	1.347960E-1
4.166667E1	4.767102E1	1.209786E-1
4.170000E1	4.771290E1	1.063682E-1
4.173333E1	4.773988E1	7.403218E-2
4.176667E1	4.778355E1	4.658867E-2
4.180000E1	4.780597E1	3.404093E-2
4.183333E1	4.783842E1	6.331284E-3
4.186667E1	4.789971E1	-2.380463E-2
4.190000E1	4.789531E1	-2.241286E-2
4.193333E1	4.789315E1	-2.802663E-2
4.196667E1	4.788951E1	-2.542855E-2
4.200000E1	4.786549E1	-4.524328E-2
4.203333E1	4.784018E1	-1.166255E-1
4.206667E1	4.785515E1	-1.396096E-1
4.210000E1	4.784934E1	-1.619089E-1
4.213333E1	4.785883E1	-1.647715E-1
4.216667E1	4.788056E1	-1.697759E-1
4.220000E1	4.788488E1	-1.771196E-1
4.223333E1	4.789397E1	-2.051617E-1
4.226667E1	4.791807E1	-2.178543E-1
4.230000E1	4.796194E1	-2.275004E-1
4.233333E1	4.799071E1	-2.221330E-1
4.236667E1	4.805812E1	-2.144541E-1
4.240000E1	4.809593E1	-2.112256E-1
4.243333E1	4.814645E1	-1.936949E-1
4.246667E1	4.818400E1	-1.940514E-1
4.250000E1	4.821708E1	-1.792292E-1
4.253333E1	4.830909E1	-1.463313E-1
4.256667E1	4.834081E1	-1.394854E-1
4.260000E1	4.839415E1	-1.144105E-1
4.263333E1	4.843718E1	-9.453589E-2
4.266667E1	4.847410E1	-6.186441E-2
4.270000E1	4.852632E1	-1.752630E-2
4.273333E1	4.852332E1	2.909270E-3
4.276667E1	4.853609E1	1.795549E-2
4.280000E1	4.852848E1	1.987808E-2
4.283333E1	4.852522E1	2.724722E-2
4.286667E1	4.852020E1	3.546413E-2
4.290000E1	4.852211E1	3.145444E-2
4.293333E1	4.851823E1	3.226915E-2
4.296667E1	4.851712E1	3.107348E-2
4.300000E1	4.851511E1	3.679580E-2
4.303333E1	4.852798E1	3.773820E-2
4.306667E1	4.853200E1	3.106025E-2
4.310000E1	4.854324E1	2.691456E-2
4.313333E1	4.855105E1	1.941741E-2
4.316667E1	4.856698E1	2.117298E-2
4.320000E1	4.863102E1	1.035174E-2
4.323333E1	4.866258E1	5.582853E-3
4.326667E1	4.869176E1	-5.391676E-3
4.330000E1	4.870082E1	-1.066426E-2
4.333333E1	4.872254E1	-1.099085E-2
4.336667E1	4.878747E1	-2.033631E-2
4.340000E1	4.880457E1	-2.422425E-2
4.343333E1	4.882339E1	-6.194830E-2
4.346667E1	4.883741E1	-7.831898E-2
4.350000E1	4.884729E1	-8.069548E-2
4.353333E1	4.887070E1	-1.032004E-1
4.356667E1	4.888312E1	-1.262401E-1
4.360000E1	4.888020E1	-1.413592E-1
4.363333E1	4.887997E1	-1.432641E-1
4.366667E1	4.885881E1	-1.588417E-1
4.370000E1	4.880943E1	-2.011642E-1
4.373333E1	4.878457E1	-2.234705E-1
4.376667E1	4.873081E1	-2.593865E-1
4.380000E1	4.872679E1	-2.725919E-1
4.383333E1	4.871989E1	-2.921498E-1
4.386667E1	4.873406E1	-2.980246E-1
4.390000E1	4.873792E1	-2.960163E-1
4.393333E1	4.874985E1	-3.002376E-1
4.396667E1	4.874659E1	-2.944633E-1
4.400000E1	4.876245E1	-2.938551E-1
4.403333E1	4.876677E1	-2.834909E-1
4.406667E1	4.876404E1	-2.798782E-1
4.410000E1	4.877591E1	-2.576792E-1
4.413333E1	4.880573E1	-2.568585E-1
4.416667E1	4.885316E1	-2.168197E-1
4.420000E1	4.887992E1	-1.846604E-1
4.423333E1	4.889011E1	-1.781107E-1
4.426667E1	4.892367E1	-1.409620E-1
4.430000E1	4.894930E1	-1.305355E-1
4.433333E1	4.897136E1	-9.604939E-2
4.436667E1	4.896307E1	-5.624713E-2
4.440000E1	4.894623E1	-4.245286E-2
4.443333E1	4.893090E1	-3.139129E-2
4.446667E1	4.893112E1	-3.978019E-2
4.450000E1	4.891999E1	-1.643505E-2
4.453333E1	4.889647E1	9.817592E-3
4.456667E1	4.885781E1	1.799960E-2
4.460000E1	4.883399E1	2.660858E-2
4.463333E1	4.881337E1	2.918976E-2
4.466667E1	4.879076E1	4.260271E-2
4.470000E1	4.878678E1	6.831211E-2
4.473333E1	4.879156E1	8.324528E-2
4.476667E1	4.879818E1	8.994827E-2
4.480000E1	4.880188E1	9.277880E-2
4.483333E1	4.881206E1	8.008032E-2
4.486667E1	4.881176E1	7.592792E-2
4.490000E1	4.881502E1	6.860010E-2
4.493333E1	4.882363E1	6.145490E-2
4.496667E1	4.882430E1	6.508282E-2
4.500000E1	4.882270E1	5.610590E-2
4.503333E1	4.881970E1	4.543069E-2
4.506667E1	4.881874E1	4.965794E-2
4.510000E1	4.881663E1	3.474118E-2
4.513333E1	4.881790E1	3.685189E-3
4.516667E1	4.881598E1	-2.166948E-2
4.520000E1	4.881014E1	-1.966559E-2
4.523333E1	4.879957E1	-1.737440E-2
4.526667E1	4.879453E1	-1.644874E-2
4.530000E1	4.879381E1	-1.474891E-2
4.533333E1	4.869160E1	-9.165476E-2
4.536667E1	4.863682E1	-1.137318E-1
4.540000E1	4.863536E1	-1.387105E-1
4.543333E1	4.861322E1	-1.642292E-1
4.546667E1	4.858191E1	-1.609540E-1
4.550000E1	4.857917E1	-1.631867E-1
4.553333E1	4.857385E1	-1.625762E-1
4.556667E1	4.858337E1	-1.564412E-1
4.560000E1	4.858662E1	-1.554012E-1
4.563333E1	4.859214E1	-1.520279E-1
4.566667E1	4.860609E1	-1.492038E-1
4.570000E1	4.860342E1	-1.408332E-1
4.573333E1	4.860915E1	-1.343005E-1
4.576667E1	4.861310E1	-1.190161E-1
4.580000E1	4.861755E1	-1.221570E-1
4.583333E1	4.865567E1	-7.746494E-2
4.586667E1	4.868272E1	-5.189821E-2
4.590000E1	4.868297E1	-4.374793E-2
4.593333E1	4.870560E1	-7.079228E-3
4.596667E1	4.872463E1	9.212614E-3
4.600000E1	4.874101E1	4.079742E-2
4.603333E1	4.875058E1	5.668296E-2
4.606667E1	4.873659E1	7.296910E-2
4.610000E1	4.872442E1	9.811518E-2
4.613333E1	4.872334E1	9.420424E-2
4.616667E1	4.869215E1	1.052092E-1
4.620000E1	4.865149E1	1.103554E-1
4.623333E1	4.863484E1	1.054759E-1
4.626667E1	4.860546E1	1.035781E-1
4.630000E1	4.858173E1	1.005388E-1
4.633333E1	4.856055E1	1.052983E-1
4.636667E1	4.856880E1	1.050412E-1
4.640000E1	4.857465E1	1.058081E-1
4.643333E1	4.858048E1	1.004973E-1
4.646667E1	4.858108E1	9.592028E-2
4.650000E1	4.859609E1	8.709604E-2
4.653333E1	4.860805E1	7.252140E-2
4.656667E1	4.861470E1	6.893166E-2
4.660000E1	4.862397E1	6.430765E-2
4.663333E1	4.862283E1	6.381430E-2
4.666667E1	4.862693E1	5.442763E-2
4.670000E1	4.863406E1	3.425596E-2
4.673333E1	4.866289E1	1.109553E-2
4.676667E1	4.868453E1	-1.124476E-2
4.680000E1	4.868240E1	-8.405558E-3
4.683333E1	4.871653E1	-2.530069E-2
4.686667E1	4.874403E1	-1.457926E-2
4.690000E1	4.874064E1	-1.495894E-2
4.693333E1	4.874465E1	-1.096114E-2
