	masse A		
t	x	y	
0.000000E0	-7.105427E-15	3.552714E-15
3.333333E-2	-2.552997E-3	-6.275065E-4
6.666667E-2	-1.790322E-3	-4.564649E-4
1.000000E-1	-8.694090E-3	9.498505E-4
1.333333E-1	-1.660353E-2	-5.442412E-3
1.666667E-1	-4.015653E-2	-3.061886E-3
2.000000E-1	-1.531111E-1	-1.122352E-2
2.333333E-1	-1.779074E-1	-8.682282E-3
2.666667E-1	-2.878297E-1	-1.286289E-2
3.000000E-1	-3.498640E-1	-1.315839E-2
3.333333E-1	-4.681326E-1	-2.766290E-2
3.666667E-1	-6.503498E-1	-4.287277E-2
4.000000E-1	-6.753624E-1	-6.816100E-2
4.333333E-1	-7.436772E-1	-8.557726E-2
4.666667E-1	-7.660097E-1	-9.308177E-2
5.000000E-1	-7.893023E-1	-8.580548E-2
5.333333E-1	-7.753327E-1	-8.449952E-2
5.666667E-1	-7.754412E-1	-8.536122E-2
6.000000E-1	-7.223291E-1	-8.311725E-2
6.333333E-1	-6.793943E-1	-8.108999E-2
6.666667E-1	-5.824070E-1	-8.178456E-2
7.000000E-1	-4.199320E-1	-7.402405E-2
7.333333E-1	-3.813485E-1	-6.844890E-2
7.666667E-1	-2.405098E-1	-5.912652E-2
8.000000E-1	-1.513130E-1	-4.671301E-2
8.333333E-1	-1.932052E-2	-2.818541E-2
8.666667E-1	1.479999E-1	2.042838E-2
9.000000E-1	1.941899E-1	2.131611E-2
9.333333E-1	3.599905E-1	8.308965E-3
9.666667E-1	4.677778E-1	3.261945E-2
1.000000E0	6.234809E-1	2.551683E-2
1.033333E0	8.047115E-1	1.460357E-2
1.066667E0	8.654513E-1	8.305019E-3
1.100000E0	9.986961E-1	4.846061E-3
1.133333E0	1.066646E0	5.579588E-3
1.166667E0	1.168072E0	-7.001315E-4
1.200000E0	1.284549E0	3.068213E-3
1.233333E0	1.311354E0	8.569256E-5
1.266667E0	1.378758E0	2.760661E-3
1.300000E0	1.403664E0	5.931558E-3
1.333333E0	1.448938E0	7.534579E-3
1.366667E0	1.495239E0	9.947909E-3
1.400000E0	1.514606E0	7.194967E-3
1.433333E0	1.545771E0	5.088979E-3
1.466667E0	1.552672E0	4.760716E-3
1.500000E0	1.581862E0	-4.258354E-5
1.533333E0	1.609456E0	-6.935527E-3
1.566667E0	1.602063E0	-5.924380E-3
1.600000E0	1.602038E0	-1.035585E-2
1.633333E0	1.594924E0	-1.039407E-2
1.666667E0	1.580814E0	-1.524593E-2
1.700000E0	1.548170E0	-1.852296E-2
1.733333E0	1.540528E0	-1.686843E-2
1.766667E0	1.450274E0	-1.828658E-2
1.800000E0	1.405312E0	-1.727660E-2
1.833333E0	1.335042E0	-1.721550E-2
1.866667E0	1.233374E0	-2.713778E-2
1.900000E0	1.188785E0	-8.023336E-3
1.933333E0	1.075863E0	-1.389082E-2
1.966667E0	1.011812E0	-2.750067E-2
2.000000E0	8.983557E-1	-5.787650E-2
2.033333E0	7.700975E-1	-9.807645E-2
2.066667E0	7.341146E-1	-1.118688E-1
2.100000E0	7.025266E-1	-1.353369E-1
2.133333E0	7.016281E-1	-1.448595E-1
2.166667E0	7.060372E-1	-1.506077E-1
2.200000E0	7.169636E-1	-1.555878E-1
2.233333E0	7.263675E-1	-1.533459E-1
2.266667E0	7.485340E-1	-1.569165E-1
2.300000E0	7.677687E-1	-1.539358E-1
2.333333E0	8.377014E-1	-1.487187E-1
2.366667E0	9.406461E-1	-1.370536E-1
2.400000E0	9.710064E-1	-1.281126E-1
2.433333E0	1.078252E0	-1.310918E-1
2.466667E0	1.129741E0	-1.188192E-1
2.500000E0	1.217235E0	-1.158111E-1
2.533333E0	1.397519E0	-1.049465E-1
2.566667E0	1.440635E0	-8.066552E-2
2.600000E0	1.583538E0	-6.731871E-2
2.633333E0	1.690135E0	-4.173966E-2
2.666667E0	1.858679E0	-2.988385E-2
2.700000E0	2.016411E0	6.693378E-3
2.733333E0	2.071938E0	7.322602E-3
2.766667E0	2.217778E0	9.872780E-3
2.800000E0	2.297038E0	1.325935E-2
2.833333E0	2.387955E0	1.236825E-2
2.866667E0	2.493395E0	3.063023E-2
2.900000E0	2.526084E0	2.128333E-2
2.933333E0	2.580031E0	2.594127E-2
2.966667E0	2.609945E0	2.523357E-2
3.000000E0	2.620878E0	2.431572E-2
3.033333E0	2.642538E0	3.245328E-2
3.066667E0	2.661745E0	1.982650E-2
3.100000E0	2.676296E0	1.224221E-2
3.133333E0	2.677704E0	5.711065E-3
3.166667E0	2.679137E0	-1.658079E-3
3.200000E0	2.682366E0	-8.493281E-3
3.233333E0	2.678070E0	-6.397313E-3
3.266667E0	2.675693E0	-1.293578E-2
3.300000E0	2.668566E0	-1.411537E-2
3.333333E0	2.654230E0	-2.453037E-2
3.366667E0	2.597382E0	-4.806801E-2
3.400000E0	2.575367E0	-6.227142E-2
3.433333E0	2.511039E0	-8.067505E-2
3.466667E0	2.463371E0	-9.331099E-2
3.500000E0	2.394727E0	-9.668132E-2
3.533333E0	2.250778E0	-1.108921E-1
3.566667E0	2.194547E0	-1.278129E-1
3.600000E0	2.088289E0	-1.620536E-1
3.633333E0	2.029783E0	-1.730455E-1
3.666667E0	1.918942E0	-1.856845E-1
3.700000E0	1.808075E0	-2.610030E-1
3.733333E0	1.795946E0	-2.740901E-1
3.766667E0	1.769837E0	-2.902887E-1
3.800000E0	1.748256E0	-3.024705E-1
3.833333E0	1.733715E0	-3.064330E-1
3.866667E0	1.748611E0	-3.134543E-1
3.900000E0	1.751715E0	-3.052665E-1
3.933333E0	1.791864E0	-3.007170E-1
3.966667E0	1.834971E0	-2.930077E-1
4.000000E0	1.891094E0	-2.932300E-1
4.033333E0	2.000896E0	-2.722778E-1
4.066667E0	2.029018E0	-2.702675E-1
4.100000E0	2.128043E0	-2.520677E-1
4.133333E0	2.190769E0	-2.406771E-1
4.166667E0	2.285711E0	-1.918761E-1
4.200000E0	2.449828E0	-1.635826E-1
4.233333E0	2.500993E0	-1.420878E-1
4.266667E0	2.646790E0	-1.263679E-1
4.300000E0	2.749115E0	-1.125946E-1
4.333333E0	2.885734E0	-9.134115E-2
4.366667E0	3.039585E0	-5.016171E-2
4.400000E0	3.089274E0	-4.899503E-2
4.433333E0	3.229652E0	-5.809685E-2
4.466667E0	3.299524E0	-4.909353E-2
4.500000E0	3.406119E0	-4.747187E-2
4.533333E0	3.466136E0	-4.575665E-2
4.566667E0	3.502669E0	-5.044957E-2
4.600000E0	3.570879E0	-4.832371E-2
4.633333E0	3.599372E0	-5.030149E-2
4.666667E0	3.633266E0	-4.958500E-2
4.700000E0	3.680696E0	-5.350084E-2
4.733333E0	3.689177E0	-5.733322E-2
4.766667E0	3.698873E0	-6.122675E-2
4.800000E0	3.690051E0	-6.484773E-2
4.833333E0	3.693351E0	-6.853562E-2
4.866667E0	3.693626E0	-7.722656E-2
4.900000E0	3.687431E0	-7.786135E-2
4.933333E0	3.682636E0	-8.188795E-2
4.966667E0	3.678657E0	-8.394738E-2
5.000000E0	3.663239E0	-1.003676E-1
5.033333E0	3.645054E0	-1.069188E-1
5.066667E0	3.609895E0	-1.102630E-1
5.100000E0	3.543383E0	-1.450707E-1
5.133333E0	3.516629E0	-1.480877E-1
5.166667E0	3.417557E0	-1.543211E-1
5.200000E0	3.348724E0	-1.602960E-1
5.233333E0	3.275778E0	-1.553211E-1
5.266667E0	3.170932E0	-1.582791E-1
5.300000E0	3.129247E0	-1.574221E-1
5.333333E0	2.987035E0	-1.984666E-1
5.366667E0	2.905400E0	-2.473225E-1
5.400000E0	2.867314E0	-2.401161E-1
5.433333E0	2.815049E0	-2.510693E-1
5.466667E0	2.790274E0	-2.416799E-1
5.500000E0	2.799929E0	-2.458614E-1
5.533333E0	2.814497E0	-2.481679E-1
5.566667E0	2.830487E0	-2.471596E-1
5.600000E0	2.871099E0	-2.374842E-1
5.633333E0	2.891963E0	-2.314631E-1
5.666667E0	2.983524E0	-2.273671E-1
5.700000E0	3.038431E0	-2.101258E-1
5.733333E0	3.085441E0	-2.053988E-1
5.766667E0	3.185517E0	-1.985754E-1
5.800000E0	3.216472E0	-1.830508E-1
5.833333E0	3.370661E0	-1.525452E-1
5.866667E0	3.487093E0	-1.313738E-1
5.900000E0	3.586755E0	-1.027177E-1
5.933333E0	3.741185E0	-8.060861E-2
5.966667E0	3.789272E0	-7.299596E-2
6.000000E0	4.002200E0	-4.520339E-2
6.033333E0	4.129962E0	-4.858285E-2
6.066667E0	4.197441E0	-6.478871E-2
6.100000E0	4.327456E0	-6.518082E-2
6.133333E0	4.378172E0	-6.101579E-2
6.166667E0	4.536484E0	-6.235230E-2
6.200000E0	4.604977E0	-6.110460E-2
6.233333E0	4.656095E0	-5.916779E-2
6.266667E0	4.725122E0	-5.753668E-2
6.300000E0	4.754348E0	-6.082137E-2
6.333333E0	4.804047E0	-4.983772E-2
6.366667E0	4.834318E0	-5.297438E-2
6.400000E0	4.843926E0	-5.972724E-2
6.433333E0	4.853409E0	-5.937525E-2
6.466667E0	4.879172E0	-6.581727E-2
6.500000E0	4.906859E0	-7.749707E-2
6.533333E0	4.911731E0	-8.446589E-2
6.566667E0	4.914750E0	-8.487359E-2
6.600000E0	4.917012E0	-8.796106E-2
6.633333E0	4.911400E0	-8.519031E-2
6.666667E0	4.894876E0	-9.282432E-2
6.700000E0	4.885302E0	-9.846327E-2
6.733333E0	4.871928E0	-9.502991E-2
6.766667E0	4.837669E0	-1.043584E-1
6.800000E0	4.805680E0	-9.395469E-2
6.833333E0	4.718769E0	-8.890895E-2
6.866667E0	4.649401E0	-8.592655E-2
6.900000E0	4.583605E0	-8.608549E-2
6.933333E0	4.478523E0	-9.076946E-2
6.966667E0	4.438878E0	-9.085735E-2
7.000000E0	4.296359E0	-1.236231E-1
7.033333E0	4.224959E0	-1.674762E-1
7.066667E0	4.191120E0	-1.846572E-1
7.100000E0	4.140757E0	-2.114444E-1
7.133333E0	4.134904E0	-2.238639E-1
7.166667E0	4.149791E0	-2.314706E-1
7.200000E0	4.170430E0	-2.373535E-1
7.233333E0	4.185706E0	-2.466547E-1
7.266667E0	4.223362E0	-2.424002E-1
7.300000E0	4.260429E0	-2.399855E-1
7.333333E0	4.341628E0	-2.358739E-1
7.366667E0	4.403298E0	-2.243822E-1
7.400000E0	4.448562E0	-2.101641E-1
7.433333E0	4.540585E0	-2.031552E-1
7.466667E0	4.571946E0	-1.908636E-1
7.500000E0	4.623185E0	-1.967520E-1
7.533333E0	4.817485E0	-1.395248E-1
7.566667E0	4.893495E0	-1.313695E-1
7.600000E0	5.042811E0	-1.319200E-1
7.633333E0	5.103356E0	-1.219917E-1
7.666667E0	5.307781E0	-1.003209E-1
7.700000E0	5.438201E0	-6.277163E-2
7.733333E0	5.532230E0	-6.378351E-2
7.766667E0	5.634014E0	-6.632266E-2
7.800000E0	5.646654E0	-6.064290E-2
7.833333E0	5.856943E0	-6.311670E-2
7.866667E0	5.918400E0	-6.247767E-2
7.900000E0	5.953803E0	-5.922701E-2
7.933333E0	6.015776E0	-5.180902E-2
7.966667E0	6.042083E0	-5.564562E-2
8.000000E0	6.091133E0	-4.559222E-2
8.033333E0	6.125697E0	-4.856953E-2
8.066667E0	6.130994E0	-5.392915E-2
8.100000E0	6.137273E0	-5.707257E-2
8.133333E0	6.130852E0	-6.379085E-2
8.166667E0	6.133496E0	-7.356488E-2
8.200000E0	6.129963E0	-8.066953E-2
8.233333E0	6.126887E0	-8.272721E-2
8.266667E0	6.121703E0	-8.244538E-2
8.300000E0	6.116945E0	-8.089244E-2
8.333333E0	6.101921E0	-9.122955E-2
8.366667E0	6.082842E0	-9.114487E-2
8.400000E0	6.070564E0	-9.786701E-2
8.433333E0	5.983507E0	-9.578060E-2
8.466667E0	5.957119E0	-9.608801E-2
8.500000E0	5.842201E0	-1.046769E-1
8.533333E0	5.752257E0	-9.311392E-2
8.566667E0	5.670381E0	-8.612799E-2
8.600000E0	5.536460E0	-8.587918E-2
8.633333E0	5.489108E0	-8.915657E-2
8.666667E0	5.286807E0	-1.337491E-1
8.700000E0	5.219446E0	-1.689753E-1
8.733333E0	5.155554E0	-1.833831E-1
8.766667E0	5.098470E0	-2.117796E-1
8.800000E0	5.087036E0	-2.150114E-1
8.833333E0	5.074238E0	-2.138718E-1
8.866667E0	5.087893E0	-2.213007E-1
8.900000E0	5.101851E0	-2.251510E-1
8.933333E0	5.117168E0	-2.245881E-1
8.966667E0	5.125578E0	-2.250371E-1
9.000000E0	5.186354E0	-2.107247E-1
9.033333E0	5.230224E0	-2.054738E-1
9.066667E0	5.265213E0	-1.951197E-1
9.100000E0	5.330962E0	-1.887159E-1
9.133333E0	5.343974E0	-1.899916E-1
9.166667E0	5.459566E0	-1.336644E-1
9.200000E0	5.530688E0	-1.144275E-1
9.233333E0	5.618101E0	-1.059268E-1
9.266667E0	5.724696E0	-6.581097E-2
9.300000E0	5.768376E0	-6.022040E-2
9.333333E0	5.923471E0	-3.443709E-2
9.366667E0	6.019834E0	1.173233E-2
9.400000E0	6.070786E0	2.817122E-3
9.433333E0	6.173739E0	1.407240E-2
9.466667E0	6.203952E0	8.855875E-3
9.500000E0	6.311626E0	2.493252E-2
9.533333E0	6.353023E0	1.332166E-2
9.566667E0	6.358316E0	7.906218E-3
9.600000E0	6.388732E0	2.115764E-2
9.633333E0	6.405458E0	1.592230E-2
9.666667E0	6.415671E0	2.491042E-2
9.700000E0	6.413176E0	2.474850E-2
9.733333E0	6.408615E0	1.980654E-2
9.766667E0	6.401450E0	2.038264E-2
9.800000E0	6.400397E0	1.026971E-2
9.833333E0	6.396507E0	-2.809198E-4
9.866667E0	6.391700E0	-8.830010E-3
9.900000E0	6.390991E0	-4.997795E-3
9.933333E0	6.384810E0	-7.954075E-3
9.966667E0	6.380162E0	-8.681719E-3
1.000000E1	6.335206E0	-1.830266E-2
1.003333E1	6.290705E0	-3.062822E-2
1.006667E1	6.243294E0	-2.174469E-2
1.010000E1	6.172268E0	-2.045385E-2
1.013333E1	6.140856E0	-2.380181E-2
1.016667E1	6.005688E0	-1.630358E-2
1.020000E1	5.931496E0	-2.651907E-2
1.023333E1	5.835596E0	-1.535462E-2
1.026667E1	5.690307E0	-1.793040E-2
1.030000E1	5.642569E0	-3.404171E-2
1.033333E1	5.455477E0	-8.339220E-2
1.036667E1	5.354429E0	-1.240300E-1
1.040000E1	5.308699E0	-1.388879E-1
1.043333E1	5.253423E0	-1.582516E-1
1.046667E1	5.228757E0	-1.593578E-1
1.050000E1	5.226466E0	-1.636592E-1
1.053333E1	5.237228E0	-1.584404E-1
1.056667E1	5.255218E0	-1.661997E-1
1.060000E1	5.283696E0	-1.708992E-1
1.063333E1	5.292808E0	-1.605238E-1
1.066667E1	5.381329E0	-1.546603E-1
1.070000E1	5.445486E0	-1.412497E-1
1.073333E1	5.496421E0	-1.410489E-1
1.076667E1	5.580465E0	-1.196361E-1
1.080000E1	5.614702E0	-1.197828E-1
1.083333E1	5.749684E0	-9.008701E-2
1.086667E1	5.865214E0	-4.978708E-2
1.090000E1	5.915953E0	-5.218132E-2
1.093333E1	6.051486E0	-5.421789E-2
1.096667E1	6.132933E0	-4.510791E-2
1.100000E1	6.368336E0	-4.102260E-3
1.103333E1	6.488522E0	5.664816E-3
1.106667E1	6.577244E0	-1.678467E-3
1.110000E1	6.684348E0	1.413793E-3
1.113333E1	6.723097E0	5.456166E-3
1.116667E1	6.879329E0	7.263026E-3
1.120000E1	6.945858E0	6.745696E-3
1.123333E1	6.994254E0	5.488685E-3
1.126667E1	7.043669E0	1.330884E-2
1.130000E1	7.060467E0	8.457835E-3
1.133333E1	7.105981E0	1.837422E-2
1.136667E1	7.137794E0	1.410432E-2
1.140000E1	7.144509E0	1.030960E-2
1.143333E1	7.154219E0	3.266737E-3
1.146667E1	7.154964E0	3.860167E-3
1.150000E1	7.205054E0	-7.444077E-3
1.153333E1	7.218197E0	-1.298434E-2
1.156667E1	7.220810E0	-1.575329E-2
1.160000E1	7.222992E0	-2.122344E-2
1.163333E1	7.212434E0	-2.084017E-2
1.166667E1	7.200234E0	-3.029396E-2
1.170000E1	7.190717E0	-3.241583E-2
1.173333E1	7.177096E0	-2.649210E-2
1.176667E1	7.149419E0	-3.527153E-2
1.180000E1	7.111829E0	-2.599654E-2
1.183333E1	7.032633E0	-2.985971E-2
1.186667E1	6.960666E0	-2.765963E-2
1.190000E1	6.909077E0	-2.470272E-2
1.193333E1	6.802933E0	-2.262348E-2
1.196667E1	6.770170E0	-3.566583E-2
1.200000E1	6.637151E0	-1.071927E-1
1.203333E1	6.576610E0	-1.235306E-1
1.206667E1	6.544562E0	-1.460660E-1
1.210000E1	6.516829E0	-1.573116E-1
1.213333E1	6.529562E0	-1.590376E-1
1.216667E1	6.549116E0	-1.707290E-1
1.220000E1	6.565368E0	-1.841220E-1
1.223333E1	6.592475E0	-2.111102E-1
1.226667E1	6.670523E0	-2.286364E-1
1.230000E1	6.698024E0	-2.285295E-1
1.233333E1	6.803851E0	-2.164591E-1
1.236667E1	6.890356E0	-2.094914E-1
1.240000E1	6.952035E0	-1.983211E-1
1.243333E1	7.062041E0	-2.028002E-1
1.246667E1	7.104174E0	-1.918614E-1
1.250000E1	7.271476E0	-1.624547E-1
1.253333E1	7.385361E0	-1.295564E-1
1.256667E1	7.520269E0	-9.749157E-2
1.260000E1	7.675190E0	-7.636982E-2
1.263333E1	7.722639E0	-7.356465E-2
1.266667E1	7.849228E0	-6.709735E-2
1.270000E1	7.976895E0	-5.411102E-2
1.273333E1	8.112067E0	-5.595458E-2
1.276667E1	8.271544E0	-6.005056E-2
1.280000E1	8.319842E0	-5.526898E-2
1.283333E1	8.462203E0	-5.368015E-2
1.286667E1	8.552184E0	-5.136441E-2
1.290000E1	8.584631E0	-6.156743E-2
1.293333E1	8.647139E0	-6.246953E-2
1.296667E1	8.678601E0	-4.969600E-2
1.300000E1	8.732135E0	-5.421165E-2
1.303333E1	8.786567E0	-4.683758E-2
1.306667E1	8.794246E0	-5.393330E-2
1.310000E1	8.826108E0	-5.201289E-2
1.313333E1	8.854435E0	-6.006505E-2
1.316667E1	8.851277E0	-6.384113E-2
1.320000E1	8.933554E0	-8.129350E-2
1.323333E1	8.938977E0	-7.939760E-2
1.326667E1	8.960092E0	-8.166745E-2
1.330000E1	8.988007E0	-8.468035E-2
1.333333E1	9.002834E0	-9.078126E-2
1.336667E1	9.001284E0	-1.057315E-1
1.340000E1	8.993713E0	-9.671746E-2
1.343333E1	8.977999E0	-1.073092E-1
1.346667E1	8.971887E0	-9.685055E-2
1.350000E1	8.933463E0	-1.043153E-1
1.353333E1	8.850750E0	-1.050575E-1
1.356667E1	8.825989E0	-9.450831E-2
1.360000E1	8.747240E0	-9.049089E-2
1.363333E1	8.682898E0	-1.144210E-1
1.366667E1	8.624626E0	-1.655423E-1
1.370000E1	8.536822E0	-2.071383E-1
1.373333E1	8.539227E0	-2.190778E-1
1.376667E1	8.533034E0	-2.339236E-1
1.380000E1	8.541812E0	-2.388966E-1
1.383333E1	8.560678E0	-2.456561E-1
1.386667E1	8.610848E0	-2.458712E-1
1.390000E1	8.644621E0	-2.417879E-1
1.393333E1	8.710843E0	-2.370996E-1
1.396667E1	8.754155E0	-2.371818E-1
1.400000E1	8.834555E0	-2.269767E-1
1.403333E1	8.966730E0	-2.111997E-1
1.406667E1	9.005800E0	-2.129440E-1
1.410000E1	9.114527E0	-2.026220E-1
1.413333E1	9.174176E0	-1.901656E-1
1.416667E1	9.283019E0	-1.841146E-1
1.420000E1	9.460598E0	-1.475943E-1
1.423333E1	9.522499E0	-1.456995E-1
1.426667E1	9.656520E0	-1.318532E-1
1.430000E1	9.790593E0	-9.097153E-2
1.433333E1	9.918299E0	-6.233110E-2
1.436667E1	1.008094E1	-4.541873E-2
1.440000E1	1.012243E1	-3.693372E-2
1.443333E1	1.028672E1	-5.154580E-2
1.446667E1	1.036050E1	-4.612278E-2
1.450000E1	1.048204E1	-2.644713E-2
1.453333E1	1.061031E1	-2.946241E-3
1.456667E1	1.064822E1	-2.236710E-3
1.460000E1	1.072685E1	3.102649E-3
1.463333E1	1.076771E1	1.795528E-2
1.466667E1	1.081186E1	1.302157E-2
1.470000E1	1.086591E1	2.424933E-2
1.473333E1	1.087848E1	1.723013E-2
1.476667E1	1.090866E1	1.919054E-2
1.480000E1	1.093275E1	1.345148E-2
1.483333E1	1.096231E1	4.561936E-3
1.486667E1	1.099307E1	-5.883692E-4
1.490000E1	1.100554E1	-1.210692E-3
1.493333E1	1.102715E1	-5.911826E-3
1.496667E1	1.102662E1	-9.301011E-3
1.500000E1	1.102117E1	-1.064079E-2
1.503333E1	1.102000E1	-2.762935E-2
1.506667E1	1.100835E1	-2.188379E-2
1.510000E1	1.098960E1	-2.297244E-2
1.513333E1	1.098296E1	-2.184994E-2
1.516667E1	1.095041E1	-2.516653E-2
1.520000E1	1.086645E1	-2.822416E-2
1.523333E1	1.084136E1	-1.763197E-2
1.526667E1	1.074771E1	-3.328359E-2
1.530000E1	1.068974E1	-2.676313E-2
1.533333E1	1.060235E1	-6.839096E-2
1.536667E1	1.049314E1	-1.219612E-1
1.540000E1	1.048458E1	-1.366422E-1
1.543333E1	1.047315E1	-1.502946E-1
1.546667E1	1.048086E1	-1.523163E-1
1.550000E1	1.048879E1	-1.504989E-1
1.553333E1	1.050987E1	-1.592777E-1
1.556667E1	1.051663E1	-1.575801E-1
1.560000E1	1.055268E1	-1.587675E-1
1.563333E1	1.060498E1	-1.575979E-1
1.566667E1	1.065516E1	-1.542728E-1
1.570000E1	1.075517E1	-1.376721E-1
1.573333E1	1.079106E1	-1.413453E-1
1.576667E1	1.088719E1	-1.355541E-1
1.580000E1	1.092755E1	-1.224731E-1
1.583333E1	1.099382E1	-1.090951E-1
1.586667E1	1.115523E1	-8.747091E-2
1.590000E1	1.117957E1	-7.624513E-2
1.593333E1	1.128654E1	-5.965126E-2
1.596667E1	1.140732E1	-2.323215E-2
1.600000E1	1.154568E1	8.696841E-3
1.603333E1	1.171489E1	3.596958E-2
1.606667E1	1.174820E1	5.382443E-2
1.610000E1	1.185626E1	6.913086E-2
1.613333E1	1.192145E1	7.708740E-2
1.616667E1	1.200490E1	8.608884E-2
1.620000E1	1.210206E1	8.372712E-2
1.623333E1	1.211597E1	8.408296E-2
1.626667E1	1.217893E1	7.919517E-2
1.630000E1	1.219197E1	8.668073E-2
1.633333E1	1.223211E1	9.196205E-2
1.636667E1	1.226761E1	1.012828E-1
1.640000E1	1.228713E1	8.899348E-2
1.643333E1	1.230651E1	8.498811E-2
1.646667E1	1.231172E1	8.054888E-2
1.650000E1	1.231233E1	7.247320E-2
1.653333E1	1.232814E1	7.208968E-2
1.656667E1	1.231573E1	6.830710E-2
1.660000E1	1.231104E1	6.637396E-2
1.663333E1	1.230590E1	6.528765E-2
1.666667E1	1.229412E1	5.858727E-2
1.670000E1	1.228152E1	3.663224E-2
1.673333E1	1.227895E1	4.688183E-2
1.676667E1	1.224997E1	4.503533E-2
1.680000E1	1.219872E1	4.916375E-2
1.683333E1	1.214353E1	4.308106E-2
1.686667E1	1.204115E1	3.776589E-2
1.690000E1	1.199573E1	5.192738E-2
1.693333E1	1.189580E1	4.270053E-2
1.696667E1	1.180936E1	1.436274E-2
1.700000E1	1.171924E1	-2.261491E-2
1.703333E1	1.159970E1	-7.417580E-2
1.706667E1	1.157146E1	-7.537472E-2
1.710000E1	1.154810E1	-8.593044E-2
1.713333E1	1.154961E1	-8.996224E-2
1.716667E1	1.155062E1	-8.578064E-2
1.720000E1	1.157653E1	-9.572177E-2
1.723333E1	1.157885E1	-9.036231E-2
1.726667E1	1.160033E1	-9.849747E-2
1.730000E1	1.161588E1	-8.861535E-2
1.733333E1	1.167966E1	-8.016193E-2
1.736667E1	1.174040E1	-7.151101E-2
1.740000E1	1.175422E1	-6.748964E-2
1.743333E1	1.183108E1	-4.816914E-2
1.746667E1	1.188265E1	-4.878457E-2
1.750000E1	1.194488E1	-4.086273E-2
1.753333E1	1.207231E1	-1.283166E-2
1.756667E1	1.211329E1	2.960495E-3
1.760000E1	1.220914E1	1.613112E-2
1.763333E1	1.228169E1	2.372350E-2
1.766667E1	1.238086E1	2.571752E-2
1.770000E1	1.252553E1	3.861694E-2
1.773333E1	1.255135E1	6.297551E-2
1.776667E1	1.266307E1	6.860553E-2
1.780000E1	1.271726E1	7.452965E-2
1.783333E1	1.278258E1	7.881261E-2
1.786667E1	1.284909E1	8.027592E-2
1.790000E1	1.288322E1	7.510008E-2
1.793333E1	1.293224E1	7.840036E-2
1.796667E1	1.295088E1	7.879500E-2
1.800000E1	1.296064E1	8.102171E-2
1.803333E1	1.297147E1	8.277489E-2
1.806667E1	1.296426E1	8.211399E-2
1.810000E1	1.296141E1	8.260878E-2
1.813333E1	1.295887E1	7.931733E-2
1.816667E1	1.295638E1	7.097809E-2
1.820000E1	1.295759E1	6.729282E-2
1.823333E1	1.295464E1	6.652745E-2
1.826667E1	1.294985E1	5.858417E-2
1.830000E1	1.294488E1	5.763078E-2
1.833333E1	1.293260E1	5.210383E-2
1.836667E1	1.290008E1	1.103803E-2
1.840000E1	1.287565E1	3.672997E-3
1.843333E1	1.282593E1	-1.941986E-2
1.846667E1	1.277613E1	-1.803718E-2
1.850000E1	1.272089E1	-2.679247E-2
1.853333E1	1.261069E1	-3.074391E-2
1.856667E1	1.256373E1	-1.822689E-2
1.860000E1	1.245376E1	-1.722672E-2
1.863333E1	1.238301E1	-3.463510E-2
1.866667E1	1.227040E1	-5.706186E-2
1.870000E1	1.215419E1	-1.259673E-1
1.873333E1	1.212990E1	-1.390673E-1
1.876667E1	1.208409E1	-1.599933E-1
1.880000E1	1.206730E1	-1.586963E-1
1.883333E1	1.207164E1	-1.547546E-1
1.886667E1	1.208308E1	-1.675339E-1
1.890000E1	1.208299E1	-1.613644E-1
1.893333E1	1.210102E1	-1.638480E-1
1.896667E1	1.211312E1	-1.632661E-1
1.900000E1	1.215461E1	-1.598194E-1
1.903333E1	1.222292E1	-1.414378E-1
1.906667E1	1.223854E1	-1.397117E-1
1.910000E1	1.230307E1	-1.300880E-1
1.913333E1	1.234644E1	-1.189050E-1
1.916667E1	1.241247E1	-1.085054E-1
1.920000E1	1.255834E1	-7.813903E-2
1.923333E1	1.260438E1	-7.420299E-2
1.926667E1	1.270747E1	-4.807555E-2
1.930000E1	1.277625E1	-4.045462E-2
1.933333E1	1.286692E1	-3.775391E-2
1.936667E1	1.300751E1	-1.606417E-2
1.940000E1	1.304247E1	-1.142164E-2
1.943333E1	1.313025E1	1.103905E-2
1.946667E1	1.317953E1	5.651365E-3
1.950000E1	1.323654E1	1.504075E-2
1.953333E1	1.330673E1	1.260713E-2
1.956667E1	1.331555E1	7.181744E-3
1.960000E1	1.333544E1	9.468965E-3
1.963333E1	1.333365E1	8.594243E-3
1.966667E1	1.333118E1	1.260922E-2
1.970000E1	1.333063E1	2.112848E-2
1.973333E1	1.332128E1	1.458572E-2
1.976667E1	1.331519E1	1.116561E-2
1.980000E1	1.331139E1	5.628498E-3
1.983333E1	1.331267E1	-7.009421E-4
1.986667E1	1.331369E1	-1.243396E-2
1.990000E1	1.331032E1	-1.042690E-2
1.993333E1	1.330546E1	-1.661834E-2
1.996667E1	1.330264E1	-1.844311E-2
2.000000E1	1.329008E1	-2.495169E-2
2.003333E1	1.326101E1	-5.726939E-2
2.006667E1	1.322650E1	-7.139110E-2
2.010000E1	1.317762E1	-9.222398E-2
2.013333E1	1.313870E1	-9.561265E-2
2.016667E1	1.308159E1	-9.817553E-2
2.020000E1	1.296101E1	-1.240705E-1
2.023333E1	1.292173E1	-1.304729E-1
2.026667E1	1.280563E1	-1.579917E-1
2.030000E1	1.275595E1	-1.670113E-1
2.033333E1	1.265428E1	-1.763223E-1
2.036667E1	1.252956E1	-2.294977E-1
2.040000E1	1.250512E1	-2.336454E-1
2.043333E1	1.248623E1	-2.329725E-1
2.046667E1	1.248312E1	-2.288728E-1
2.050000E1	1.249117E1	-2.329753E-1
2.053333E1	1.250655E1	-2.325399E-1
2.056667E1	1.251357E1	-2.322587E-1
2.060000E1	1.253777E1	-2.342165E-1
2.063333E1	1.255381E1	-2.302223E-1
2.066667E1	1.262831E1	-2.224103E-1
2.070000E1	1.270500E1	-2.122886E-1
2.073333E1	1.273988E1	-2.119551E-1
2.076667E1	1.280059E1	-2.011985E-1
2.080000E1	1.285055E1	-1.914072E-1
2.083333E1	1.293458E1	-1.816550E-1
2.086667E1	1.307401E1	-1.342592E-1
2.090000E1	1.311489E1	-1.358022E-1
2.093333E1	1.322023E1	-1.289309E-1
2.096667E1	1.334286E1	-9.757759E-2
2.100000E1	1.342908E1	-6.288336E-2
2.103333E1	1.357354E1	-4.058131E-2
2.106667E1	1.362626E1	-4.161839E-2
2.110000E1	1.373970E1	-5.510350E-2
2.113333E1	1.378726E1	-4.473958E-2
2.116667E1	1.385417E1	-3.974121E-2
2.120000E1	1.395241E1	-4.791259E-2
2.123333E1	1.397067E1	-5.746204E-2
2.126667E1	1.399640E1	-5.266375E-2
2.130000E1	1.402502E1	-5.803005E-2
2.133333E1	1.406178E1	-5.405124E-2
2.136667E1	1.409806E1	-4.849422E-2
2.140000E1	1.410530E1	-5.121829E-2
2.143333E1	1.411428E1	-5.650240E-2
2.146667E1	1.410756E1	-5.981522E-2
2.150000E1	1.411946E1	-7.317830E-2
2.153333E1	1.412406E1	-8.258918E-2
2.156667E1	1.411523E1	-8.313238E-2
2.160000E1	1.411735E1	-8.384390E-2
2.163333E1	1.411030E1	-8.237456E-2
2.166667E1	1.410112E1	-9.638210E-2
2.170000E1	1.408974E1	-1.060333E-1
2.173333E1	1.408413E1	-9.892326E-2
2.176667E1	1.406245E1	-9.342116E-2
2.180000E1	1.406594E1	-8.500493E-2
2.183333E1	1.396349E1	-1.134357E-1
2.186667E1	1.391795E1	-1.266340E-1
2.190000E1	1.386644E1	-1.417794E-1
2.193333E1	1.377906E1	-1.473432E-1
2.196667E1	1.375066E1	-1.610923E-1
2.200000E1	1.360469E1	-2.094143E-1
2.203333E1	1.353232E1	-2.450662E-1
2.206667E1	1.349947E1	-2.487932E-1
2.210000E1	1.344599E1	-2.619866E-1
2.213333E1	1.343775E1	-2.837441E-1
2.216667E1	1.343826E1	-2.915982E-1
2.220000E1	1.344702E1	-2.983842E-1
2.223333E1	1.346239E1	-2.970412E-1
2.226667E1	1.350923E1	-3.009862E-1
2.230000E1	1.353300E1	-2.984990E-1
2.233333E1	1.361544E1	-2.960443E-1
2.236667E1	1.366782E1	-2.843180E-1
2.240000E1	1.370621E1	-2.786641E-1
2.243333E1	1.379899E1	-2.702825E-1
2.246667E1	1.383344E1	-2.680803E-1
2.250000E1	1.395928E1	-2.326945E-1
2.253333E1	1.405683E1	-1.817958E-1
2.256667E1	1.414383E1	-1.674814E-1
2.260000E1	1.427488E1	-1.420665E-1
2.263333E1	1.433057E1	-1.385193E-1
2.266667E1	1.448402E1	-1.171413E-1
2.270000E1	1.458201E1	-9.788479E-2
2.273333E1	1.464120E1	-7.864321E-2
2.276667E1	1.477823E1	-6.051564E-2
2.280000E1	1.482323E1	-5.724986E-2
2.283333E1	1.493570E1	-4.764919E-2
2.286667E1	1.500589E1	-5.291938E-2
2.290000E1	1.505661E1	-6.315014E-2
2.293333E1	1.510065E1	-6.108800E-2
2.296667E1	1.511464E1	-5.804144E-2
2.300000E1	1.515204E1	-4.997445E-2
2.303333E1	1.518336E1	-5.159682E-2
2.306667E1	1.519099E1	-5.260371E-2
2.310000E1	1.520370E1	-5.523630E-2
2.313333E1	1.519905E1	-6.180539E-2
2.316667E1	1.521536E1	-6.485724E-2
2.320000E1	1.524499E1	-7.638121E-2
2.323333E1	1.525217E1	-7.922369E-2
2.326667E1	1.526009E1	-8.025533E-2
2.330000E1	1.525412E1	-7.858149E-2
2.333333E1	1.524837E1	-9.519920E-2
2.336667E1	1.523917E1	-1.030254E-1
2.340000E1	1.523629E1	-9.360530E-2
2.343333E1	1.521703E1	-9.452196E-2
2.346667E1	1.521537E1	-8.725271E-2
2.350000E1	1.514310E1	-9.506647E-2
2.353333E1	1.510199E1	-9.917994E-2
2.356667E1	1.506534E1	-8.737640E-2
2.360000E1	1.496766E1	-9.370449E-2
2.363333E1	1.493672E1	-8.686464E-2
2.366667E1	1.480033E1	-1.451053E-1
2.370000E1	1.471198E1	-1.801050E-1
2.373333E1	1.468243E1	-2.169658E-1
2.376667E1	1.464411E1	-2.289937E-1
2.380000E1	1.464916E1	-2.274569E-1
2.383333E1	1.465478E1	-2.296151E-1
2.386667E1	1.466977E1	-2.338188E-1
2.390000E1	1.468452E1	-2.354265E-1
2.393333E1	1.472885E1	-2.359915E-1
2.396667E1	1.475242E1	-2.387524E-1
2.400000E1	1.482532E1	-2.359842E-1
2.403333E1	1.487919E1	-2.172239E-1
2.406667E1	1.492419E1	-2.033193E-1
2.410000E1	1.502316E1	-2.006125E-1
2.413333E1	1.505291E1	-1.985859E-1
2.416667E1	1.518765E1	-1.707020E-1
2.420000E1	1.528222E1	-1.243873E-1
2.423333E1	1.533600E1	-1.327653E-1
2.426667E1	1.545763E1	-1.212749E-1
2.430000E1	1.550747E1	-1.094509E-1
2.433333E1	1.571445E1	-7.149194E-2
2.436667E1	1.581586E1	-6.313708E-2
2.440000E1	1.588414E1	-5.582477E-2
2.443333E1	1.600209E1	-4.906100E-2
2.446667E1	1.604178E1	-4.680961E-2
2.450000E1	1.616080E1	-4.132891E-2
2.453333E1	1.623568E1	-4.588548E-2
2.456667E1	1.628023E1	-6.017800E-2
2.460000E1	1.633182E1	-6.031776E-2
2.463333E1	1.634072E1	-6.324455E-2
2.466667E1	1.638480E1	-5.152902E-2
2.470000E1	1.641576E1	-5.330583E-2
2.473333E1	1.642091E1	-5.761688E-2
2.476667E1	1.643804E1	-4.891849E-2
2.480000E1	1.645965E1	-5.560752E-2
2.483333E1	1.649955E1	-7.234508E-2
2.486667E1	1.650968E1	-7.544268E-2
2.490000E1	1.653781E1	-7.845495E-2
2.493333E1	1.655765E1	-7.895062E-2
2.496667E1	1.655513E1	-7.827889E-2
2.500000E1	1.654705E1	-8.776089E-2
2.503333E1	1.653975E1	-9.424899E-2
2.506667E1	1.653864E1	-9.403370E-2
2.510000E1	1.652374E1	-9.845836E-2
2.513333E1	1.651852E1	-8.898077E-2
2.516667E1	1.644385E1	-1.211008E-1
2.520000E1	1.640095E1	-1.475433E-1
2.523333E1	1.636568E1	-1.478994E-1
2.526667E1	1.628427E1	-1.686545E-1
2.530000E1	1.624424E1	-1.595632E-1
2.533333E1	1.616388E1	-1.742980E-1
2.536667E1	1.607082E1	-2.159586E-1
2.540000E1	1.606542E1	-2.490502E-1
2.543333E1	1.600002E1	-2.517704E-1
2.546667E1	1.601204E1	-2.697610E-1
2.550000E1	1.602101E1	-2.898126E-1
2.553333E1	1.604256E1	-2.977719E-1
2.556667E1	1.606589E1	-2.992153E-1
2.560000E1	1.613103E1	-3.027145E-1
2.563333E1	1.614617E1	-3.025491E-1
2.566667E1	1.625221E1	-2.943403E-1
2.570000E1	1.632403E1	-2.782155E-1
2.573333E1	1.637183E1	-2.736354E-1
2.576667E1	1.647064E1	-2.708153E-1
2.580000E1	1.650745E1	-2.605964E-1
2.583333E1	1.667004E1	-2.276667E-1
2.586667E1	1.677460E1	-2.010542E-1
2.590000E1	1.681851E1	-1.908075E-1
2.593333E1	1.696138E1	-1.874815E-1
2.596667E1	1.704491E1	-1.643220E-1
2.600000E1	1.720553E1	-1.260276E-1
2.603333E1	1.729650E1	-1.092427E-1
2.606667E1	1.735175E1	-1.208900E-1
2.610000E1	1.746899E1	-1.227248E-1
2.613333E1	1.750273E1	-1.278616E-1
2.616667E1	1.761420E1	-1.101067E-1
2.620000E1	1.767726E1	-1.250975E-1
2.623333E1	1.771684E1	-1.367284E-1
2.626667E1	1.777107E1	-1.307961E-1
2.630000E1	1.778731E1	-1.325491E-1
2.633333E1	1.783058E1	-1.231574E-1
2.636667E1	1.785267E1	-1.233555E-1
2.640000E1	1.786304E1	-1.313298E-1
2.643333E1	1.789136E1	-1.277101E-1
2.646667E1	1.790776E1	-1.371578E-1
2.650000E1	1.794378E1	-1.438518E-1
2.653333E1	1.796773E1	-1.430547E-1
2.656667E1	1.798590E1	-1.536162E-1
2.660000E1	1.800722E1	-1.565065E-1
2.663333E1	1.799558E1	-1.561481E-1
2.666667E1	1.798966E1	-1.666823E-1
2.670000E1	1.798023E1	-1.688563E-1
2.673333E1	1.797297E1	-1.692426E-1
2.676667E1	1.796071E1	-1.737988E-1
2.680000E1	1.795536E1	-1.621843E-1
2.683333E1	1.790811E1	-1.679218E-1
2.686667E1	1.785221E1	-1.709372E-1
2.690000E1	1.781282E1	-1.570013E-1
2.693333E1	1.772683E1	-1.599270E-1
2.696667E1	1.770967E1	-1.733269E-1
2.700000E1	1.758361E1	-2.215884E-1
2.703333E1	1.753578E1	-2.561601E-1
2.706667E1	1.752733E1	-2.818538E-1
2.710000E1	1.751459E1	-2.899175E-1
2.713333E1	1.752714E1	-2.893755E-1
2.716667E1	1.754572E1	-3.025235E-1
2.720000E1	1.756089E1	-3.059487E-1
2.723333E1	1.757654E1	-3.040479E-1
2.726667E1	1.765308E1	-3.027632E-1
2.730000E1	1.768113E1	-3.005285E-1
2.733333E1	1.777501E1	-2.925875E-1
2.736667E1	1.783265E1	-2.808181E-1
2.740000E1	1.786744E1	-2.813993E-1
2.743333E1	1.795972E1	-2.644552E-1
2.746667E1	1.799282E1	-2.668222E-1
2.750000E1	1.812163E1	-2.265511E-1
2.753333E1	1.823925E1	-1.799147E-1
2.756667E1	1.828725E1	-1.928505E-1
2.760000E1	1.841235E1	-1.921658E-1
2.763333E1	1.851580E1	-1.591884E-1
2.766667E1	1.867889E1	-1.176002E-1
2.770000E1	1.878183E1	-1.201190E-1
2.773333E1	1.883503E1	-1.121919E-1
2.776667E1	1.894760E1	-1.104269E-1
2.780000E1	1.898355E1	-1.174618E-1
2.783333E1	1.910376E1	-1.122007E-1
2.786667E1	1.917101E1	-1.217019E-1
2.790000E1	1.921999E1	-1.319405E-1
2.793333E1	1.925693E1	-1.293928E-1
2.796667E1	1.928049E1	-1.276241E-1
2.800000E1	1.933013E1	-1.244269E-1
2.803333E1	1.935712E1	-1.230586E-1
2.806667E1	1.937069E1	-1.255439E-1
2.810000E1	1.938529E1	-1.256920E-1
2.813333E1	1.941016E1	-1.325838E-1
2.816667E1	1.945072E1	-1.440628E-1
2.820000E1	1.948665E1	-1.458470E-1
2.823333E1	1.950021E1	-1.501060E-1
2.826667E1	1.951355E1	-1.526783E-1
2.830000E1	1.950321E1	-1.509397E-1
2.833333E1	1.950071E1	-1.615868E-1
2.836667E1	1.949164E1	-1.684960E-1
2.840000E1	1.948724E1	-1.654482E-1
2.843333E1	1.947705E1	-1.696899E-1
2.846667E1	1.947467E1	-1.635580E-1
2.850000E1	1.944223E1	-1.755691E-1
2.853333E1	1.936674E1	-1.690183E-1
2.856667E1	1.931884E1	-1.593031E-1
2.860000E1	1.925544E1	-1.636544E-1
2.863333E1	1.924077E1	-1.587505E-1
2.866667E1	1.913199E1	-2.231387E-1
2.870000E1	1.910049E1	-2.357253E-1
2.873333E1	1.910216E1	-2.324282E-1
2.876667E1	1.909791E1	-2.318878E-1
2.880000E1	1.910856E1	-2.262465E-1
2.883333E1	1.912028E1	-2.326738E-1
2.886667E1	1.913705E1	-2.352746E-1
2.890000E1	1.914553E1	-2.327918E-1
2.893333E1	1.919176E1	-2.337170E-1
2.896667E1	1.922305E1	-2.330823E-1
2.900000E1	1.928990E1	-2.220621E-1
2.903333E1	1.935292E1	-2.150594E-1
2.906667E1	1.939467E1	-2.064460E-1
2.910000E1	1.949628E1	-2.001720E-1
2.913333E1	1.951866E1	-2.009378E-1
2.916667E1	1.964830E1	-1.732537E-1
2.920000E1	1.973075E1	-1.399604E-1
2.923333E1	1.976339E1	-1.319629E-1
2.926667E1	1.991990E1	-1.274687E-1
2.930000E1	1.996666E1	-1.142467E-1
2.933333E1	2.014657E1	-8.395766E-2
2.936667E1	2.024126E1	-5.045457E-2
2.940000E1	2.029749E1	-5.749481E-2
2.943333E1	2.038633E1	-4.769430E-2
2.946667E1	2.042299E1	-4.918306E-2
2.950000E1	2.054161E1	-4.764343E-2
2.953333E1	2.058323E1	-5.853710E-2
2.956667E1	2.059406E1	-6.455384E-2
2.960000E1	2.063056E1	-5.417303E-2
2.963333E1	2.065482E1	-5.515021E-2
2.966667E1	2.067147E1	-5.827772E-2
2.970000E1	2.070517E1	-3.205588E-2
2.973333E1	2.071606E1	-1.687926E-2
2.976667E1	2.073272E1	-1.090343E-2
2.980000E1	2.073709E1	-9.145645E-3
2.983333E1	2.074835E1	-5.959882E-3
2.986667E1	2.079611E1	-1.121217E-2
2.990000E1	2.080094E1	-1.377140E-2
2.993333E1	2.080902E1	-1.797401E-2
2.996667E1	2.080482E1	-1.729942E-2
3.000000E1	2.080181E1	-2.115428E-2
3.003333E1	2.078250E1	-4.259017E-2
3.006667E1	2.078248E1	-6.666926E-2
3.010000E1	2.076861E1	-7.546746E-2
3.013333E1	2.076227E1	-8.729414E-2
3.016667E1	2.074299E1	-9.987163E-2
3.020000E1	2.065106E1	-9.810855E-2
3.023333E1	2.062143E1	-8.969905E-2
3.026667E1	2.055214E1	-9.325972E-2
3.030000E1	2.050383E1	-1.028308E-1
3.033333E1	2.041944E1	-1.322836E-1
3.036667E1	2.032813E1	-1.823925E-1
3.040000E1	2.032950E1	-2.065006E-1
3.043333E1	2.031953E1	-2.164057E-1
3.046667E1	2.032663E1	-2.214645E-1
3.050000E1	2.034166E1	-2.271369E-1
3.053333E1	2.036649E1	-2.366407E-1
3.056667E1	2.037548E1	-2.327973E-1
3.060000E1	2.042624E1	-2.312196E-1
3.063333E1	2.046606E1	-2.304254E-1
3.066667E1	2.052268E1	-2.279393E-1
3.070000E1	2.061609E1	-2.102597E-1
3.073333E1	2.063846E1	-2.102785E-1
3.076667E1	2.071457E1	-2.035909E-1
3.080000E1	2.077538E1	-1.924579E-1
3.083333E1	2.084493E1	-1.813026E-1
3.086667E1	2.100206E1	-1.460904E-1
3.090000E1	2.102947E1	-1.508797E-1
3.093333E1	2.112779E1	-1.310487E-1
3.096667E1	2.121803E1	-1.140405E-1
3.100000E1	2.133020E1	-8.897798E-2
3.103333E1	2.146278E1	-4.011548E-2
3.106667E1	2.151152E1	-5.404406E-2
3.110000E1	2.161115E1	-5.016295E-2
3.113333E1	2.165723E1	-5.735627E-2
3.116667E1	2.173072E1	-5.827838E-2
3.120000E1	2.179295E1	-4.797835E-2
3.123333E1	2.180373E1	-5.669685E-2
3.126667E1	2.182547E1	-4.016850E-2
3.130000E1	2.185796E1	-4.552851E-2
3.133333E1	2.187553E1	-5.080068E-2
3.136667E1	2.191806E1	-3.189882E-2
3.140000E1	2.192548E1	-1.319294E-2
3.143333E1	2.194356E1	-5.063014E-3
3.146667E1	2.194808E1	-4.490882E-4
3.150000E1	2.196094E1	-9.103829E-3
3.153333E1	2.197892E1	-1.210645E-2
3.156667E1	2.199619E1	-1.088755E-2
3.160000E1	2.200930E1	-1.829783E-2
3.163333E1	2.201050E1	-1.681269E-2
3.166667E1	2.200851E1	-2.147878E-2
3.170000E1	2.199807E1	-3.567038E-2
3.173333E1	2.199298E1	-2.619287E-2
3.176667E1	2.198572E1	-2.705995E-2
3.180000E1	2.197925E1	-2.595719E-2
3.183333E1	2.192245E1	-4.189519E-2
3.186667E1	2.184628E1	-8.344542E-2
3.190000E1	2.183332E1	-7.627166E-2
3.193333E1	2.175373E1	-8.190093E-2
3.196667E1	2.172265E1	-9.931640E-2
3.200000E1	2.162564E1	-1.267325E-1
3.203333E1	2.156266E1	-1.749229E-1
3.206667E1	2.155388E1	-1.640335E-1
3.210000E1	2.154940E1	-1.686661E-1
3.213333E1	2.155302E1	-1.630072E-1
3.216667E1	2.156109E1	-1.582642E-1
3.220000E1	2.157799E1	-1.645802E-1
3.223333E1	2.158442E1	-1.621244E-1
3.226667E1	2.161212E1	-1.567830E-1
3.230000E1	2.166347E1	-1.609312E-1
3.233333E1	2.170631E1	-1.475787E-1
3.236667E1	2.180042E1	-1.402152E-1
3.240000E1	2.181096E1	-1.393785E-1
3.243333E1	2.188774E1	-1.341960E-1
3.246667E1	2.193208E1	-1.258387E-1
3.250000E1	2.200049E1	-1.159209E-1
3.253333E1	2.213572E1	-7.773749E-2
3.256667E1	2.217249E1	-7.257054E-2
3.260000E1	2.228328E1	-5.115882E-2
3.263333E1	2.235120E1	-4.254667E-2
3.266667E1	2.244566E1	-3.701681E-2
3.270000E1	2.257974E1	-1.750944E-2
3.273333E1	2.261128E1	-1.422339E-2
3.276667E1	2.269743E1	1.278562E-2
3.280000E1	2.274500E1	1.246542E-2
3.283333E1	2.280170E1	9.098285E-3
3.286667E1	2.286200E1	1.309217E-2
3.290000E1	2.287537E1	9.449090E-3
3.293333E1	2.289754E1	1.043684E-2
3.296667E1	2.290601E1	1.938435E-2
3.300000E1	2.294233E1	1.913777E-2
3.303333E1	2.295574E1	2.500009E-2
3.306667E1	2.295232E1	1.859878E-2
3.310000E1	2.295475E1	1.151597E-2
3.313333E1	2.294805E1	7.626181E-3
3.316667E1	2.296046E1	-3.101283E-3
3.320000E1	2.296511E1	-1.068463E-2
3.323333E1	2.295866E1	-1.195117E-2
3.326667E1	2.295534E1	-1.875624E-2
3.330000E1	2.294857E1	-1.849587E-2
3.333333E1	2.293657E1	-2.341762E-2
3.336667E1	2.291257E1	-3.466890E-2
3.340000E1	2.291748E1	-2.063756E-2
3.343333E1	2.288526E1	-3.088371E-2
3.346667E1	2.284572E1	-3.246134E-2
3.350000E1	2.279781E1	-3.428410E-2
3.353333E1	2.269842E1	-2.732234E-2
3.356667E1	2.267283E1	-2.867029E-2
3.360000E1	2.255815E1	-1.895321E-2
3.363333E1	2.249846E1	-3.067018E-2
3.366667E1	2.239142E1	-6.392028E-2
3.370000E1	2.225737E1	-1.122652E-1
3.373333E1	2.224341E1	-1.402999E-1
3.376667E1	2.219152E1	-1.503129E-1
3.380000E1	2.218511E1	-1.491643E-1
3.383333E1	2.218635E1	-1.507119E-1
3.386667E1	2.221006E1	-1.606734E-1
3.390000E1	2.221998E1	-1.558442E-1
3.393333E1	2.223688E1	-1.589243E-1
3.396667E1	2.224852E1	-1.586566E-1
3.400000E1	2.228960E1	-1.434138E-1
3.403333E1	2.235018E1	-1.331728E-1
3.406667E1	2.237108E1	-1.290477E-1
3.410000E1	2.241678E1	-1.163592E-1
3.413333E1	2.246201E1	-1.178031E-1
3.416667E1	2.252737E1	-9.538620E-2
3.420000E1	2.263372E1	-3.455733E-2
3.423333E1	2.267086E1	-1.964757E-2
3.426667E1	2.276084E1	1.290444E-2
3.430000E1	2.281299E1	1.298299E-2
3.433333E1	2.288980E1	2.040070E-2
3.436667E1	2.298980E1	4.669511E-2
3.440000E1	2.302371E1	5.812054E-2
3.443333E1	2.307831E1	7.628182E-2
3.446667E1	2.311872E1	9.014092E-2
3.450000E1	2.318295E1	7.944385E-2
3.453333E1	2.320596E1	8.721033E-2
3.456667E1	2.322559E1	8.195909E-2
3.460000E1	2.323100E1	8.514692E-2
3.463333E1	2.323483E1	8.485096E-2
3.466667E1	2.322982E1	8.818484E-2
3.470000E1	2.322768E1	9.500848E-2
3.473333E1	2.322599E1	8.768802E-2
3.476667E1	2.322291E1	8.730523E-2
3.480000E1	2.322158E1	8.521624E-2
3.483333E1	2.322130E1	7.260729E-2
3.486667E1	2.322000E1	6.521905E-2
3.490000E1	2.322248E1	6.479233E-2
3.493333E1	2.321741E1	6.125609E-2
3.496667E1	2.321254E1	5.957841E-2
3.500000E1	2.319929E1	5.939248E-2
3.503333E1	2.315567E1	3.843860E-2
3.506667E1	2.313690E1	4.273763E-2
3.510000E1	2.309000E1	4.372756E-2
3.513333E1	2.302957E1	2.878688E-2
3.516667E1	2.296002E1	-5.127844E-3
3.520000E1	2.283212E1	-8.583394E-3
3.523333E1	2.279644E1	-1.628330E-2
3.526667E1	2.268192E1	-2.057560E-2
3.530000E1	2.260480E1	-2.991290E-2
3.533333E1	2.248402E1	-4.840713E-2
3.536667E1	2.235805E1	-1.180158E-1
3.540000E1	2.233286E1	-1.309826E-1
3.543333E1	2.227888E1	-1.490324E-1
3.546667E1	2.225694E1	-1.572027E-1
3.550000E1	2.225951E1	-1.558221E-1
3.553333E1	2.227288E1	-1.609468E-1
3.556667E1	2.228800E1	-1.586624E-1
3.560000E1	2.230677E1	-1.600767E-1
3.563333E1	2.232201E1	-1.597497E-1
3.566667E1	2.233672E1	-1.472961E-1
3.570000E1	2.241996E1	-1.356735E-1
3.573333E1	2.244493E1	-1.341983E-1
3.576667E1	2.249645E1	-1.256451E-1
3.580000E1	2.253721E1	-1.244085E-1
3.583333E1	2.258304E1	-1.093122E-1
3.586667E1	2.271028E1	-7.143153E-2
3.590000E1	2.274078E1	-7.279137E-2
3.593333E1	2.283880E1	-4.514027E-2
3.596667E1	2.289203E1	-5.027883E-2
3.600000E1	2.299931E1	-3.483664E-2
3.603333E1	2.310320E1	1.711337E-4
3.606667E1	2.312204E1	1.545168E-2
3.610000E1	2.319204E1	1.787813E-2
3.613333E1	2.325391E1	1.139505E-2
3.616667E1	2.329732E1	1.324873E-2
3.620000E1	2.335328E1	1.243001E-2
3.623333E1	2.337099E1	9.557517E-3
3.626667E1	2.338591E1	1.186090E-2
3.630000E1	2.338694E1	1.118900E-2
3.633333E1	2.338925E1	1.531957E-2
3.636667E1	2.339002E1	1.639561E-2
3.640000E1	2.338399E1	1.211377E-2
3.643333E1	2.338421E1	6.475408E-3
3.646667E1	2.338399E1	2.902685E-3
3.650000E1	2.338349E1	-5.156349E-3
3.653333E1	2.339683E1	-1.489721E-2
3.656667E1	2.338798E1	-1.616692E-2
3.660000E1	2.338381E1	-1.917286E-2
3.663333E1	2.337952E1	-1.748989E-2
3.666667E1	2.336808E1	-2.947212E-2
3.670000E1	2.334559E1	-4.567691E-2
3.673333E1	2.334555E1	-6.414946E-2
3.676667E1	2.331632E1	-9.524539E-2
3.680000E1	2.327984E1	-9.881635E-2
3.683333E1	2.324521E1	-1.065228E-1
3.686667E1	2.312670E1	-1.125130E-1
3.690000E1	2.310960E1	-1.432827E-1
3.693333E1	2.299758E1	-1.505500E-1
3.696667E1	2.293973E1	-1.627621E-1
3.700000E1	2.285387E1	-1.851963E-1
3.703333E1	2.273474E1	-2.559502E-1
3.706667E1	2.271738E1	-2.775945E-1
3.710000E1	2.268681E1	-2.854335E-1
3.713333E1	2.269094E1	-2.935896E-1
3.716667E1	2.270646E1	-2.948030E-1
3.720000E1	2.273060E1	-3.141579E-1
3.723333E1	2.274002E1	-3.078277E-1
3.726667E1	2.279512E1	-3.083143E-1
3.730000E1	2.282946E1	-3.002942E-1
3.733333E1	2.288138E1	-3.003481E-1
3.736667E1	2.297903E1	-2.780913E-1
3.740000E1	2.300864E1	-2.807051E-1
3.743333E1	2.309671E1	-2.745092E-1
3.746667E1	2.314160E1	-2.618679E-1
3.750000E1	2.322407E1	-2.521421E-1
3.753333E1	2.337123E1	-2.221492E-1
3.756667E1	2.340594E1	-1.987352E-1
3.760000E1	2.354352E1	-2.026693E-1
3.763333E1	2.363812E1	-1.633659E-1
3.766667E1	2.375839E1	-1.441300E-1
3.770000E1	2.386999E1	-1.156671E-1
3.773333E1	2.391168E1	-1.164542E-1
3.776667E1	2.402640E1	-1.278205E-1
3.780000E1	2.407202E1	-1.199164E-1
3.783333E1	2.415727E1	-1.208629E-1
3.786667E1	2.424200E1	-1.208604E-1
3.790000E1	2.426166E1	-1.310831E-1
3.793333E1	2.429522E1	-1.258539E-1
3.796667E1	2.431737E1	-1.261919E-1
3.800000E1	2.436103E1	-1.164690E-1
3.803333E1	2.439953E1	-1.179262E-1
3.806667E1	2.440816E1	-1.239870E-1
3.810000E1	2.443223E1	-1.201263E-1
3.813333E1	2.445062E1	-1.300051E-1
3.816667E1	2.450497E1	-1.416419E-1
3.820000E1	2.454081E1	-1.552437E-1
3.823333E1	2.455331E1	-1.607207E-1
3.826667E1	2.458415E1	-1.632026E-1
3.830000E1	2.459676E1	-1.590460E-1
3.833333E1	2.460723E1	-1.827209E-1
3.836667E1	2.460883E1	-2.217813E-1
3.840000E1	2.459760E1	-2.323926E-1
3.843333E1	2.459154E1	-2.466660E-1
3.846667E1	2.458895E1	-2.460548E-1
3.850000E1	2.457519E1	-2.509759E-1
3.853333E1	2.455695E1	-2.364157E-1
3.856667E1	2.454078E1	-2.447108E-1
3.860000E1	2.446692E1	-2.416551E-1
3.863333E1	2.443925E1	-2.354602E-1
3.866667E1	2.433032E1	-2.996350E-1
3.870000E1	2.428880E1	-3.144156E-1
3.873333E1	2.428557E1	-3.129198E-1
3.876667E1	2.423663E1	-3.378445E-1
3.880000E1	2.424105E1	-3.570606E-1
3.883333E1	2.425958E1	-3.757454E-1
3.886667E1	2.427621E1	-3.642447E-1
3.890000E1	2.431370E1	-3.752603E-1
3.893333E1	2.437805E1	-3.766106E-1
3.896667E1	2.440429E1	-3.777866E-1
3.900000E1	2.449043E1	-3.633010E-1
3.903333E1	2.456900E1	-3.516294E-1
3.906667E1	2.462480E1	-3.555024E-1
3.910000E1	2.470968E1	-3.409175E-1
3.913333E1	2.475142E1	-3.464863E-1
3.916667E1	2.488130E1	-3.076748E-1
3.920000E1	2.498999E1	-2.593841E-1
3.923333E1	2.503904E1	-2.692964E-1
3.926667E1	2.516458E1	-2.572763E-1
3.930000E1	2.526827E1	-2.437765E-1
3.933333E1	2.543697E1	-1.703155E-1
3.936667E1	2.553308E1	-1.445906E-1
3.940000E1	2.557695E1	-1.356209E-1
3.943333E1	2.570125E1	-1.384888E-1
3.946667E1	2.572466E1	-1.284301E-1
3.950000E1	2.585849E1	-1.125915E-1
3.953333E1	2.593343E1	-1.117518E-1
3.956667E1	2.597722E1	-1.265247E-1
3.960000E1	2.602967E1	-1.208125E-1
3.963333E1	2.604447E1	-1.231785E-1
3.966667E1	2.611993E1	-1.074264E-1
3.970000E1	2.614942E1	-7.610671E-2
3.973333E1	2.618127E1	-6.773796E-2
3.976667E1	2.621981E1	-5.734502E-2
3.980000E1	2.624651E1	-6.290371E-2
3.983333E1	2.628920E1	-6.307869E-2
3.986667E1	2.633022E1	-7.530122E-2
3.990000E1	2.634765E1	-8.049854E-2
3.993333E1	2.637849E1	-8.162346E-2
3.996667E1	2.639819E1	-8.069933E-2
4.000000E1	2.643139E1	-9.432295E-2
4.003333E1	2.645672E1	-1.007052E-1
4.006667E1	2.646139E1	-9.870535E-2
4.010000E1	2.645780E1	-1.072646E-1
4.013333E1	2.645782E1	-9.836256E-2
4.016667E1	2.642491E1	-1.242816E-1
4.020000E1	2.643127E1	-1.329479E-1
4.023333E1	2.639910E1	-1.462622E-1
4.026667E1	2.631980E1	-1.597713E-1
4.030000E1	2.629611E1	-1.597182E-1
4.033333E1	2.619294E1	-2.171035E-1
4.036667E1	2.615555E1	-2.330435E-1
4.040000E1	2.615514E1	-2.375129E-1
4.043333E1	2.615726E1	-2.409024E-1
4.046667E1	2.616366E1	-2.356944E-1
4.050000E1	2.618314E1	-2.341356E-1
4.053333E1	2.620198E1	-2.399095E-1
4.056667E1	2.622367E1	-2.348653E-1
4.060000E1	2.630838E1	-2.347779E-1
4.063333E1	2.633643E1	-2.307234E-1
4.066667E1	2.643393E1	-2.197487E-1
4.070000E1	2.649457E1	-2.127826E-1
4.073333E1	2.654919E1	-2.017687E-1
4.076667E1	2.662357E1	-1.984799E-1
4.080000E1	2.665025E1	-1.854863E-1
4.083333E1	2.681705E1	-1.540590E-1
4.086667E1	2.690309E1	-1.203679E-1
4.090000E1	2.695378E1	-1.159905E-1
4.093333E1	2.709902E1	-1.182207E-1
4.096667E1	2.717622E1	-1.057215E-1
4.100000E1	2.732538E1	-4.859705E-2
4.103333E1	2.740599E1	-4.148440E-2
4.106667E1	2.747776E1	-3.470880E-2
4.110000E1	2.757501E1	1.688295E-3
4.113333E1	2.762291E1	2.279098E-3
4.116667E1	2.771208E1	1.126891E-2
4.120000E1	2.774965E1	2.055946E-2
4.123333E1	2.778043E1	1.779445E-2
4.126667E1	2.782320E1	2.384673E-2
4.130000E1	2.784300E1	1.610677E-2
4.133333E1	2.788405E1	3.317449E-2
4.136667E1	2.791872E1	2.879214E-2
4.140000E1	2.792742E1	1.727324E-2
4.143333E1	2.795461E1	2.168340E-2
4.146667E1	2.797438E1	1.148732E-2
4.150000E1	2.802284E1	2.861868E-3
4.153333E1	2.806176E1	-8.999006E-3
4.156667E1	2.807422E1	-1.344786E-2
4.160000E1	2.810287E1	-1.796067E-2
4.163333E1	2.811932E1	-1.784291E-2
4.166667E1	2.812299E1	-3.870359E-2
4.170000E1	2.812413E1	-7.376881E-2
4.173333E1	2.811934E1	-8.180103E-2
4.176667E1	2.811537E1	-9.175278E-2
4.180000E1	2.810669E1	-8.791605E-2
4.183333E1	2.809273E1	-9.862528E-2
4.186667E1	2.806104E1	-1.005665E-1
4.190000E1	2.802708E1	-9.126445E-2
4.193333E1	2.796852E1	-9.610832E-2
4.196667E1	2.794954E1	-9.087882E-2
4.200000E1	2.785844E1	-1.540724E-1
4.203333E1	2.780667E1	-1.645844E-1
4.206667E1	2.780877E1	-1.660089E-1
4.210000E1	2.780846E1	-1.695127E-1
4.213333E1	2.781555E1	-1.608897E-1
4.216667E1	2.783264E1	-1.670451E-1
4.220000E1	2.785303E1	-1.747335E-1
4.223333E1	2.787056E1	-1.638025E-1
4.226667E1	2.795739E1	-1.645776E-1
4.230000E1	2.797990E1	-1.590929E-1
4.233333E1	2.807838E1	-1.491985E-1
4.236667E1	2.814454E1	-1.395280E-1
4.240000E1	2.818233E1	-1.318694E-1
4.243333E1	2.826712E1	-1.287279E-1
4.246667E1	2.829321E1	-1.287008E-1
4.250000E1	2.841388E1	-9.919389E-2
4.253333E1	2.850602E1	-6.673934E-2
4.256667E1	2.854715E1	-5.449408E-2
4.260000E1	2.867383E1	-4.471249E-2
4.263333E1	2.871884E1	-4.992106E-2
4.266667E1	2.886012E1	-2.332695E-2
4.270000E1	2.894109E1	1.493654E-2
4.273333E1	2.899281E1	3.093456E-3
4.276667E1	2.908898E1	2.067286E-2
4.280000E1	2.913012E1	1.469419E-2
4.283333E1	2.922341E1	2.470908E-2
4.286667E1	2.925383E1	2.091392E-2
4.290000E1	2.928021E1	1.978414E-2
4.293333E1	2.930936E1	2.579392E-2
4.296667E1	2.933412E1	1.845986E-2
4.300000E1	2.936661E1	2.478872E-2
4.303333E1	2.939130E1	3.640665E-2
4.306667E1	2.941383E1	5.530136E-2
4.310000E1	2.943215E1	6.665599E-2
4.313333E1	2.943504E1	6.332616E-2
4.316667E1	2.946603E1	6.012613E-2
4.320000E1	2.949295E1	5.376909E-2
4.323333E1	2.950415E1	5.383576E-2
4.326667E1	2.952173E1	5.464877E-2
4.330000E1	2.953763E1	5.553125E-2
4.333333E1	2.955075E1	3.615604E-2
4.336667E1	2.954121E1	3.406184E-2
4.340000E1	2.954137E1	8.656350E-3
4.343333E1	2.953584E1	-4.965920E-3
4.346667E1	2.953419E1	-7.259626E-3
4.350000E1	2.949148E1	-2.730312E-2
4.353333E1	2.945115E1	-2.446252E-2
4.356667E1	2.941947E1	-3.211901E-2
4.360000E1	2.932804E1	-2.644175E-2
4.363333E1	2.930264E1	-2.019762E-2
4.366667E1	2.919463E1	-7.236036E-2
4.370000E1	2.913428E1	-1.100721E-1
4.373333E1	2.910514E1	-1.346441E-1
4.376667E1	2.908689E1	-1.515502E-1
4.380000E1	2.910208E1	-1.492121E-1
4.383333E1	2.911762E1	-1.570819E-1
4.386667E1	2.913412E1	-1.637927E-1
4.390000E1	2.915450E1	-1.659890E-1
4.393333E1	2.920095E1	-1.593813E-1
4.396667E1	2.922239E1	-1.580993E-1
4.400000E1	2.929294E1	-1.516614E-1
4.403333E1	2.933337E1	-1.357497E-1
4.406667E1	2.937818E1	-1.289888E-1
4.410000E1	2.947873E1	-1.266768E-1
4.413333E1	2.949962E1	-1.281072E-1
4.416667E1	2.963260E1	-8.632479E-2
4.420000E1	2.970696E1	-5.383969E-2
4.423333E1	2.974980E1	-4.151321E-2
4.426667E1	2.990301E1	-3.317963E-2
4.430000E1	2.994121E1	-1.114738E-2
4.433333E1	3.006744E1	2.034960E-2
4.436667E1	3.013989E1	2.997773E-2
4.440000E1	3.018109E1	2.113302E-2
4.443333E1	3.027684E1	1.444387E-2
4.446667E1	3.030327E1	1.372592E-2
4.450000E1	3.036597E1	2.369363E-2
4.453333E1	3.040699E1	2.241033E-2
4.456667E1	3.042355E1	1.639889E-2
4.460000E1	3.045310E1	2.557339E-2
4.463333E1	3.048165E1	1.837569E-2
4.466667E1	3.051037E1	2.480841E-2
4.470000E1	3.051052E1	1.873208E-2
4.473333E1	3.051896E1	1.510115E-2
4.476667E1	3.053163E1	2.497820E-2
4.480000E1	3.055648E1	1.435786E-2
4.483333E1	3.058791E1	-2.467375E-3
4.486667E1	3.060859E1	-7.406402E-3
4.490000E1	3.063176E1	-9.889018E-3
4.493333E1	3.065237E1	-2.001340E-2
4.496667E1	3.064886E1	-1.541344E-2
4.500000E1	3.064970E1	-3.346311E-2
4.503333E1	3.063391E1	-4.293762E-2
4.506667E1	3.062184E1	-6.387022E-2
4.510000E1	3.061262E1	-8.574820E-2
4.513333E1	3.060966E1	-8.744912E-2
4.516667E1	3.055462E1	-1.125927E-1
4.520000E1	3.051137E1	-1.405930E-1
4.523333E1	3.046865E1	-1.374243E-1
4.526667E1	3.039285E1	-1.610602E-1
4.530000E1	3.037264E1	-1.668054E-1
4.533333E1	3.025426E1	-2.076169E-1
4.536667E1	3.021347E1	-2.486978E-1
4.540000E1	3.019966E1	-2.481821E-1
4.543333E1	3.018630E1	-2.458796E-1
4.546667E1	3.019165E1	-2.353008E-1
4.550000E1	3.019996E1	-2.410436E-1
4.553333E1	3.021479E1	-2.459065E-1
4.556667E1	3.022695E1	-2.362208E-1
4.560000E1	3.027923E1	-2.321510E-1
4.563333E1	3.030427E1	-2.337598E-1
4.566667E1	3.037261E1	-2.208962E-1
4.570000E1	3.042909E1	-2.090793E-1
4.573333E1	3.046155E1	-1.996152E-1
4.576667E1	3.055498E1	-1.957402E-1
4.580000E1	3.059273E1	-1.985148E-1
4.583333E1	3.070693E1	-1.643742E-1
4.586667E1	3.078651E1	-1.295089E-1
4.590000E1	3.084773E1	-1.281645E-1
4.593333E1	3.097142E1	-1.170454E-1
4.596667E1	3.104347E1	-9.772406E-2
4.600000E1	3.118404E1	-4.348594E-2
4.603333E1	3.125742E1	-3.723503E-2
4.606667E1	3.131512E1	-4.296121E-2
4.610000E1	3.142158E1	-5.229836E-2
4.613333E1	3.145117E1	-5.637632E-2
4.616667E1	3.152398E1	-4.754181E-2
4.620000E1	3.156259E1	-4.495646E-2
4.623333E1	3.157934E1	-5.107196E-2
4.626667E1	3.161380E1	-3.797856E-2
4.630000E1	3.164205E1	-4.725413E-2
4.633333E1	3.165763E1	-5.433313E-2
4.636667E1	3.169511E1	-4.072866E-2
4.640000E1	3.171519E1	-4.701192E-2
4.643333E1	3.173866E1	-5.559757E-2
4.646667E1	3.174908E1	-4.668765E-2
4.650000E1	3.178577E1	-7.341255E-2
4.653333E1	3.182430E1	-7.374772E-2
4.656667E1	3.184866E1	-7.942212E-2
4.660000E1	3.187231E1	-9.198824E-2
4.663333E1	3.187676E1	-9.129509E-2
4.666667E1	3.188385E1	-1.030905E-1
4.670000E1	3.186494E1	-1.187794E-1
4.673333E1	3.185718E1	-1.335036E-1
4.676667E1	3.184266E1	-1.583641E-1
4.680000E1	3.183607E1	-1.625739E-1
4.683333E1	3.181590E1	-1.708420E-1
4.686667E1	3.172370E1	-1.861614E-1
4.690000E1	3.170178E1	-1.979301E-1
4.693333E1	3.162867E1	-2.133122E-1
4.696667E1	3.157588E1	-2.285903E-1
4.700000E1	3.150826E1	-2.498398E-1
4.703333E1	3.139777E1	-2.915459E-1
4.706667E1	3.139138E1	-2.949285E-1
4.710000E1	3.138516E1	-2.965017E-1
4.713333E1	3.139193E1	-2.943097E-1
4.716667E1	3.140500E1	-2.968315E-1
4.720000E1	3.143319E1	-3.026472E-1
4.723333E1	3.143673E1	-3.017752E-1
4.726667E1	3.146387E1	-2.955688E-1
4.730000E1	3.151164E1	-2.970330E-1
4.733333E1	3.154874E1	-2.905729E-1
4.736667E1	3.163841E1	-2.760425E-1
4.740000E1	3.165624E1	-2.781047E-1
4.743333E1	3.172018E1	-2.689296E-1
4.746667E1	3.178297E1	-2.471413E-1
4.750000E1	3.183743E1	-2.036772E-1
4.753333E1	3.197404E1	-1.637777E-1
4.756667E1	3.200825E1	-1.476994E-1
4.760000E1	3.210736E1	-1.251569E-1
4.763333E1	3.216995E1	-1.284753E-1
4.766667E1	3.225814E1	-8.434595E-2
4.770000E1	3.235281E1	-4.459498E-2
4.773333E1	3.238293E1	-5.384507E-2
4.776667E1	3.244182E1	-5.720844E-2
4.780000E1	3.248022E1	-4.765214E-2
4.783333E1	3.252576E1	-4.429240E-2
4.786667E1	3.258481E1	-3.150726E-2
4.790000E1	3.258695E1	-1.014483E-2
4.793333E1	3.260024E1	4.232893E-3
4.796667E1	3.259801E1	1.058870E-2
4.800000E1	3.259748E1	1.125514E-2
4.803333E1	3.263296E1	4.203089E-2
4.806667E1	3.264259E1	5.775232E-2
4.810000E1	3.265818E1	6.643313E-2
4.813333E1	3.266419E1	6.633041E-2
4.816667E1	3.266975E1	6.220371E-2
4.820000E1	3.269327E1	6.212797E-2
4.823333E1	3.271515E1	6.086393E-2
4.826667E1	3.273557E1	5.300731E-2
4.830000E1	3.273652E1	5.104003E-2
4.833333E1	3.273840E1	3.928489E-2
4.836667E1	3.272535E1	2.067473E-2
4.840000E1	3.271990E1	-4.513357E-3
4.843333E1	3.270650E1	-1.529833E-2
4.846667E1	3.269923E1	-1.830128E-2
4.850000E1	3.267980E1	-2.147777E-2
4.853333E1	3.261242E1	-4.512533E-2
4.856667E1	3.260486E1	-7.540086E-2
4.860000E1	3.253855E1	-7.364204E-2
4.863333E1	3.250444E1	-8.999575E-2
4.866667E1	3.241948E1	-1.325565E-1
4.870000E1	3.233599E1	-1.828249E-1
4.873333E1	3.233044E1	-2.050418E-1
4.876667E1	3.231977E1	-2.302084E-1
4.880000E1	3.230250E1	-2.290440E-1
4.883333E1	3.229903E1	-2.349643E-1
4.886667E1	3.233742E1	-2.315392E-1
4.890000E1	3.235876E1	-2.386167E-1
4.893333E1	3.241990E1	-2.336203E-1
4.896667E1	3.245567E1	-2.355335E-1
4.900000E1	3.250382E1	-2.227081E-1
4.903333E1	3.259937E1	-2.076507E-1
4.906667E1	3.261502E1	-1.994207E-1
4.910000E1	3.269871E1	-1.923193E-1
4.913333E1	3.274833E1	-1.955775E-1
4.916667E1	3.283805E1	-1.655066E-1
4.920000E1	3.297807E1	-1.122232E-1
4.923333E1	3.302133E1	-1.234179E-1
4.926667E1	3.313644E1	-1.140694E-1
4.930000E1	3.325970E1	-8.187435E-2
4.933333E1	3.335199E1	-5.927123E-2
4.936667E1	3.343699E1	-4.438185E-2
4.940000E1	3.349051E1	-4.788160E-2
4.943333E1	3.360902E1	-5.865571E-2
4.946667E1	3.365133E1	-4.034185E-2
4.950000E1	3.372470E1	-3.920508E-2
4.953333E1	3.379518E1	-3.829541E-2
4.956667E1	3.381867E1	-4.818127E-2
4.960000E1	3.385827E1	-4.308575E-2
4.963333E1	3.388248E1	-4.715956E-2
4.966667E1	3.391463E1	-3.630582E-2
4.970000E1	3.399261E1	-2.002801E-2
4.973333E1	3.401333E1	-7.047042E-3
4.976667E1	3.405664E1	6.444615E-3
4.980000E1	3.408837E1	-1.041056E-3
4.983333E1	3.413184E1	-3.757028E-3
4.986667E1	3.420531E1	-8.785199E-3
4.990000E1	3.423210E1	-1.366425E-2
4.993333E1	3.427851E1	-1.702787E-2
4.996667E1	3.430927E1	-2.704144E-2
5.000000E1	3.431544E1	-4.037467E-2
5.003333E1	3.435150E1	-8.669326E-2
5.006667E1	3.436363E1	-9.148899E-2
5.010000E1	3.437686E1	-1.026975E-1
5.013333E1	3.436464E1	-1.139242E-1
5.016667E1	3.436040E1	-1.374822E-1
5.020000E1	3.435082E1	-1.550168E-1
5.023333E1	3.434692E1	-1.558253E-1
5.026667E1	3.432266E1	-1.738400E-1
5.030000E1	3.428001E1	-1.660251E-1
5.033333E1	3.422416E1	-2.037827E-1
5.036667E1	3.420205E1	-2.368337E-1
5.040000E1	3.420533E1	-2.468823E-1
5.043333E1	3.419834E1	-2.662996E-1
5.046667E1	3.421723E1	-2.823395E-1
5.050000E1	3.424093E1	-2.960048E-1
5.053333E1	3.429988E1	-3.033309E-1
5.056667E1	3.432813E1	-3.059108E-1
5.060000E1	3.438877E1	-3.021736E-1
5.063333E1	3.442392E1	-3.028806E-1
5.066667E1	3.450398E1	-3.008717E-1
5.070000E1	3.463033E1	-2.765517E-1
5.073333E1	3.466396E1	-2.795703E-1
5.076667E1	3.476098E1	-2.731175E-1
5.080000E1	3.482873E1	-2.592179E-1
5.083333E1	3.492254E1	-2.397378E-1
5.086667E1	3.507171E1	-1.872467E-1
5.090000E1	3.511395E1	-1.966337E-1
5.093333E1	3.522666E1	-1.913377E-1
5.096667E1	3.535060E1	-1.498524E-1
5.100000E1	3.546541E1	-1.267596E-1
5.103333E1	3.560205E1	-9.685676E-2
5.106667E1	3.563725E1	-7.526550E-2
5.110000E1	3.574481E1	-6.702759E-2
5.113333E1	3.579322E1	-5.103017E-2
5.116667E1	3.585477E1	-4.513405E-2
5.120000E1	3.595366E1	-4.012307E-2
5.123333E1	3.596912E1	-5.274314E-2
5.126667E1	3.601918E1	-4.898652E-2
5.130000E1	3.604823E1	-5.284855E-2
5.133333E1	3.608853E1	-3.581827E-2
5.136667E1	3.614213E1	8.809728E-3
5.140000E1	3.617026E1	5.903715E-3
5.143333E1	3.621780E1	9.745607E-3
5.146667E1	3.625241E1	6.307874E-3
5.150000E1	3.629193E1	1.416497E-4
5.153333E1	3.636857E1	-7.454971E-3
5.156667E1	3.638793E1	-7.867654E-3
5.160000E1	3.643779E1	-1.190134E-2
5.163333E1	3.646914E1	-1.753616E-2
5.166667E1	3.649420E1	-1.440495E-2
5.170000E1	3.653734E1	-4.485692E-2
5.173333E1	3.654388E1	-6.975495E-2
5.176667E1	3.655372E1	-9.706126E-2
5.180000E1	3.654588E1	-1.007188E-1
5.183333E1	3.653335E1	-1.002383E-1
5.186667E1	3.651545E1	-9.518627E-2
5.190000E1	3.650982E1	-9.437452E-2
5.193333E1	3.648611E1	-1.051948E-1
5.196667E1	3.644372E1	-1.006456E-1
5.200000E1	3.639360E1	-1.309161E-1
5.203333E1	3.633675E1	-1.926607E-1
5.206667E1	3.631562E1	-2.158400E-1
5.210000E1	3.631490E1	-2.249828E-1
5.213333E1	3.631792E1	-2.281987E-1
5.216667E1	3.633345E1	-2.326390E-1
5.220000E1	3.638871E1	-2.386471E-1
5.223333E1	3.640483E1	-2.316717E-1
5.226667E1	3.646691E1	-2.323632E-1
5.230000E1	3.651936E1	-2.343812E-1
5.233333E1	3.659392E1	-2.254220E-1
5.236667E1	3.670209E1	-2.064211E-1
5.240000E1	3.672436E1	-2.055795E-1
5.243333E1	3.680882E1	-1.979145E-1
5.246667E1	3.689630E1	-1.696571E-1
5.250000E1	3.697621E1	-1.359262E-1
5.253333E1	3.712640E1	-1.076182E-1
5.256667E1	3.716633E1	-7.327527E-2
5.260000E1	3.728677E1	-6.020301E-2
5.263333E1	3.736907E1	-4.557637E-2
5.266667E1	3.748687E1	-2.129441E-2
5.270000E1	3.760326E1	8.098853E-3
5.273333E1	3.763109E1	7.105349E-3
5.276667E1	3.771492E1	2.753010E-2
5.280000E1	3.777407E1	2.204655E-2
5.283333E1	3.782876E1	2.098185E-2
5.286667E1	3.790173E1	4.003531E-2
5.290000E1	3.791698E1	5.698052E-2
5.293333E1	3.795543E1	7.752202E-2
5.296667E1	3.797283E1	8.462860E-2
5.300000E1	3.800327E1	9.211480E-2
5.303333E1	3.806282E1	1.007426E-1
5.306667E1	3.806227E1	9.001600E-2
5.310000E1	3.809355E1	9.505332E-2
5.313333E1	3.812092E1	8.652297E-2
5.316667E1	3.815047E1	7.884090E-2
5.320000E1	3.821731E1	7.160876E-2
5.323333E1	3.824349E1	6.844865E-2
5.326667E1	3.827438E1	5.577784E-2
5.330000E1	3.828962E1	5.930142E-2
5.333333E1	3.832399E1	5.043873E-2
5.336667E1	3.833885E1	1.531683E-2
5.340000E1	3.833376E1	-6.115716E-4
5.343333E1	3.833031E1	-1.739375E-2
5.346667E1	3.832690E1	-2.389117E-2
5.350000E1	3.830699E1	-2.070362E-2
5.353333E1	3.826356E1	-2.187611E-2
5.356667E1	3.824138E1	-1.645941E-2
5.360000E1	3.818851E1	-2.047369E-2
5.363333E1	3.814905E1	-1.977798E-2
5.366667E1	3.808016E1	-4.532294E-2
5.370000E1	3.801207E1	-1.100694E-1
5.373333E1	3.800738E1	-1.323362E-1
5.376667E1	3.799580E1	-1.502681E-1
5.380000E1	3.797399E1	-1.503793E-1
5.383333E1	3.797179E1	-1.545502E-1
5.386667E1	3.799872E1	-1.543177E-1
5.390000E1	3.800443E1	-1.521409E-1
5.393333E1	3.807305E1	-1.518982E-1
5.396667E1	3.810992E1	-1.550860E-1
5.400000E1	3.816589E1	-1.451731E-1
5.403333E1	3.825372E1	-1.321468E-1
5.406667E1	3.827514E1	-1.330952E-1
5.410000E1	3.833586E1	-1.239432E-1
5.413333E1	3.836961E1	-1.090317E-1
5.416667E1	3.846947E1	-9.373677E-2
5.420000E1	3.860087E1	-3.303911E-2
5.423333E1	3.863453E1	-1.765668E-2
5.426667E1	3.872441E1	8.484501E-3
5.430000E1	3.878591E1	1.403608E-2
5.433333E1	3.887841E1	4.509856E-2
5.436667E1	3.897242E1	8.304782E-2
5.440000E1	3.900687E1	8.986623E-2
5.443333E1	3.907261E1	8.421914E-2
5.446667E1	3.909948E1	9.326590E-2
5.450000E1	3.913696E1	9.271278E-2
5.453333E1	3.917514E1	1.046739E-1
5.456667E1	3.918908E1	9.323621E-2
5.460000E1	3.920213E1	1.004767E-1
5.463333E1	3.920046E1	9.774166E-2
5.466667E1	3.921415E1	1.004173E-1
5.470000E1	3.923308E1	1.134290E-1
5.473333E1	3.925931E1	1.326155E-1
5.476667E1	3.927882E1	1.410567E-1
5.480000E1	3.927978E1	1.422827E-1
5.483333E1	3.930204E1	1.388162E-1
5.486667E1	3.933589E1	1.278734E-1
5.490000E1	3.934530E1	1.250154E-1
5.493333E1	3.935545E1	1.206234E-1
5.496667E1	3.935306E1	1.210335E-1
5.500000E1	3.934308E1	9.168173E-2
5.503333E1	3.934246E1	5.621694E-2
5.506667E1	3.933140E1	4.720866E-2
5.510000E1	3.931640E1	3.985214E-2
5.513333E1	3.931257E1	4.421016E-2
5.516667E1	3.927284E1	3.881966E-2
5.520000E1	3.921792E1	4.273887E-2
5.523333E1	3.917917E1	4.998145E-2
5.526667E1	3.909482E1	4.664625E-2
5.530000E1	3.904893E1	3.363691E-2
5.533333E1	3.894970E1	-2.262445E-2
5.536667E1	3.888472E1	-4.951939E-2
5.540000E1	3.886738E1	-6.799214E-2
5.543333E1	3.884185E1	-8.549283E-2
5.546667E1	3.882624E1	-8.512412E-2
5.550000E1	3.882484E1	-9.382863E-2
5.553333E1	3.883689E1	-9.234194E-2
5.556667E1	3.884902E1	-8.904045E-2
5.560000E1	3.888176E1	-9.016678E-2
5.563333E1	3.890805E1	-8.438777E-2
5.566667E1	3.897095E1	-7.695644E-2
5.570000E1	3.901722E1	-6.260685E-2
5.573333E1	3.905369E1	-6.116878E-2
5.576667E1	3.911189E1	-5.240132E-2
5.580000E1	3.913825E1	-4.814799E-2
5.583333E1	3.923439E1	-1.091253E-2
5.586667E1	3.930684E1	1.494158E-2
5.590000E1	3.936448E1	1.284700E-2
5.593333E1	3.943200E1	2.020178E-2
5.596667E1	3.948105E1	4.136140E-2
5.600000E1	3.958028E1	8.513594E-2
5.603333E1	3.961428E1	9.035211E-2
5.606667E1	3.964644E1	9.056491E-2
5.610000E1	3.969100E1	9.740258E-2
5.613333E1	3.970902E1	8.897400E-2
5.616667E1	3.974929E1	1.073776E-1
5.620000E1	3.977612E1	9.035672E-2
5.623333E1	3.978137E1	8.935274E-2
5.626667E1	3.979077E1	9.390242E-2
5.630000E1	3.978395E1	8.725955E-2
5.633333E1	3.979167E1	9.485412E-2
5.636667E1	3.978946E1	9.510071E-2
5.640000E1	3.978943E1	9.014690E-2
5.643333E1	3.979281E1	7.989648E-2
5.646667E1	3.979340E1	7.091406E-2
5.650000E1	3.980632E1	6.816822E-2
5.653333E1	3.983516E1	6.181333E-2
5.656667E1	3.984590E1	6.151421E-2
5.660000E1	3.985487E1	5.209063E-2
5.663333E1	3.985777E1	4.995296E-2
5.666667E1	3.984082E1	1.373590E-2
5.670000E1	3.983860E1	-1.368828E-2
5.673333E1	3.983089E1	-2.104569E-2
5.676667E1	3.981697E1	-2.251473E-2
5.680000E1	3.981425E1	-1.951581E-2
5.683333E1	3.975268E1	-2.739835E-2
5.686667E1	3.969997E1	-4.093191E-2
5.690000E1	3.966615E1	-5.628031E-2
5.693333E1	3.959720E1	-7.810294E-2
5.696667E1	3.956496E1	-9.711894E-2
5.700000E1	3.944368E1	-1.374126E-1
5.703333E1	3.939757E1	-1.728431E-1
5.706667E1	3.934694E1	-1.829020E-1
5.710000E1	3.931964E1	-2.106073E-1
5.713333E1	3.931995E1	-2.168933E-1
5.716667E1	3.932506E1	-2.302313E-1
5.720000E1	3.933693E1	-2.318542E-1
5.723333E1	3.934913E1	-2.306209E-1
5.726667E1	3.939296E1	-2.371549E-1
5.730000E1	3.941713E1	-2.333780E-1
5.733333E1	3.947016E1	-2.185700E-1
5.736667E1	3.952589E1	-2.101190E-1
5.740000E1	3.956526E1	-2.024093E-1
5.743333E1	3.962387E1	-1.874007E-1
5.746667E1	3.965879E1	-1.663254E-1
5.750000E1	3.976839E1	-1.242973E-1
5.753333E1	3.983024E1	-1.126420E-1
5.756667E1	3.990607E1	-1.008708E-1
5.760000E1	3.999673E1	-7.162227E-2
5.763333E1	4.001954E1	-5.087122E-2
5.766667E1	4.015365E1	-3.497816E-2
5.770000E1	4.019649E1	-5.812098E-3
5.773333E1	4.023347E1	1.346489E-2
5.776667E1	4.030885E1	1.989706E-2
5.780000E1	4.034932E1	1.431676E-2
5.783333E1	4.039635E1	2.143786E-2
5.786667E1	4.043113E1	1.992631E-2
5.790000E1	4.043784E1	1.977712E-2
5.793333E1	4.046482E1	3.968100E-2
5.796667E1	4.047983E1	5.876126E-2
5.800000E1	4.050190E1	7.630223E-2
5.803333E1	4.050808E1	7.804902E-2
5.806667E1	4.051413E1	7.893097E-2
5.810000E1	4.052271E1	8.677714E-2
5.813333E1	4.054604E1	7.878752E-2
5.816667E1	4.058634E1	6.178183E-2
5.820000E1	4.060370E1	6.579958E-2
5.823333E1	4.062981E1	5.640765E-2
5.826667E1	4.064823E1	3.990392E-2
5.830000E1	4.064549E1	4.546014E-2
5.833333E1	4.064097E1	2.077692E-2
5.836667E1	4.064714E1	-2.377344E-2
5.840000E1	4.063469E1	-2.478298E-2
5.843333E1	4.062160E1	-2.712996E-2
5.846667E1	4.061671E1	-2.790699E-2
5.850000E1	4.056370E1	-3.637652E-2
5.853333E1	4.051102E1	-7.756383E-2
5.856667E1	4.047739E1	-8.148221E-2
5.860000E1	4.041159E1	-9.228970E-2
5.863333E1	4.038129E1	-9.440793E-2
5.866667E1	4.028480E1	-1.470629E-1
5.870000E1	4.024301E1	-1.734328E-1
5.873333E1	4.021440E1	-1.889988E-1
5.876667E1	4.018594E1	-2.102865E-1
5.880000E1	4.019142E1	-2.158362E-1
5.883333E1	4.020658E1	-2.324897E-1
5.886667E1	4.022190E1	-2.316054E-1
5.890000E1	4.023680E1	-2.309071E-1
5.893333E1	4.029788E1	-2.330238E-1
5.896667E1	4.031524E1	-2.294245E-1
5.900000E1	4.040330E1	-2.158936E-1
5.903333E1	4.046219E1	-2.094768E-1
5.906667E1	4.050393E1	-2.040288E-1
5.910000E1	4.056860E1	-1.957355E-1
5.913333E1	4.061429E1	-1.737472E-1
5.916667E1	4.071545E1	-1.308846E-1
5.920000E1	4.079052E1	-1.133470E-1
5.923333E1	4.085727E1	-1.044442E-1
5.926667E1	4.095325E1	-5.914251E-2
5.930000E1	4.099833E1	-6.050622E-2
5.933333E1	4.112297E1	-1.362423E-2
5.936667E1	4.119274E1	4.223599E-3
5.940000E1	4.124385E1	1.345786E-2
5.943333E1	4.132163E1	1.846336E-2
5.946667E1	4.135678E1	1.457285E-2
5.950000E1	4.143175E1	3.760596E-2
5.953333E1	4.144180E1	5.714423E-2
5.956667E1	4.146886E1	7.902862E-2
5.960000E1	4.151751E1	8.242758E-2
5.963333E1	4.151689E1	8.365662E-2
5.966667E1	4.154734E1	1.043419E-1
5.970000E1	4.158659E1	9.573464E-2
5.973333E1	4.159362E1	8.729480E-2
5.976667E1	4.162301E1	9.453925E-2
5.980000E1	4.164442E1	8.524253E-2
5.983333E1	4.169643E1	7.182140E-2
5.986667E1	4.173506E1	6.080185E-2
5.990000E1	4.176020E1	6.484148E-2
5.993333E1	4.180454E1	5.076082E-2
5.996667E1	4.180964E1	5.150772E-2
6.000000E1	4.182991E1	3.530623E-2
6.003333E1	4.185257E1	-8.219143E-3
6.006667E1	4.186169E1	-1.875470E-2
6.010000E1	4.187130E1	-3.039504E-2
6.013333E1	4.186646E1	-3.309517E-2
6.016667E1	4.184749E1	-4.321375E-2
6.020000E1	4.183146E1	-6.915652E-2
6.023333E1	4.182737E1	-7.868976E-2
6.026667E1	4.179418E1	-1.002511E-1
6.030000E1	4.176595E1	-9.918822E-2
6.033333E1	4.169814E1	-1.459326E-1
6.036667E1	4.167520E1	-1.727547E-1
6.040000E1	4.168500E1	-1.788577E-1
6.043333E1	4.168105E1	-1.801124E-1
6.046667E1	4.169703E1	-2.066756E-1
6.050000E1	4.173402E1	-2.402155E-1
6.053333E1	4.176972E1	-2.271925E-1
6.056667E1	4.180937E1	-2.355842E-1
6.060000E1	4.186840E1	-2.316068E-1
6.063333E1	4.189499E1	-2.353548E-1
6.066667E1	4.200053E1	-2.201764E-1
6.070000E1	4.208230E1	-2.137768E-1
6.073333E1	4.212915E1	-2.035975E-1
6.076667E1	4.222935E1	-1.954335E-1
6.080000E1	4.226772E1	-1.821052E-1
6.083333E1	4.240954E1	-1.487486E-1
6.086667E1	4.251889E1	-1.219984E-1
6.090000E1	4.257155E1	-1.126348E-1
6.093333E1	4.269225E1	-1.178047E-1
6.096667E1	4.276916E1	-9.019122E-2
6.100000E1	4.291866E1	-4.041435E-2
6.103333E1	4.299791E1	-4.286537E-2
6.106667E1	4.306956E1	-3.519413E-2
6.110000E1	4.315315E1	-6.763724E-3
6.113333E1	4.316020E1	-4.694943E-3
6.116667E1	4.328833E1	2.120669E-2
6.120000E1	4.333864E1	2.840322E-2
6.123333E1	4.337704E1	1.703919E-2
6.126667E1	4.344302E1	4.046456E-2
6.130000E1	4.345347E1	6.130946E-2
6.133333E1	4.351053E1	8.760094E-2
6.136667E1	4.355222E1	9.659034E-2
6.140000E1	4.359094E1	8.950911E-2
6.143333E1	4.363600E1	8.818230E-2
6.146667E1	4.365867E1	8.334605E-2
6.150000E1	4.370595E1	7.852803E-2
6.153333E1	4.378074E1	7.222239E-2
6.156667E1	4.381631E1	6.197346E-2
6.160000E1	4.386035E1	6.608865E-2
6.163333E1	4.388515E1	5.977237E-2
6.166667E1	4.392574E1	2.865125E-2
6.170000E1	4.396932E1	-7.445501E-4
6.173333E1	4.401219E1	-2.149776E-2
6.176667E1	4.403688E1	-3.557877E-2
6.180000E1	4.403686E1	-2.929739E-2
6.183333E1	4.403580E1	-3.404689E-2
6.186667E1	4.402476E1	-3.581318E-2
6.190000E1	4.400838E1	-3.036323E-2
6.193333E1	4.399218E1	-4.130505E-2
6.196667E1	4.399225E1	-7.377041E-2
6.200000E1	4.396411E1	-1.247284E-1
6.203333E1	4.394340E1	-1.623905E-1
6.206667E1	4.394980E1	-1.732855E-1
6.210000E1	4.395513E1	-1.863415E-1
6.213333E1	4.395943E1	-2.064466E-1
6.216667E1	4.404542E1	-2.342041E-1
6.220000E1	4.408910E1	-2.327477E-1
6.223333E1	4.416056E1	-2.415661E-1
6.226667E1	4.426801E1	-2.507981E-1
6.230000E1	4.429914E1	-2.464652E-1
6.233333E1	4.444173E1	-2.352312E-1
6.236667E1	4.454348E1	-2.278180E-1
6.240000E1	4.460193E1	-2.188277E-1
6.243333E1	4.473682E1	-2.112320E-1
6.246667E1	4.477830E1	-2.116367E-1
6.250000E1	4.493129E1	-1.881457E-1
6.253333E1	4.503960E1	-1.409130E-1
6.256667E1	4.517921E1	-1.104507E-1
6.260000E1	4.530690E1	-8.591371E-2
6.263333E1	4.534182E1	-8.375000E-2
6.266667E1	4.551118E1	-7.291462E-2
6.270000E1	4.560885E1	-4.659361E-2
6.273333E1	4.565864E1	-4.296303E-2
6.276667E1	4.575995E1	-1.017142E-2
6.280000E1	4.578691E1	-7.178569E-3
6.283333E1	4.590184E1	1.481414E-2
6.286667E1	4.594620E1	-1.851917E-3
6.290000E1	4.597447E1	1.828761E-3
6.293333E1	4.604309E1	-7.327216E-5
6.296667E1	4.606927E1	-2.932827E-3
6.300000E1	4.611466E1	6.228411E-3
6.303333E1	4.620443E1	1.372083E-2
6.306667E1	4.622443E1	7.126514E-4
6.310000E1	4.629025E1	-4.004167E-3
6.313333E1	4.632424E1	-3.706749E-3
6.316667E1	4.637940E1	-6.203039E-3
6.320000E1	4.646014E1	-2.366136E-2
6.323333E1	4.649558E1	-2.321433E-2
6.326667E1	4.657535E1	-2.953328E-2
6.330000E1	4.661219E1	-3.124913E-2
6.333333E1	4.666207E1	-3.681625E-2
6.336667E1	4.674840E1	-5.465300E-2
6.340000E1	4.677737E1	-8.505065E-2
6.343333E1	4.681504E1	-9.911577E-2
6.346667E1	4.685511E1	-1.059170E-1
6.350000E1	4.687982E1	-1.108690E-1
6.353333E1	4.688702E1	-1.124591E-1
6.356667E1	4.689955E1	-1.026087E-1
6.360000E1	4.689921E1	-1.085838E-1
6.363333E1	4.689606E1	-1.059775E-1
6.366667E1	4.691753E1	-1.238643E-1
6.370000E1	4.689164E1	-1.820129E-1
6.373333E1	4.691383E1	-1.838323E-1
6.376667E1	4.692004E1	-2.010781E-1
6.380000E1	4.693275E1	-2.263038E-1
6.383333E1	4.695636E1	-2.340187E-1
6.386667E1	4.704955E1	-2.440088E-1
6.390000E1	4.707300E1	-2.445274E-1
6.393333E1	4.717769E1	-2.432692E-1
6.396667E1	4.721854E1	-2.539024E-1
6.400000E1	4.728623E1	-2.507907E-1
6.403333E1	4.739374E1	-2.287914E-1
6.406667E1	4.744452E1	-2.269129E-1
6.410000E1	4.754971E1	-2.106503E-1
6.413333E1	4.759856E1	-2.098256E-1
6.416667E1	4.769056E1	-2.022935E-1
6.420000E1	4.784440E1	-1.603522E-1
6.423333E1	4.787844E1	-1.610520E-1
6.426667E1	4.800155E1	-1.412916E-1
6.430000E1	4.811357E1	-1.111655E-1
6.433333E1	4.822081E1	-8.250332E-2
6.436667E1	4.835028E1	-4.692342E-2
6.440000E1	4.839091E1	-3.089082E-2
6.443333E1	4.845741E1	-7.400507E-3
6.446667E1	4.848900E1	5.255894E-3
6.450000E1	4.853653E1	-2.462447E-3
6.453333E1	4.859279E1	4.301422E-3
6.456667E1	4.859887E1	-6.381871E-3
6.460000E1	4.863824E1	-1.296384E-4
6.463333E1	4.866619E1	3.517272E-3
6.466667E1	4.869111E1	4.019448E-3
6.470000E1	4.876629E1	1.209075E-2
6.473333E1	4.879470E1	7.138745E-3
6.476667E1	4.882764E1	-2.625459E-3
6.480000E1	4.887111E1	5.410982E-4
6.483333E1	4.889636E1	-8.438883E-3
6.486667E1	4.894241E1	-2.484212E-2
6.490000E1	4.895439E1	-2.004527E-2
6.493333E1	4.898063E1	-3.579410E-2
6.496667E1	4.900981E1	-2.988627E-2
6.500000E1	4.903325E1	-3.112172E-2
6.503333E1	4.904441E1	-5.308077E-2
6.506667E1	4.906287E1	-4.739879E-2
6.510000E1	4.907206E1	-4.533489E-2
6.513333E1	4.907734E1	-4.861794E-2
6.516667E1	4.907517E1	-4.542817E-2
6.520000E1	4.902066E1	-4.598184E-2
6.523333E1	4.899190E1	-3.335781E-2
6.526667E1	4.890369E1	-3.284788E-2
6.530000E1	4.886623E1	-3.819584E-2
6.533333E1	4.879785E1	-5.981783E-2
6.536667E1	4.868930E1	-1.107287E-1
6.540000E1	4.869863E1	-1.011549E-1
6.543333E1	4.867691E1	-1.100899E-1
6.546667E1	4.863968E1	-1.054658E-1
6.550000E1	4.863314E1	-1.002070E-1
6.553333E1	4.863504E1	-9.724444E-2
6.556667E1	4.863981E1	-9.451398E-2
6.560000E1	4.865351E1	-9.610436E-2
6.563333E1	4.865113E1	-9.668816E-2
6.566667E1	4.865967E1	-9.271966E-2
6.570000E1	4.867414E1	-7.905457E-2
6.573333E1	4.867113E1	-7.911603E-2
6.576667E1	4.867443E1	-6.994696E-2
6.580000E1	4.867460E1	-6.650345E-2
6.583333E1	4.867633E1	-6.132413E-2
6.586667E1	4.873114E1	-2.497703E-3
6.590000E1	4.873138E1	8.892290E-3
6.593333E1	4.878056E1	2.697219E-2
6.596667E1	4.880463E1	4.790085E-2
6.600000E1	4.882269E1	6.673136E-2
6.603333E1	4.880790E1	8.906481E-2
6.606667E1	4.880420E1	7.992790E-2
6.610000E1	4.880171E1	8.620469E-2
6.613333E1	4.880354E1	9.073492E-2
6.616667E1	4.878546E1	1.192241E-1
6.620000E1	4.876258E1	1.323817E-1
6.623333E1	4.876753E1	1.358952E-1
6.626667E1	4.875803E1	1.372437E-1
6.630000E1	4.876094E1	1.297056E-1
6.633333E1	4.874096E1	1.504895E-1
6.636667E1	4.866622E1	1.694843E-1
6.640000E1	4.865552E1	1.834561E-1
6.643333E1	4.862854E1	1.890384E-1
6.646667E1	4.862360E1	1.865615E-1
6.650000E1	4.860819E1	1.965508E-1
6.653333E1	4.856551E1	1.847939E-1
6.656667E1	4.856104E1	1.870716E-1
6.660000E1	4.853812E1	1.907501E-1
6.663333E1	4.851348E1	1.872209E-1
6.666667E1	4.847181E1	1.766539E-1
6.670000E1	4.842515E1	1.628305E-1
6.673333E1	4.841647E1	1.707202E-1
6.676667E1	4.837100E1	1.655624E-1
6.680000E1	4.830564E1	1.610896E-1
6.683333E1	4.827315E1	1.404189E-1
6.686667E1	4.805903E1	1.078392E-1
6.690000E1	4.802711E1	1.019617E-1
6.693333E1	4.790565E1	1.060641E-1
6.696667E1	4.785170E1	8.953787E-2
6.700000E1	4.773103E1	5.453742E-2
6.703333E1	4.757338E1	-1.151111E-3
6.706667E1	4.753774E1	-1.864431E-2
6.710000E1	4.745595E1	-3.893885E-2
6.713333E1	4.741809E1	-3.487067E-2
6.716667E1	4.740627E1	-3.816121E-2
6.720000E1	4.739169E1	-3.842024E-2
6.723333E1	4.741184E1	-3.595258E-2
6.726667E1	4.741865E1	-3.393883E-2
6.730000E1	4.742524E1	-2.915494E-2
6.733333E1	4.743290E1	-2.282573E-2
6.736667E1	4.744113E1	-1.129786E-2
6.740000E1	4.744279E1	-8.763514E-3
6.743333E1	4.745439E1	-6.568372E-4
6.746667E1	4.745251E1	4.182747E-3
6.750000E1	4.745628E1	5.802887E-3
6.753333E1	4.753886E1	4.702639E-2
6.756667E1	4.755973E1	6.065621E-2
6.760000E1	4.760078E1	6.819904E-2
6.763333E1	4.762345E1	8.026111E-2
6.766667E1	4.770621E1	9.868051E-2
6.770000E1	4.775626E1	1.327362E-1
6.773333E1	4.777450E1	1.347270E-1
6.776667E1	4.779862E1	1.357714E-1
6.780000E1	4.780496E1	1.331594E-1
6.783333E1	4.780164E1	1.357031E-1
6.786667E1	4.779679E1	1.320747E-1
6.790000E1	4.779362E1	1.307655E-1
6.793333E1	4.778508E1	1.346655E-1
6.796667E1	4.778154E1	1.365675E-1
6.800000E1	4.778541E1	1.366912E-1
6.803333E1	4.777961E1	1.429192E-1
6.806667E1	4.778184E1	1.361476E-1
6.810000E1	4.778418E1	1.323685E-1
6.813333E1	4.778410E1	1.292463E-1
6.816667E1	4.779268E1	1.176121E-1
6.820000E1	4.779548E1	1.012374E-1
6.823333E1	4.779496E1	1.056796E-1
6.826667E1	4.780053E1	9.341897E-2
6.830000E1	4.779631E1	9.248225E-2
6.833333E1	4.779164E1	8.122754E-2
6.836667E1	4.778496E1	3.698932E-2
6.840000E1	4.778006E1	3.261742E-2
6.843333E1	4.776554E1	2.332102E-2
6.846667E1	4.776956E1	1.792904E-2
6.850000E1	4.771683E1	5.409783E-3
6.853333E1	4.763614E1	-3.160402E-2
6.856667E1	4.760517E1	-2.722491E-2
6.860000E1	4.751634E1	-6.381978E-2
6.863333E1	4.747869E1	-7.478594E-2
6.866667E1	4.739155E1	-1.129102E-1
6.870000E1	4.730767E1	-1.762784E-1
6.873333E1	4.727995E1	-1.799627E-1
6.876667E1	4.724952E1	-1.839257E-1
6.880000E1	4.724740E1	-1.837193E-1
6.883333E1	4.727005E1	-1.849188E-1
6.886667E1	4.727900E1	-1.892424E-1
6.890000E1	4.729251E1	-1.876883E-1
6.893333E1	4.731427E1	-1.951873E-1
6.896667E1	4.733203E1	-1.837657E-1
6.900000E1	4.737055E1	-1.822001E-1
6.903333E1	4.741421E1	-1.569856E-1
6.906667E1	4.743698E1	-1.601630E-1
6.910000E1	4.746806E1	-1.440158E-1
6.913333E1	4.751030E1	-1.439623E-1
6.916667E1	4.754822E1	-1.296418E-1
6.920000E1	4.766347E1	-1.095404E-1
6.923333E1	4.768289E1	-7.864591E-2
6.926667E1	4.778279E1	-6.918169E-2
6.930000E1	4.786151E1	-4.693307E-2
6.933333E1	4.792264E1	-2.340674E-2
6.936667E1	4.798566E1	-8.696136E-3
6.940000E1	4.800109E1	-7.326063E-3
6.943333E1	4.802354E1	-5.001609E-3
6.946667E1	4.803428E1	-9.606587E-3
6.950000E1	4.803758E1	5.068209E-4
6.953333E1	4.805766E1	2.838474E-3
6.956667E1	4.806134E1	1.530732E-3
6.960000E1	4.806991E1	7.497068E-3
6.963333E1	4.807282E1	6.193580E-3
6.966667E1	4.807615E1	4.046233E-3
6.970000E1	4.807836E1	1.369893E-2
6.973333E1	4.807860E1	6.859814E-4
6.976667E1	4.808384E1	-6.926989E-3
6.980000E1	4.808061E1	-1.204329E-2
6.983333E1	4.808158E1	-2.194762E-2
6.986667E1	4.808978E1	-2.985676E-2
6.990000E1	4.808549E1	-2.693460E-2
6.993333E1	4.808197E1	-3.072791E-2
6.996667E1	4.807948E1	-3.378417E-2
7.000000E1	4.807381E1	-3.990090E-2
7.003333E1	4.806751E1	-4.779917E-2
7.006667E1	4.806703E1	-4.736323E-2
7.010000E1	4.806022E1	-4.782110E-2
7.013333E1	4.805966E1	-4.316259E-2
