	masse A		
t	x	y	
0.000000E0	3.773685E1	7.355016E-1
1.763973E-2	3.773771E1	7.442881E-1
3.527946E-2	3.773797E1	7.401462E-1
5.291919E-2	3.774172E1	7.431240E-1
7.055892E-2	3.773930E1	7.418538E-1
8.819864E-2	3.773805E1	7.375315E-1
1.058384E-1	3.773331E1	6.774429E-1
1.234781E-1	3.770494E1	2.371056E-1
1.411178E-1	3.766619E1	-5.953050E-2
1.587576E-1	3.761542E1	-3.462243E-1
1.763973E-1	3.755843E1	-6.076901E-1
1.940370E-1	3.748342E1	-9.234450E-1
2.116767E-1	3.740562E1	-1.239301E0
2.293165E-1	3.731869E1	-1.561041E0
2.469562E-1	3.727049E1	-1.846456E0
2.645959E-1	3.727078E1	-2.018363E0
2.822357E-1	3.732135E1	-2.058083E0
2.998754E-1	3.741050E1	-2.031732E0
3.175151E-1	3.747532E1	-2.006401E0
3.351549E-1	3.753520E1	-1.949034E0
3.527946E-1	3.757922E1	-1.872397E0
3.704343E-1	3.760177E1	-1.801526E0
3.880740E-1	3.763604E1	-1.695485E0
4.057138E-1	3.766723E1	-1.518510E0
4.233535E-1	3.767652E1	-1.271022E0
4.409932E-1	3.771854E1	-9.985541E-1
4.586330E-1	3.776285E1	-2.520251E-1
4.762727E-1	3.773424E1	2.751439E-1
4.939124E-1	3.756911E1	1.477605E0
5.115521E-1	3.747238E1	1.992543E0
5.291919E-1	3.743500E1	2.347200E0
5.468316E-1	3.749474E1	2.434233E0
5.644713E-1	3.754186E1	2.446834E0
5.821111E-1	3.755613E1	2.459259E0
5.997508E-1	3.756059E1	2.462447E0
6.173905E-1	3.754290E1	2.416958E0
6.350302E-1	3.753191E1	2.282397E0
6.526700E-1	3.752812E1	2.120743E0
6.703097E-1	3.749498E1	1.836377E0
6.879494E-1	3.745069E1	1.594349E0
7.055892E-1	3.742571E1	1.389977E0
7.232289E-1	3.741306E1	8.398943E-1
7.408686E-1	3.744481E1	4.836340E-1
7.585083E-1	3.752849E1	1.742898E-1
7.761481E-1	3.781538E1	-1.839632E-1
7.937878E-1	3.792972E1	-3.182468E-1
8.114275E-1	3.802055E1	-4.122700E-1
8.290673E-1	3.806730E1	-5.218759E-1
8.467070E-1	3.808695E1	-5.928624E-1
8.643467E-1	3.807087E1	-6.624450E-1
8.819864E-1	3.802033E1	-7.871088E-1
8.996262E-1	3.798355E1	-7.991414E-1
9.172659E-1	3.793100E1	-7.103837E-1
9.349056E-1	3.785879E1	-5.264584E-1
9.525454E-1	3.775694E1	-2.366567E-1
9.701851E-1	3.765478E1	7.375144E-2
9.878248E-1	3.757258E1	3.820368E-1
1.005465E0	3.756098E1	5.964966E-1
1.023104E0	3.762208E1	7.030200E-1
1.040744E0	3.772422E1	7.114322E-1
1.058384E0	3.781924E1	6.779104E-1
1.076023E0	3.791077E1	6.468921E-1
1.093663E0	3.796102E1	5.925359E-1
1.111303E0	3.800283E1	5.473107E-1
1.128943E0	3.801428E1	4.874847E-1
1.146582E0	3.800646E1	3.494709E-1
1.164222E0	3.797922E1	1.490707E-1
1.181862E0	3.793099E1	-1.128756E-1
1.199502E0	3.787721E1	-3.132555E-1
1.217141E0	3.782812E1	-5.012087E-1
1.234781E0	3.777399E1	-7.203913E-1
1.252421E0	3.772351E1	-9.781079E-1
1.270060E0	3.771486E1	-1.185651E0
1.287700E0	3.788929E1	-1.284756E0
1.305340E0	3.798038E1	-1.251606E0
1.322980E0	3.805232E1	-1.216868E0
1.340619E0	3.809088E1	-1.197596E0
1.358259E0	3.809870E1	-1.229825E0
1.375899E0	3.810372E1	-1.303940E0
1.393539E0	3.810410E1	-1.305317E0
1.411178E0	3.810447E1	-1.198808E0
1.428818E0	3.810461E1	-1.002095E0
1.446458E0	3.806527E1	-7.088957E-1
1.464098E0	3.799881E1	-2.932827E-1
1.481737E0	3.790222E1	1.184216E-1
1.499377E0	3.780193E1	5.242621E-1
1.517017E0	3.779958E1	8.348186E-1
1.534656E0	3.797029E1	9.683559E-1
1.552296E0	3.805957E1	9.182082E-1
1.569936E0	3.810981E1	8.791159E-1
1.587576E0	3.812804E1	8.854198E-1
1.605215E0	3.813710E1	8.854653E-1
1.622855E0	3.814417E1	7.848602E-1
1.640495E0	3.813616E1	5.979307E-1
1.658135E0	3.813180E1	3.253793E-1
1.675774E0	3.809210E1	6.883755E-2
1.693414E0	3.804965E1	-1.400170E-1
1.711054E0	3.801346E1	-3.742831E-1
1.728693E0	3.795999E1	-6.858418E-1
1.746333E0	3.793151E1	-1.071764E0
1.763973E0	3.795433E1	-1.379881E0
1.781613E0	3.805992E1	-1.560287E0
1.799252E0	3.819372E1	-1.601717E0
1.816892E0	3.828634E1	-1.640544E0
1.834532E0	3.834233E1	-1.660195E0
1.852172E0	3.837464E1	-1.679302E0
1.869811E0	3.837286E1	-1.722621E0
1.887451E0	3.835342E1	-1.825708E0
1.905091E0	3.833385E1	-1.851331E0
1.922730E0	3.832850E1	-1.768338E0
1.940370E0	3.830946E1	-1.616679E0
1.958010E0	3.825699E1	-1.317801E0
1.975650E0	3.816802E1	-9.142263E-1
1.993289E0	3.807007E1	-5.511684E-1
2.010929E0	3.800453E1	-2.001780E-1
2.028569E0	3.801333E1	5.520503E-2
2.046209E0	3.806286E1	2.244922E-1
2.063848E0	3.816246E1	2.662414E-1
2.081488E0	3.826176E1	2.461602E-1
2.099128E0	3.832151E1	2.118213E-1
2.116767E0	3.835902E1	1.777666E-1
2.134407E0	3.836156E1	1.801920E-1
2.152047E0	3.835673E1	1.082458E-1
2.169687E0	3.833227E1	-1.827335E-2
2.187326E0	3.829551E1	-2.319962E-1
2.204966E0	3.822226E1	-4.820845E-1
2.222606E0	3.816025E1	-6.424417E-1
2.240246E0	3.810319E1	-8.056610E-1
2.257885E0	3.804909E1	-1.047828E0
2.275525E0	3.800678E1	-1.368415E0
2.293165E0	3.801496E1	-1.648564E0
2.310804E0	3.807348E1	-1.811748E0
2.328444E0	3.819884E1	-1.827136E0
2.346084E0	3.830497E1	-1.839099E0
2.363724E0	3.836622E1	-1.854462E0
2.381363E0	3.840374E1	-1.857745E0
2.399003E0	3.840857E1	-1.881298E0
2.416643E0	3.838190E1	-1.946378E0
2.434283E0	3.837042E1	-1.965380E0
2.451922E0	3.833791E1	-1.713097E0
2.469562E0	3.829564E1	-1.408797E0
2.487202E0	3.821760E1	-1.011411E0
2.504842E0	3.811699E1	-6.221426E-1
2.522481E0	3.802623E1	-2.651792E-1
2.540121E0	3.803753E1	-1.506981E-2
2.557761E0	3.809363E1	1.274748E-1
2.575400E0	3.818732E1	1.435758E-1
2.593040E0	3.828221E1	1.077545E-1
2.610680E0	3.832863E1	9.783899E-2
2.628320E0	3.836784E1	6.314461E-2
2.645959E0	3.835372E1	-5.541009E-3
2.663599E0	3.833866E1	-1.550007E-1
2.681239E0	3.829322E1	-4.077926E-1
2.698879E0	3.824046E1	-6.708876E-1
2.716518E0	3.818183E1	-8.340910E-1
2.734158E0	3.812461E1	-1.036752E0
2.751798E0	3.807734E1	-1.295817E0
2.769437E0	3.804655E1	-1.629188E0
2.787077E0	3.804132E1	-1.913992E0
2.804717E0	3.809708E1	-2.070840E0
2.822357E0	3.820373E1	-2.101941E0
2.839996E0	3.829881E1	-2.121250E0
2.857636E0	3.836178E1	-2.151498E0
2.875276E0	3.838794E1	-2.171344E0
2.892916E0	3.835922E1	-2.279018E0
2.910555E0	3.835209E1	-2.293160E0
2.928195E0	3.834842E1	-2.201210E0
2.945835E0	3.832966E1	-2.054869E0
2.963474E0	3.829098E1	-1.756201E0
2.981114E0	3.820682E1	-1.360205E0
2.998754E0	3.810362E1	-9.648246E-1
3.016394E0	3.802976E1	-6.140721E-1
3.034033E0	3.802983E1	-3.632503E-1
3.051673E0	3.809957E1	-2.073457E-1
3.069313E0	3.820599E1	-1.772495E-1
3.086953E0	3.830449E1	-2.014016E-1
3.104592E0	3.836087E1	-2.133436E-1
3.122232E0	3.837903E1	-2.343226E-1
3.139872E0	3.838618E1	-2.444616E-1
3.157511E0	3.836105E1	-4.620774E-1
3.175151E0	3.832111E1	-6.705997E-1
3.192791E0	3.826501E1	-8.965845E-1
3.210431E0	3.820842E1	-1.043028E0
3.228070E0	3.815855E1	-1.218580E0
3.245710E0	3.810972E1	-1.450126E0
3.263350E0	3.807660E1	-1.758715E0
3.280990E0	3.806307E1	-2.061007E0
3.298629E0	3.812179E1	-2.246794E0
3.316269E0	3.823582E1	-2.282874E0
3.333909E0	3.832857E1	-2.308281E0
3.351549E0	3.839313E1	-2.343607E0
3.369188E0	3.841919E1	-2.392929E0
3.386828E0	3.839404E1	-2.462354E0
3.404468E0	3.837589E1	-2.468344E0
3.422107E0	3.836567E1	-2.373963E0
3.439747E0	3.832840E1	-2.223102E0
3.457387E0	3.829556E1	-1.953871E0
3.475027E0	3.822182E1	-1.545500E0
3.492666E0	3.810602E1	-1.181316E0
3.510306E0	3.802445E1	-8.406781E-1
3.527946E0	3.803773E1	-6.185194E-1
3.545586E0	3.809467E1	-4.835416E-1
3.563225E0	3.819007E1	-4.610657E-1
3.580865E0	3.828156E1	-4.774781E-1
3.598505E0	3.833558E1	-4.895301E-1
3.616144E0	3.835873E1	-5.042394E-1
