	masse A		
t	x	y	
0.000000E0	0.000000E0	1.119918E-2
1.668333E-2	-5.591691E-3	8.151658E-3
3.336667E-2	-9.669993E-3	-7.749889E-5
5.005000E-2	-1.864221E-2	1.075851E-4
6.673333E-2	-3.121513E-2	-8.393520E-4
8.341667E-2	-6.274707E-2	6.275958E-3
1.001000E-1	-8.491702E-2	4.798716E-3
1.167833E-1	-1.142864E-1	7.733098E-3
1.334667E-1	-1.626543E-1	-5.087069E-3
1.501500E-1	-1.981859E-1	5.230703E-3
1.668333E-1	-2.563837E-1	7.870403E-3
1.835167E-1	-3.099623E-1	-1.526598E-3
2.002000E-1	-3.588262E-1	3.786005E-3
2.168833E-1	-4.173584E-1	5.440574E-3
2.335667E-1	-4.572643E-1	-8.675944E-4
2.502500E-1	-4.864554E-1	5.963217E-3
2.669333E-1	-5.323103E-1	-1.225773E-2
2.836167E-1	-5.492125E-1	-7.668878E-3
3.003000E-1	-5.646246E-1	-1.108502E-2
3.169833E-1	-5.638370E-1	-1.101995E-2
3.336667E-1	-5.673754E-1	-1.455371E-2
3.503500E-1	-5.580060E-1	-8.747684E-3
3.670333E-1	-5.518877E-1	-3.628298E-3
3.837167E-1	-5.351748E-1	1.177626E-3
4.004000E-1	-5.198241E-1	-1.831948E-3
4.170833E-1	-4.854865E-1	3.599970E-3
4.337667E-1	-4.501106E-1	2.601610E-3
4.504500E-1	-4.112109E-1	4.776603E-3
4.671333E-1	-3.643587E-1	1.796676E-3
4.838167E-1	-3.023079E-1	1.140461E-3
5.005000E-1	-2.287315E-1	2.033362E-3
5.171833E-1	-1.554314E-1	5.125230E-3
5.338667E-1	-8.504806E-2	6.887622E-3
5.505500E-1	-1.074714E-2	1.098075E-2
5.672333E-1	6.621753E-2	1.117900E-2
5.839167E-1	1.396537E-1	1.656129E-2
6.006000E-1	2.101113E-1	1.487469E-2
6.172833E-1	2.795242E-1	1.956987E-2
6.339667E-1	3.464330E-1	2.345012E-2
6.506500E-1	4.156239E-1	2.460651E-2
6.673333E-1	4.817610E-1	2.266944E-2
6.840167E-1	5.464321E-1	1.972497E-2
7.007000E-1	5.968364E-1	2.460453E-2
7.173833E-1	6.336233E-1	2.520014E-2
7.340667E-1	6.873624E-1	2.775699E-2
7.507500E-1	7.225689E-1	2.602439E-2
7.674333E-1	7.543862E-1	2.599289E-2
7.841167E-1	8.017127E-1	3.070336E-2
8.008000E-1	8.356995E-1	2.356315E-2
8.174833E-1	8.730756E-1	3.131978E-2
8.341667E-1	9.107073E-1	2.749105E-2
8.508500E-1	9.574291E-1	2.983504E-2
8.675333E-1	9.841500E-1	2.764005E-2
8.842167E-1	1.024232E0	3.390803E-2
9.009000E-1	1.048492E0	2.382194E-2
9.175833E-1	1.084713E0	2.558024E-2
9.342667E-1	1.109831E0	1.399462E-2
9.509500E-1	1.140368E0	1.470877E-2
9.676333E-1	1.166565E0	1.313473E-2
9.843167E-1	1.177520E0	1.196822E-4
1.001000E0	1.202225E0	-1.189160E-3
1.017683E0	1.216134E0	-4.246659E-3
1.034367E0	1.224293E0	-1.166919E-2
1.051050E0	1.226499E0	-1.576671E-2
1.067733E0	1.218871E0	-2.024350E-2
1.084417E0	1.216718E0	-1.948120E-2
1.101100E0	1.218449E0	-3.644816E-2
1.117783E0	1.208581E0	-7.416354E-2
1.134467E0	1.200967E0	-8.562336E-2
1.151150E0	1.198270E0	-9.489754E-2
1.167833E0	1.191677E0	-9.921758E-2
1.184517E0	1.170368E0	-1.230861E-1
1.201200E0	1.140254E0	-1.325601E-1
1.217883E0	1.125084E0	-1.415670E-1
1.234567E0	1.116100E0	-1.482018E-1
1.251250E0	1.107474E0	-1.581410E-1
1.267933E0	1.120772E0	-1.684971E-1
1.284617E0	1.124559E0	-2.064420E-1
1.301300E0	1.135404E0	-2.224223E-1
1.317983E0	1.148727E0	-2.296808E-1
1.334667E0	1.159588E0	-2.364394E-1
1.351350E0	1.191278E0	-2.486482E-1
1.368033E0	1.234660E0	-2.668511E-1
1.384717E0	1.261396E0	-2.799408E-1
1.401400E0	1.297549E0	-2.778207E-1
1.418083E0	1.329388E0	-2.839434E-1
1.434767E0	1.388560E0	-2.865429E-1
1.451450E0	1.444400E0	-2.850979E-1
1.468133E0	1.499868E0	-2.876727E-1
1.484817E0	1.565605E0	-2.879223E-1
1.501500E0	1.633941E0	-2.843014E-1
1.518183E0	1.704130E0	-2.851831E-1
1.534867E0	1.781366E0	-2.821404E-1
1.551550E0	1.858094E0	-2.801175E-1
1.568233E0	1.939210E0	-2.826442E-1
1.584917E0	2.017342E0	-2.772291E-1
1.601600E0	2.104197E0	-2.806845E-1
1.618283E0	2.187900E0	-2.729197E-1
1.634967E0	2.261329E0	-2.704458E-1
1.651650E0	2.336377E0	-2.667043E-1
1.668333E0	2.413655E0	-2.638471E-1
1.685017E0	2.488131E0	-2.640041E-1
1.701700E0	2.553707E0	-2.643926E-1
1.718383E0	2.610353E0	-2.605760E-1
1.735067E0	2.670987E0	-2.588410E-1
1.751750E0	2.718730E0	-2.549153E-1
1.768433E0	2.761739E0	-2.544764E-1
1.785117E0	2.808743E0	-2.565971E-1
1.801800E0	2.848469E0	-2.578680E-1
1.818483E0	2.881304E0	-2.633132E-1
1.835167E0	2.933680E0	-2.572135E-1
1.851850E0	2.974414E0	-2.550812E-1
1.868533E0	3.013799E0	-2.484137E-1
1.885217E0	3.042645E0	-2.509846E-1
1.901900E0	3.077401E0	-2.486362E-1
1.918583E0	3.108621E0	-2.560974E-1
1.935267E0	3.139696E0	-2.553875E-1
1.951950E0	3.167823E0	-2.613400E-1
1.968633E0	3.202979E0	-2.610706E-1
1.985317E0	3.225198E0	-2.600082E-1
2.002000E0	3.229900E0	-2.684650E-1
2.018683E0	3.230353E0	-2.761078E-1
2.035367E0	3.228745E0	-2.827042E-1
2.052050E0	3.233415E0	-2.847037E-1
2.068733E0	3.220405E0	-2.908808E-1
2.085417E0	3.213837E0	-2.915124E-1
2.102100E0	3.207477E0	-2.948288E-1
2.118783E0	3.200621E0	-3.008480E-1
2.135467E0	3.198524E0	-2.913804E-1
2.152150E0	3.186992E0	-2.934071E-1
2.168833E0	3.178067E0	-2.904367E-1
2.185517E0	3.155484E0	-2.831958E-1
2.202200E0	3.126302E0	-2.838673E-1
2.218883E0	3.104573E0	-2.849891E-1
2.235567E0	3.088667E0	-2.806561E-1
2.252250E0	3.057657E0	-2.922545E-1
2.268933E0	3.043587E0	-2.979424E-1
2.285617E0	3.040012E0	-3.047120E-1
2.302300E0	3.062555E0	-3.132290E-1
2.318983E0	3.071442E0	-3.446820E-1
2.335667E0	3.087990E0	-3.531111E-1
2.352350E0	3.106382E0	-3.676987E-1
2.369033E0	3.144268E0	-3.667693E-1
2.385717E0	3.170501E0	-3.721959E-1
2.402400E0	3.217386E0	-3.604390E-1
2.419083E0	3.251805E0	-3.623306E-1
2.435767E0	3.306323E0	-3.613772E-1
2.452450E0	3.369520E0	-3.552179E-1
2.469133E0	3.419685E0	-3.541304E-1
2.485817E0	3.487511E0	-3.525884E-1
2.502500E0	3.557871E0	-3.516061E-1
2.519183E0	3.634823E0	-3.494228E-1
2.535867E0	3.710600E0	-3.481471E-1
2.552550E0	3.792939E0	-3.465278E-1
2.569233E0	3.878297E0	-3.510860E-1
2.585917E0	3.978545E0	-3.426737E-1
2.602600E0	4.063392E0	-3.343490E-1
2.619283E0	4.138128E0	-3.281321E-1
2.635967E0	4.212152E0	-3.292484E-1
2.652650E0	4.275035E0	-3.229888E-1
2.669333E0	4.355345E0	-3.220110E-1
2.686017E0	4.424597E0	-3.149622E-1
2.702700E0	4.490767E0	-3.172960E-1
2.719383E0	4.552554E0	-3.143243E-1
2.736067E0	4.610935E0	-3.166966E-1
2.752750E0	4.667243E0	-3.158436E-1
2.769433E0	4.706588E0	-3.031889E-1
2.786117E0	4.752876E0	-2.805071E-1
2.802800E0	4.802018E0	-2.820755E-1
2.819483E0	4.859017E0	-2.624589E-1
2.836167E0	4.903778E0	-2.634591E-1
2.852850E0	4.960357E0	-2.645909E-1
2.869533E0	5.007096E0	-2.502838E-1
2.886217E0	5.049924E0	-2.544304E-1
2.902900E0	5.090969E0	-2.651542E-1
2.919583E0	5.134814E0	-2.561187E-1
2.936267E0	5.177296E0	-2.628955E-1
2.952950E0	5.231422E0	-2.705635E-1
2.969633E0	5.271392E0	-2.624806E-1
2.986317E0	5.296525E0	-2.592910E-1
3.003000E0	5.311341E0	-2.790180E-1
3.019683E0	5.338582E0	-2.818346E-1
3.036367E0	5.353086E0	-2.851655E-1
3.053050E0	5.365841E0	-2.919282E-1
3.069733E0	5.384368E0	-3.124427E-1
3.086417E0	5.405836E0	-3.459257E-1
3.103100E0	5.414015E0	-3.560778E-1
3.119783E0	5.413245E0	-3.614750E-1
3.136467E0	5.411674E0	-3.638276E-1
3.153150E0	5.411540E0	-3.676460E-1
3.169833E0	5.403188E0	-3.680589E-1
3.186517E0	5.401430E0	-3.641557E-1
3.203200E0	5.391539E0	-3.661199E-1
3.219883E0	5.381779E0	-3.671886E-1
3.236567E0	5.381791E0	-3.711825E-1
3.253250E0	5.378658E0	-3.735505E-1
3.269933E0	5.384652E0	-3.781502E-1
3.286617E0	5.394954E0	-3.782220E-1
3.303300E0	5.411862E0	-3.847377E-1
3.319983E0	5.422647E0	-4.136745E-1
3.336667E0	5.442160E0	-4.267948E-1
3.353350E0	5.497042E0	-4.361626E-1
3.370033E0	5.529092E0	-4.410700E-1
3.386717E0	5.563818E0	-4.371640E-1
3.403400E0	5.598538E0	-4.350330E-1
3.420083E0	5.657220E0	-4.304389E-1
3.436767E0	5.716308E0	-4.263727E-1
3.453450E0	5.768762E0	-4.243854E-1
3.470133E0	5.836292E0	-4.223276E-1
3.486817E0	5.907040E0	-4.213500E-1
3.503500E0	5.977902E0	-4.210841E-1
3.520183E0	6.064029E0	-4.179749E-1
3.536867E0	6.135803E0	-4.164964E-1
3.553550E0	6.228627E0	-4.124909E-1
3.570233E0	6.325732E0	-4.122784E-1
3.586917E0	6.417608E0	-4.047375E-1
3.603600E0	6.500382E0	-4.049448E-1
3.620283E0	6.571992E0	-4.004563E-1
3.636967E0	6.641650E0	-3.940197E-1
3.653650E0	6.712900E0	-3.908148E-1
3.670333E0	6.784519E0	-3.881141E-1
3.687017E0	6.851851E0	-3.872267E-1
3.703700E0	6.912332E0	-3.845397E-1
3.720383E0	6.965642E0	-3.738252E-1
3.737067E0	7.029519E0	-3.460816E-1
3.753750E0	7.099224E0	-3.355202E-1
3.770433E0	7.161629E0	-3.322685E-1
3.787117E0	7.219026E0	-3.332758E-1
3.803800E0	7.269648E0	-3.254477E-1
3.820483E0	7.317184E0	-3.284692E-1
3.837167E0	7.380924E0	-3.320517E-1
3.853850E0	7.430078E0	-3.344865E-1
3.870533E0	7.497374E0	-3.111592E-1
3.887217E0	7.534225E0	-3.181719E-1
3.903900E0	7.581965E0	-3.259087E-1
3.920583E0	7.633888E0	-3.201134E-1
3.937267E0	7.679085E0	-3.302687E-1
3.953950E0	7.725795E0	-3.370003E-1
3.970633E0	7.770671E0	-3.258423E-1
3.987317E0	7.806556E0	-3.355766E-1
4.004000E0	7.837804E0	-3.302112E-1
4.020683E0	7.855302E0	-3.335945E-1
4.037367E0	7.871475E0	-3.537045E-1
4.054050E0	7.896562E0	-3.558879E-1
4.070733E0	7.918422E0	-3.654127E-1
4.087417E0	7.945288E0	-3.916988E-1
4.104100E0	7.969900E0	-4.139811E-1
4.120783E0	7.979316E0	-4.208674E-1
4.137467E0	7.980625E0	-4.249253E-1
4.154150E0	7.980701E0	-4.242079E-1
4.170833E0	7.975836E0	-4.272983E-1
4.187517E0	7.972766E0	-4.238052E-1
4.204200E0	7.967284E0	-4.254122E-1
4.220883E0	7.958983E0	-4.238651E-1
4.237567E0	7.950797E0	-4.269572E-1
4.254250E0	7.952233E0	-4.319971E-1
4.270933E0	7.958700E0	-4.336326E-1
4.287617E0	7.966497E0	-4.350843E-1
4.304300E0	7.975931E0	-4.400679E-1
4.320983E0	8.023748E0	-4.530328E-1
4.337667E0	8.056444E0	-4.787088E-1
4.354350E0	8.090117E0	-4.977731E-1
4.371033E0	8.126392E0	-5.017855E-1
4.387717E0	8.170673E0	-5.065500E-1
4.404400E0	8.227192E0	-5.042671E-1
4.421083E0	8.278847E0	-4.950620E-1
4.437767E0	8.327649E0	-4.936467E-1
4.454450E0	8.386752E0	-4.926098E-1
4.471133E0	8.458292E0	-4.903017E-1
4.487817E0	8.531936E0	-4.893481E-1
4.504500E0	8.617757E0	-4.859457E-1
4.521183E0	8.700635E0	-4.818293E-1
4.537867E0	8.784530E0	-4.887463E-1
4.554550E0	8.884458E0	-4.791048E-1
4.571233E0	8.979854E0	-4.744454E-1
4.587917E0	9.074403E0	-4.679716E-1
4.604600E0	9.171914E0	-4.607259E-1
4.621283E0	9.252235E0	-4.513168E-1
4.637967E0	9.322551E0	-4.365007E-1
4.654650E0	9.400490E0	-4.132604E-1
4.671333E0	9.473918E0	-4.007633E-1
4.688017E0	9.543428E0	-3.882685E-1
4.704700E0	9.621525E0	-3.844006E-1
4.721383E0	9.686765E0	-3.861077E-1
4.738067E0	9.751665E0	-3.826355E-1
4.754750E0	9.811042E0	-3.834459E-1
4.771433E0	9.865139E0	-3.841854E-1
4.788117E0	9.928054E0	-3.947156E-1
4.804800E0	9.965538E0	-3.794672E-1
4.821483E0	1.002054E1	-3.607282E-1
4.838167E0	1.007789E1	-3.546117E-1
4.854850E0	1.014842E1	-3.466898E-1
4.871533E0	1.020874E1	-3.437843E-1
4.888217E0	1.026182E1	-3.196095E-1
4.904900E0	1.031710E1	-3.296761E-1
4.921583E0	1.036854E1	-3.367335E-1
4.938267E0	1.041960E1	-3.426915E-1
4.954950E0	1.048668E1	-3.239360E-1
4.971633E0	1.052459E1	-3.302680E-1
4.988317E0	1.056525E1	-3.413443E-1
5.005000E0	1.060938E1	-3.310606E-1
5.021683E0	1.063546E1	-3.508654E-1
5.038367E0	1.066680E1	-3.442176E-1
5.055050E0	1.068721E1	-3.451618E-1
5.071733E0	1.070601E1	-3.673442E-1
5.088417E0	1.074051E1	-3.600727E-1
5.105100E0	1.075717E1	-3.637055E-1
5.121783E0	1.079811E1	-3.924366E-1
5.138467E0	1.081698E1	-4.063994E-1
5.155150E0	1.083143E1	-4.107819E-1
5.171833E0	1.082870E1	-4.137562E-1
5.188517E0	1.082439E1	-4.146548E-1
5.205200E0	1.082254E1	-4.132913E-1
5.221883E0	1.081597E1	-4.159628E-1
5.238567E0	1.081383E1	-4.181340E-1
5.255250E0	1.080802E1	-4.229135E-1
5.271933E0	1.081270E1	-4.251826E-1
5.288617E0	1.082254E1	-4.271859E-1
5.305300E0	1.083326E1	-4.309095E-1
5.321983E0	1.086076E1	-4.453652E-1
5.338667E0	1.089940E1	-4.409861E-1
5.355350E0	1.095055E1	-4.515641E-1
5.372033E0	1.099241E1	-4.835346E-1
5.388717E0	1.104568E1	-4.844882E-1
5.405400E0	1.109187E1	-4.877492E-1
5.422083E0	1.114626E1	-4.918528E-1
5.438767E0	1.121136E1	-4.912978E-1
5.455450E0	1.127867E1	-4.923238E-1
5.472133E0	1.136116E1	-4.893250E-1
5.488817E0	1.143639E1	-4.876186E-1
5.505500E0	1.152103E1	-4.840751E-1
5.522183E0	1.160821E1	-4.800137E-1
5.538867E0	1.168887E1	-4.792038E-1
5.555550E0	1.177772E1	-4.803807E-1
5.572233E0	1.187512E1	-4.741033E-1
5.588917E0	1.195922E1	-4.674013E-1
5.605600E0	1.204432E1	-4.520178E-1
5.622283E0	1.211472E1	-4.438997E-1
5.638967E0	1.217827E1	-4.146287E-1
5.655650E0	1.224333E1	-4.022388E-1
5.672333E0	1.231721E1	-3.938059E-1
5.689017E0	1.239858E1	-3.832868E-1
5.705700E0	1.246697E1	-3.853125E-1
5.722383E0	1.253117E1	-3.913442E-1
5.739067E0	1.258842E1	-3.869473E-1
5.755750E0	1.265192E1	-3.861937E-1
5.772433E0	1.270734E1	-3.927797E-1
5.789117E0	1.277027E1	-3.954271E-1
5.805800E0	1.280699E1	-3.769056E-1
5.822483E0	1.286177E1	-3.620110E-1
5.839167E0	1.291864E1	-3.480008E-1
5.855850E0	1.298069E1	-3.424573E-1
5.872533E0	1.304120E1	-3.194910E-1
5.889217E0	1.308703E1	-3.207800E-1
5.905900E0	1.314004E1	-3.286557E-1
5.922583E0	1.319570E1	-3.302894E-1
5.939267E0	1.325236E1	-3.156573E-1
5.955950E0	1.330219E1	-3.254777E-1
5.972633E0	1.335905E1	-3.284439E-1
5.989317E0	1.339567E1	-3.227162E-1
6.006000E0	1.343784E1	-3.342104E-1
6.022683E0	1.346734E1	-3.330046E-1
6.039367E0	1.349546E1	-3.470296E-1
6.056050E0	1.352314E1	-3.435647E-1
6.072733E0	1.354452E1	-3.601168E-1
6.089417E0	1.358209E1	-3.579835E-1
6.106100E0	1.359807E1	-3.523246E-1
6.122783E0	1.360982E1	-3.517711E-1
6.139467E0	1.362760E1	-3.732120E-1
6.156150E0	1.365222E1	-3.585988E-1
6.172833E0	1.366386E1	-3.553419E-1
6.189517E0	1.366542E1	-3.527547E-1
6.206200E0	1.366671E1	-3.497361E-1
6.222883E0	1.366377E1	-3.477050E-1
6.239567E0	1.366146E1	-3.502385E-1
6.256250E0	1.366029E1	-3.541197E-1
6.272933E0	1.366249E1	-3.565531E-1
6.289617E0	1.366861E1	-3.594684E-1
6.306300E0	1.369375E1	-3.765093E-1
6.322983E0	1.373828E1	-3.710704E-1
6.339667E0	1.378305E1	-3.936096E-1
6.356350E0	1.382297E1	-4.025578E-1
6.373033E0	1.386681E1	-4.223660E-1
6.389717E0	1.391877E1	-4.274069E-1
6.406400E0	1.396737E1	-4.185371E-1
6.423083E0	1.401620E1	-4.201858E-1
6.439767E0	1.407915E1	-4.202423E-1
6.456450E0	1.414307E1	-4.206599E-1
6.473133E0	1.421774E1	-4.192665E-1
6.489817E0	1.429800E1	-4.172603E-1
6.506500E0	1.437182E1	-4.153125E-1
6.523183E0	1.445760E1	-4.145943E-1
6.539867E0	1.454520E1	-4.109465E-1
6.556550E0	1.464478E1	-4.110246E-1
6.573233E0	1.473303E1	-4.069589E-1
6.589917E0	1.481608E1	-4.004769E-1
6.606600E0	1.489559E1	-3.986532E-1
6.623283E0	1.498340E1	-3.921316E-1
6.639967E0	1.506579E1	-3.833318E-1
6.656650E0	1.513733E1	-3.773089E-1
6.673333E0	1.521650E1	-3.556130E-1
6.690017E0	1.529750E1	-3.438480E-1
6.706700E0	1.536806E1	-3.373022E-1
6.723383E0	1.543315E1	-3.355858E-1
6.740067E0	1.549606E1	-3.307779E-1
6.756750E0	1.555411E1	-3.251701E-1
6.773433E0	1.558755E1	-3.056183E-1
6.790117E0	1.563496E1	-2.871664E-1
6.806800E0	1.568793E1	-2.876682E-1
6.823483E0	1.574169E1	-2.688518E-1
6.840167E0	1.579457E1	-2.710757E-1
6.856850E0	1.585260E1	-2.642241E-1
6.873533E0	1.590500E1	-2.693960E-1
6.890217E0	1.596207E1	-2.656405E-1
6.906900E0	1.602139E1	-2.518301E-1
6.923583E0	1.606830E1	-2.630399E-1
6.940267E0	1.612665E1	-2.669192E-1
6.956950E0	1.618119E1	-2.717911E-1
6.973633E0	1.623724E1	-2.574871E-1
6.990317E0	1.628368E1	-2.638455E-1
7.007000E0	1.632342E1	-2.741573E-1
7.023683E0	1.636523E1	-2.740958E-1
7.040367E0	1.639800E1	-2.866064E-1
7.057050E0	1.644011E1	-2.854054E-1
7.073733E0	1.646502E1	-2.945699E-1
7.090417E0	1.650076E1	-2.886277E-1
7.107100E0	1.651778E1	-2.853956E-1
7.123783E0	1.653646E1	-2.958224E-1
7.140467E0	1.656806E1	-2.934926E-1
7.157150E0	1.658274E1	-2.858066E-1
7.173833E0	1.658595E1	-2.820034E-1
7.190517E0	1.658759E1	-2.789161E-1
7.207200E0	1.658608E1	-2.778097E-1
7.223883E0	1.658335E1	-2.789579E-1
7.240567E0	1.658175E1	-2.795035E-1
7.257250E0	1.657876E1	-2.808024E-1
7.273933E0	1.658201E1	-2.858008E-1
7.290617E0	1.659118E1	-2.891697E-1
7.307300E0	1.661198E1	-3.072917E-1
7.323983E0	1.665357E1	-3.037424E-1
7.340667E0	1.670125E1	-3.196539E-1
7.357350E0	1.673692E1	-3.354646E-1
7.374033E0	1.677576E1	-3.514860E-1
7.390717E0	1.682192E1	-3.556237E-1
7.407400E0	1.687812E1	-3.551835E-1
7.424083E0	1.692829E1	-3.550083E-1
7.440767E0	1.698796E1	-3.536066E-1
7.457450E0	1.705265E1	-3.506548E-1
7.474133E0	1.711985E1	-3.477117E-1
7.490817E0	1.719947E1	-3.461642E-1
7.507500E0	1.728214E1	-3.434954E-1
7.524183E0	1.735488E1	-3.416570E-1
7.540867E0	1.743586E1	-3.406226E-1
7.557550E0	1.751629E1	-3.366238E-1
7.574233E0	1.759316E1	-3.345221E-1
7.590917E0	1.766452E1	-3.279098E-1
7.607600E0	1.773813E1	-3.192277E-1
7.624283E0	1.780155E1	-3.111649E-1
7.640967E0	1.786279E1	-3.104864E-1
7.657650E0	1.792959E1	-3.129261E-1
7.674333E0	1.800043E1	-3.124283E-1
7.691017E0	1.812696E1	-3.053076E-1
7.707700E0	1.818939E1	-2.808909E-1
7.724383E0	1.824767E1	-2.703349E-1
7.741067E0	1.830386E1	-2.545515E-1
7.757750E0	1.834359E1	-2.518116E-1
7.774433E0	1.839260E1	-2.516325E-1
7.791117E0	1.843963E1	-2.442385E-1
7.807800E0	1.848458E1	-2.537284E-1
7.824483E0	1.854518E1	-2.549451E-1
7.841167E0	1.860422E1	-2.527429E-1
7.857850E0	1.866105E1	-2.405524E-1
7.874533E0	1.870783E1	-2.486466E-1
7.891217E0	1.876230E1	-2.470912E-1
7.907900E0	1.880960E1	-2.569083E-1
7.924583E0	1.887901E1	-2.622965E-1
7.941267E0	1.893920E1	-2.510262E-1
7.957950E0	1.899035E1	-2.600638E-1
7.974633E0	1.904351E1	-2.599529E-1
7.991317E0	1.907931E1	-2.562403E-1
8.008000E0	1.911939E1	-2.695998E-1
8.024683E0	1.916023E1	-2.663058E-1
8.041367E0	1.918841E1	-2.795831E-1
8.058050E0	1.922406E1	-2.806874E-1
8.074733E0	1.925776E1	-2.957234E-1
8.091417E0	1.928955E1	-2.897281E-1
8.108100E0	1.931394E1	-3.015224E-1
8.124783E0	1.935050E1	-2.878872E-1
8.141467E0	1.936843E1	-2.851191E-1
8.158150E0	1.938296E1	-2.914750E-1
8.174833E0	1.941135E1	-2.836363E-1
8.191517E0	1.942120E1	-2.802609E-1
8.208200E0	1.942428E1	-2.761745E-1
8.224883E0	1.943140E1	-2.773829E-1
8.241567E0	1.943700E1	-2.790987E-1
8.258250E0	1.945394E1	-2.994527E-1
8.274933E0	1.948632E1	-2.989812E-1
8.291617E0	1.950905E1	-2.963608E-1
8.308300E0	1.954976E1	-3.062822E-1
8.324983E0	1.960073E1	-3.233532E-1
8.341667E0	1.965020E1	-3.368247E-1
8.358350E0	1.969680E1	-3.541072E-1
8.375033E0	1.975267E1	-3.636545E-1
8.391717E0	1.979548E1	-3.512881E-1
8.408400E0	1.985548E1	-3.558452E-1
8.425083E0	1.991289E1	-3.548404E-1
8.441767E0	1.997804E1	-3.527565E-1
8.458450E0	2.004999E1	-3.513197E-1
8.475133E0	2.012397E1	-3.503321E-1
8.491817E0	2.020430E1	-3.480438E-1
8.508500E0	2.028977E1	-3.438465E-1
8.525183E0	2.036097E1	-3.431342E-1
8.541867E0	2.043738E1	-3.451457E-1
8.558550E0	2.051837E1	-3.482489E-1
8.575233E0	2.061528E1	-3.350652E-1
8.591917E0	2.069931E1	-3.315135E-1
8.608600E0	2.077490E1	-3.239307E-1
8.625283E0	2.084299E1	-3.204473E-1
8.641967E0	2.091064E1	-3.183543E-1
8.658650E0	2.097836E1	-3.241918E-1
8.675333E0	2.104864E1	-3.223596E-1
8.692017E0	2.111685E1	-3.240804E-1
8.708700E0	2.117787E1	-3.253847E-1
8.725383E0	2.123047E1	-3.299453E-1
8.742067E0	2.128907E1	-3.104826E-1
8.758750E0	2.133529E1	-3.111151E-1
8.775433E0	2.138354E1	-3.186571E-1
8.792117E0	2.142731E1	-3.161981E-1
8.808800E0	2.147378E1	-3.258630E-1
8.825483E0	2.152985E1	-3.299950E-1
8.842167E0	2.159116E1	-3.265368E-1
8.858850E0	2.165162E1	-3.315745E-1
8.875533E0	2.171421E1	-3.124035E-1
8.892217E0	2.176183E1	-3.186144E-1
8.908900E0	2.181705E1	-3.276420E-1
8.925583E0	2.187575E1	-3.311437E-1
8.942267E0	2.193849E1	-3.348467E-1
8.958950E0	2.200217E1	-3.203196E-1
8.975633E0	2.204525E1	-3.288285E-1
8.992317E0	2.208779E1	-3.378920E-1
9.009000E0	2.209871E1	-3.362164E-1
9.025683E0	2.217443E1	-3.454123E-1
9.042367E0	2.221133E1	-3.444678E-1
9.059050E0	2.224985E1	-3.566234E-1
9.075733E0	2.227993E1	-3.550024E-1
9.092417E0	2.230622E1	-3.689878E-1
9.109100E0	2.234852E1	-3.609463E-1
9.125783E0	2.237704E1	-3.689389E-1
9.142467E0	2.240992E1	-3.557193E-1
9.159150E0	2.242198E1	-3.483342E-1
9.175833E0	2.243114E1	-3.434203E-1
9.192517E0	2.242938E1	-3.401886E-1
9.209200E0	2.243066E1	-3.357447E-1
9.225883E0	2.242421E1	-3.360217E-1
9.242567E0	2.242342E1	-3.402876E-1
9.259250E0	2.243742E1	-3.556980E-1
9.275933E0	2.247547E1	-3.531606E-1
9.292617E0	2.249903E1	-3.532197E-1
9.309300E0	2.253213E1	-3.627332E-1
9.325983E0	2.257519E1	-3.770099E-1
9.342667E0	2.262335E1	-3.697743E-1
9.359350E0	2.267070E1	-3.747984E-1
9.376033E0	2.272239E1	-3.720276E-1
9.392717E0	2.278017E1	-3.608047E-1
9.409400E0	2.283334E1	-3.589095E-1
9.426083E0	2.288929E1	-3.524397E-1
9.442767E0	2.295493E1	-3.491683E-1
9.459450E0	2.302368E1	-3.458585E-1
9.476133E0	2.310116E1	-3.430111E-1
9.492817E0	2.317514E1	-3.392954E-1
9.509500E0	2.325480E1	-3.387266E-1
9.526183E0	2.333139E1	-3.388131E-1
9.542867E0	2.341009E1	-3.393970E-1
9.559550E0	2.348616E1	-3.358267E-1
9.576233E0	2.355885E1	-3.340986E-1
9.592917E0	2.362045E1	-3.300194E-1
9.609600E0	2.369069E1	-3.203769E-1
9.626283E0	2.374314E1	-3.131242E-1
9.642967E0	2.381372E1	-3.108165E-1
9.659650E0	2.387010E1	-3.163972E-1
9.676333E0	2.394273E1	-3.208769E-1
9.693017E0	2.400790E1	-3.169877E-1
9.709700E0	2.405347E1	-3.023011E-1
9.726383E0	2.409526E1	-2.831807E-1
9.743067E0	2.415085E1	-2.729579E-1
9.759750E0	2.419174E1	-2.530171E-1
9.776433E0	2.422805E1	-2.547336E-1
9.793117E0	2.427858E1	-2.477635E-1
9.809800E0	2.431703E1	-2.526337E-1
9.826483E0	2.436604E1	-2.593487E-1
9.843167E0	2.441987E1	-2.464537E-1
9.859850E0	2.446314E1	-2.497984E-1
9.876533E0	2.450719E1	-2.509424E-1
9.893217E0	2.456896E1	-2.523081E-1
9.909900E0	2.463280E1	-2.458573E-1
9.926583E0	2.467724E1	-2.533791E-1
9.943267E0	2.473334E1	-2.583421E-1
9.959950E0	2.479070E1	-2.633405E-1
9.976633E0	2.485366E1	-2.680187E-1
9.993317E0	2.489716E1	-2.590497E-1
1.001000E1	2.494340E1	-2.720615E-1
1.002668E1	2.498525E1	-2.708741E-1
1.004337E1	2.501512E1	-2.825656E-1
1.006005E1	2.504872E1	-2.820314E-1
1.007673E1	2.507887E1	-2.968268E-1
1.009342E1	2.511738E1	-2.872108E-1
1.011010E1	2.515064E1	-2.968651E-1
1.012678E1	2.518829E1	-2.855622E-1
1.014347E1	2.521343E1	-2.966840E-1
1.016015E1	2.525231E1	-2.834949E-1
1.017683E1	2.526556E1	-2.762546E-1
1.019352E1	2.526961E1	-2.720880E-1
1.021020E1	2.527302E1	-2.660467E-1
1.022688E1	2.527805E1	-2.789233E-1
1.024357E1	2.529476E1	-2.810806E-1
1.026025E1	2.531335E1	-2.842243E-1
1.027693E1	2.532974E1	-2.821726E-1
1.029362E1	2.535174E1	-2.979582E-1
1.031030E1	2.540481E1	-2.903232E-1
1.032698E1	2.543851E1	-3.075965E-1
1.034367E1	2.548664E1	-2.967301E-1
1.036035E1	2.552643E1	-3.046989E-1
1.037703E1	2.558069E1	-3.035745E-1
1.039372E1	2.563847E1	-2.969542E-1
1.041040E1	2.570382E1	-2.870322E-1
1.042708E1	2.577037E1	-2.798244E-1
1.044377E1	2.582725E1	-2.773144E-1
1.046045E1	2.588733E1	-2.743592E-1
1.047713E1	2.595651E1	-2.736410E-1
1.049382E1	2.603264E1	-2.712039E-1
1.051050E1	2.611118E1	-2.683250E-1
1.052718E1	2.617649E1	-2.709840E-1
1.054387E1	2.625781E1	-2.732064E-1
1.056055E1	2.632258E1	-2.729403E-1
1.057723E1	2.639959E1	-2.678693E-1
1.059392E1	2.646633E1	-2.612148E-1
1.061060E1	2.652839E1	-2.558470E-1
1.062728E1	2.657793E1	-2.525191E-1
1.064397E1	2.663565E1	-2.510378E-1
1.066065E1	2.670570E1	-2.560776E-1
1.067733E1	2.677647E1	-2.577140E-1
1.069402E1	2.684487E1	-2.638224E-1
1.071070E1	2.689382E1	-2.497974E-1
1.072738E1	2.693179E1	-2.512974E-1
1.074407E1	2.697491E1	-2.408614E-1
1.076075E1	2.700665E1	-2.398114E-1
1.077743E1	2.704064E1	-2.346360E-1
1.079412E1	2.707211E1	-2.166878E-1
1.081080E1	2.711691E1	-2.021603E-1
1.082748E1	2.715863E1	-1.980487E-1
1.084417E1	2.721209E1	-1.932900E-1
1.086085E1	2.726737E1	-1.930214E-1
1.087753E1	2.732456E1	-1.749555E-1
1.089422E1	2.737343E1	-1.792798E-1
1.091090E1	2.743057E1	-1.872136E-1
1.092758E1	2.748411E1	-1.953610E-1
1.094427E1	2.755330E1	-1.953881E-1
1.096095E1	2.761246E1	-1.804672E-1
1.097763E1	2.765469E1	-1.921892E-1
1.099432E1	2.769987E1	-1.980801E-1
1.101100E1	2.774616E1	-1.968442E-1
1.102768E1	2.778547E1	-2.082220E-1
1.104437E1	2.782619E1	-2.027905E-1
1.106105E1	2.785825E1	-2.193572E-1
1.107773E1	2.789962E1	-2.164630E-1
1.109442E1	2.792170E1	-2.279839E-1
1.111110E1	2.796649E1	-2.189045E-1
1.112778E1	2.799781E1	-2.283466E-1
1.114447E1	2.803081E1	-2.195303E-1
1.116115E1	2.805291E1	-2.218854E-1
1.117783E1	2.809113E1	-2.128656E-1
1.119452E1	2.810615E1	-2.052204E-1
1.121120E1	2.811556E1	-2.017441E-1
1.122788E1	2.811801E1	-2.006841E-1
1.124457E1	2.811674E1	-2.048765E-1
1.126125E1	2.811948E1	-2.063418E-1
1.127793E1	2.813414E1	-2.205671E-1
1.129462E1	2.817022E1	-2.196513E-1
1.131130E1	2.820348E1	-2.333893E-1
1.132798E1	2.825203E1	-2.292001E-1
1.134467E1	2.830130E1	-2.442059E-1
1.136135E1	2.834473E1	-2.704604E-1
1.137803E1	2.839510E1	-2.667989E-1
1.139472E1	2.843977E1	-2.781036E-1
1.141140E1	2.849354E1	-2.793672E-1
1.142808E1	2.855500E1	-2.792825E-1
1.144477E1	2.862789E1	-2.772179E-1
1.146145E1	2.870908E1	-2.739758E-1
1.147813E1	2.878491E1	-2.717704E-1
1.149482E1	2.885725E1	-2.731997E-1
1.151150E1	2.893857E1	-2.726824E-1
1.152818E1	2.900884E1	-2.716541E-1
1.154487E1	2.908157E1	-2.714332E-1
1.156155E1	2.915612E1	-2.723510E-1
1.157823E1	2.922336E1	-2.611900E-1
1.159492E1	2.928837E1	-2.559100E-1
1.161160E1	2.934669E1	-2.507427E-1
1.162828E1	2.940511E1	-2.489847E-1
1.164497E1	2.946074E1	-2.406748E-1
1.166165E1	2.950803E1	-2.449399E-1
1.167833E1	2.956725E1	-2.512861E-1
1.169502E1	2.961925E1	-2.567925E-1
1.171170E1	2.966283E1	-2.440470E-1
1.172838E1	2.970194E1	-2.497042E-1
1.174507E1	2.973578E1	-2.446741E-1
1.176175E1	2.976970E1	-2.468623E-1
1.177843E1	2.980924E1	-2.477126E-1
1.179512E1	2.985016E1	-2.492505E-1
1.181180E1	2.988323E1	-2.448669E-1
1.182848E1	2.992762E1	-2.574421E-1
1.184517E1	2.997991E1	-2.626177E-1
1.186185E1	3.003146E1	-2.399205E-1
1.187853E1	3.007062E1	-2.513702E-1
1.189522E1	3.012739E1	-2.595528E-1
1.191190E1	3.017312E1	-2.438006E-1
1.192858E1	3.022263E1	-2.566802E-1
1.194527E1	3.028075E1	-2.619179E-1
1.196195E1	3.032952E1	-2.687368E-1
1.197863E1	3.038638E1	-2.568772E-1
1.199532E1	3.041943E1	-2.689604E-1
1.201200E1	3.046018E1	-2.632591E-1
1.202868E1	3.049195E1	-2.786978E-1
1.204537E1	3.053036E1	-2.741026E-1
1.206205E1	3.056820E1	-2.898991E-1
1.207873E1	3.060434E1	-2.803598E-1
1.209542E1	3.063355E1	-2.918403E-1
1.211210E1	3.066743E1	-2.857806E-1
1.212878E1	3.069990E1	-2.896021E-1
1.214547E1	3.073623E1	-2.787004E-1
1.216215E1	3.075102E1	-2.853508E-1
1.217883E1	3.079017E1	-2.771878E-1
1.219552E1	3.080404E1	-2.710873E-1
1.221220E1	3.081822E1	-2.673236E-1
1.222888E1	3.082254E1	-2.769389E-1
1.224557E1	3.084779E1	-2.759273E-1
1.226225E1	3.086331E1	-2.749023E-1
1.227893E1	3.087167E1	-2.751235E-1
1.229562E1	3.089194E1	-2.717619E-1
1.231230E1	3.092397E1	-2.839234E-1
1.232898E1	3.096201E1	-2.820154E-1
1.234567E1	3.099221E1	-2.859085E-1
1.236235E1	3.103240E1	-2.833971E-1
1.237903E1	3.106434E1	-2.853985E-1
1.239572E1	3.110535E1	-2.761799E-1
1.241240E1	3.114622E1	-2.759772E-1
1.242908E1	3.119795E1	-2.776159E-1
1.244577E1	3.126373E1	-2.749156E-1
1.246245E1	3.132257E1	-2.735650E-1
1.247913E1	3.140137E1	-2.724646E-1
1.249582E1	3.147482E1	-2.707555E-1
1.251250E1	3.154754E1	-2.693849E-1
1.252918E1	3.162116E1	-2.682997E-1
1.254587E1	3.169630E1	-2.703161E-1
1.256255E1	3.176062E1	-2.673235E-1
1.257923E1	3.183553E1	-2.597126E-1
1.259592E1	3.189053E1	-2.585911E-1
1.261260E1	3.195186E1	-2.459878E-1
1.262928E1	3.198430E1	-2.436277E-1
1.264597E1	3.203384E1	-2.528033E-1
1.266265E1	3.207195E1	-2.347984E-1
1.267933E1	3.210690E1	-2.136165E-1
1.269602E1	3.215185E1	-1.937978E-1
1.271270E1	3.218237E1	-1.930746E-1
1.272938E1	3.221885E1	-1.794686E-1
1.274607E1	3.223464E1	-1.698736E-1
1.276275E1	3.226371E1	-1.724547E-1
1.277943E1	3.228086E1	-1.608705E-1
1.279612E1	3.231103E1	-1.307282E-1
1.281280E1	3.233404E1	-1.344069E-1
1.282948E1	3.238164E1	-1.181231E-1
1.284617E1	3.241799E1	-1.192834E-1
1.286285E1	3.247003E1	-1.201032E-1
1.287953E1	3.251490E1	-1.015964E-1
1.289622E1	3.255508E1	-1.119294E-1
1.291290E1	3.260253E1	-1.217685E-1
1.292958E1	3.266397E1	-1.060038E-1
1.294627E1	3.270557E1	-1.178135E-1
1.296295E1	3.276175E1	-1.248137E-1
1.297963E1	3.280967E1	-1.134251E-1
1.299632E1	3.283782E1	-1.271539E-1
1.301300E1	3.287040E1	-1.247105E-1
1.302968E1	3.291246E1	-1.400647E-1
1.304637E1	3.294391E1	-1.331754E-1
1.306305E1	3.297669E1	-1.532580E-1
1.307973E1	3.301951E1	-1.435869E-1
1.309642E1	3.305130E1	-1.555946E-1
1.311310E1	3.309274E1	-1.440740E-1
1.312978E1	3.312298E1	-1.536398E-1
1.314647E1	3.315526E1	-1.443752E-1
1.316315E1	3.317693E1	-1.499907E-1
1.317983E1	3.321046E1	-1.415630E-1
1.319652E1	3.322945E1	-1.358943E-1
1.321320E1	3.323632E1	-1.334929E-1
1.322988E1	3.324188E1	-1.415461E-1
1.324657E1	3.327035E1	-1.418783E-1
1.326325E1	3.328676E1	-1.433349E-1
1.327993E1	3.329947E1	-1.449582E-1
1.329662E1	3.330849E1	-1.478730E-1
1.331330E1	3.333835E1	-1.589572E-1
1.332998E1	3.337403E1	-1.571160E-1
1.334667E1	3.341347E1	-1.714707E-1
1.336335E1	3.344165E1	-1.912016E-1
1.338003E1	3.347946E1	-2.073790E-1
1.339672E1	3.351822E1	-2.069469E-1
1.341340E1	3.355957E1	-2.081129E-1
1.343008E1	3.360715E1	-2.092739E-1
1.344677E1	3.365738E1	-2.054325E-1
1.346345E1	3.370983E1	-2.054145E-1
1.348013E1	3.376361E1	-2.056280E-1
1.349682E1	3.383119E1	-2.068418E-1
1.351350E1	3.389356E1	-2.053600E-1
1.353018E1	3.396422E1	-2.035682E-1
1.354687E1	3.402960E1	-2.025143E-1
1.356355E1	3.409283E1	-2.013890E-1
1.358023E1	3.415137E1	-1.973773E-1
1.359692E1	3.420500E1	-1.892316E-1
1.361360E1	3.424440E1	-1.844103E-1
1.363028E1	3.428180E1	-1.781207E-1
1.364697E1	3.430179E1	-1.748385E-1
1.366365E1	3.432150E1	-1.769986E-1
1.368033E1	3.436062E1	-1.755834E-1
1.369702E1	3.438447E1	-1.805786E-1
1.371370E1	3.441344E1	-1.710292E-1
1.373038E1	3.442286E1	-1.589251E-1
1.374707E1	3.443284E1	-1.313583E-1
1.376375E1	3.444857E1	-1.287856E-1
1.378043E1	3.448918E1	-1.141491E-1
1.379712E1	3.450294E1	-1.126023E-1
1.381380E1	3.452551E1	-1.168736E-1
1.383048E1	3.456196E1	-1.124260E-1
1.384717E1	3.459460E1	-1.146547E-1
1.386385E1	3.463628E1	-1.067606E-1
1.388053E1	3.467272E1	-1.124789E-1
1.389722E1	3.471467E1	-1.026966E-1
1.391390E1	3.474467E1	-1.079761E-1
1.393058E1	3.479094E1	-1.034022E-1
1.394727E1	3.483033E1	-1.143843E-1
1.396395E1	3.487264E1	-1.035103E-1
1.398063E1	3.490128E1	-1.171293E-1
1.399732E1	3.493813E1	-1.134360E-1
1.401400E1	3.495903E1	-1.264225E-1
1.403068E1	3.500049E1	-1.271547E-1
1.404737E1	3.502547E1	-1.409352E-1
1.406405E1	3.503826E1	-1.356421E-1
1.408073E1	3.510245E1	-1.507664E-1
1.409742E1	3.514611E1	-1.411633E-1
1.411410E1	3.516986E1	-1.484056E-1
1.413078E1	3.521027E1	-1.368587E-1
1.414747E1	3.523611E1	-1.449489E-1
1.416415E1	3.526889E1	-1.354884E-1
1.418083E1	3.528491E1	-1.294150E-1
1.419752E1	3.528457E1	-1.268064E-1
1.421420E1	3.529248E1	-1.237762E-1
1.423088E1	3.528566E1	-1.252414E-1
1.424757E1	3.528726E1	-1.287120E-1
1.426425E1	3.529205E1	-1.318552E-1
1.428093E1	3.529677E1	-1.348026E-1
1.429762E1	3.531848E1	-1.466388E-1
1.431430E1	3.534847E1	-1.455469E-1
1.433098E1	3.537928E1	-1.553966E-1
1.434767E1	3.541213E1	-1.522384E-1
1.436435E1	3.544214E1	-1.491439E-1
1.438103E1	3.546991E1	-1.494724E-1
1.439772E1	3.550449E1	-1.439110E-1
1.441440E1	3.553696E1	-1.420837E-1
1.443108E1	3.558164E1	-1.370577E-1
1.444777E1	3.561871E1	-1.323771E-1
1.446445E1	3.567629E1	-1.295485E-1
1.448113E1	3.573337E1	-1.276714E-1
1.449782E1	3.579810E1	-1.262300E-1
1.451450E1	3.584179E1	-1.232819E-1
1.453118E1	3.590203E1	-1.254612E-1
1.454787E1	3.595967E1	-1.285307E-1
1.456455E1	3.602056E1	-1.292029E-1
1.458123E1	3.607961E1	-1.201204E-1
1.459792E1	3.611711E1	-1.134854E-1
1.461460E1	3.615309E1	-1.089109E-1
1.463128E1	3.616691E1	-1.082044E-1
1.464797E1	3.620010E1	-1.031867E-1
1.466465E1	3.622802E1	-1.134481E-1
1.468133E1	3.626634E1	-1.065126E-1
1.469802E1	3.628297E1	-1.030772E-1
1.471470E1	3.629960E1	-1.097479E-1
1.473138E1	3.632871E1	-1.006020E-1
1.474807E1	3.634356E1	-9.803428E-2
1.476475E1	3.634835E1	-8.848208E-2
1.478143E1	3.636036E1	-6.197585E-2
1.479812E1	3.637941E1	-6.084380E-2
1.481480E1	3.641078E1	-4.695732E-2
1.483148E1	3.643931E1	-5.161710E-2
1.484817E1	3.648555E1	-4.360079E-2
1.486485E1	3.651983E1	-4.426911E-2
1.488153E1	3.655947E1	-2.715149E-2
1.489822E1	3.659501E1	-3.665195E-2
1.491490E1	3.664907E1	-3.574873E-2
1.493158E1	3.668597E1	-4.402905E-2
1.494827E1	3.674240E1	-4.518160E-2
1.496495E1	3.678856E1	-3.986765E-2
1.498163E1	3.682343E1	-4.888512E-2
1.499832E1	3.686210E1	-4.538779E-2
1.501500E1	3.689297E1	-6.364712E-2
1.503168E1	3.693150E1	-6.457235E-2
1.504837E1	3.696653E1	-7.772558E-2
1.506505E1	3.700316E1	-7.127053E-2
1.508173E1	3.704369E1	-8.216543E-2
1.509842E1	3.709163E1	-8.471831E-2
1.511510E1	3.713353E1	-7.827188E-2
1.513178E1	3.717524E1	-8.480919E-2
1.514847E1	3.722140E1	-8.588760E-2
1.516515E1	3.726501E1	-7.349515E-2
1.518183E1	3.728147E1	-6.594734E-2
1.519852E1	3.730273E1	-7.031469E-2
1.521520E1	3.732857E1	-6.692685E-2
1.523188E1	3.734236E1	-6.286719E-2
1.524857E1	3.735240E1	-7.043498E-2
1.526525E1	3.736132E1	-7.032060E-2
1.528193E1	3.737962E1	-8.453638E-2
1.529862E1	3.741051E1	-8.881155E-2
1.531530E1	3.743991E1	-9.178216E-2
1.533198E1	3.749176E1	-9.759143E-2
1.534867E1	3.752413E1	-1.265310E-1
1.536535E1	3.756244E1	-1.351347E-1
1.538203E1	3.759732E1	-1.426093E-1
1.539872E1	3.763922E1	-1.410198E-1
1.541540E1	3.767461E1	-1.405790E-1
1.543208E1	3.771975E1	-1.384582E-1
1.544877E1	3.777717E1	-1.362621E-1
1.546545E1	3.782332E1	-1.338071E-1
1.548213E1	3.788429E1	-1.337033E-1
1.549882E1	3.794538E1	-1.344907E-1
1.551550E1	3.800313E1	-1.316469E-1
1.553218E1	3.807136E1	-1.305828E-1
1.554887E1	3.812456E1	-1.320057E-1
1.556555E1	3.816874E1	-1.323214E-1
1.558223E1	3.821737E1	-1.232634E-1
1.559892E1	3.827065E1	-1.217437E-1
1.561560E1	3.829905E1	-1.150679E-1
1.563228E1	3.832966E1	-1.065414E-1
1.564897E1	3.834560E1	-1.058680E-1
1.566565E1	3.836220E1	-1.098579E-1
1.568233E1	3.839795E1	-1.084199E-1
1.569902E1	3.841591E1	-1.048265E-1
1.571570E1	3.842683E1	-9.864100E-2
1.573238E1	3.842090E1	-1.015660E-1
1.574907E1	3.841987E1	-1.010131E-1
1.576575E1	3.842024E1	-9.835227E-2
1.578243E1	3.842418E1	-1.063079E-1
1.579912E1	3.843728E1	-1.136889E-1
1.581580E1	3.847576E1	-1.136469E-1
1.583248E1	3.850544E1	-1.181542E-1
1.584917E1	3.854732E1	-1.065305E-1
1.586585E1	3.858233E1	-1.149047E-1
1.588253E1	3.862206E1	-1.064018E-1
1.589922E1	3.865771E1	-1.183239E-1
1.591590E1	3.869850E1	-1.119331E-1
1.593258E1	3.874120E1	-1.226061E-1
1.594927E1	3.879439E1	-1.266328E-1
1.596595E1	3.883474E1	-1.196718E-1
1.598263E1	3.888183E1	-1.271335E-1
1.599932E1	3.891881E1	-1.279261E-1
1.601600E1	3.894792E1	-1.400364E-1
1.603268E1	3.897974E1	-1.397378E-1
1.604937E1	3.901676E1	-1.566239E-1
1.606605E1	3.906561E1	-1.503338E-1
1.608273E1	3.910280E1	-1.574720E-1
1.609942E1	3.915047E1	-1.589801E-1
1.611610E1	3.920060E1	-1.482902E-1
1.613278E1	3.924396E1	-1.505074E-1
1.614947E1	3.928565E1	-1.465524E-1
1.616615E1	3.932541E1	-1.425697E-1
1.618283E1	3.935169E1	-1.357947E-1
1.619952E1	3.936989E1	-1.371723E-1
1.621620E1	3.939698E1	-1.323421E-1
1.623288E1	3.940666E1	-1.316436E-1
1.624957E1	3.941048E1	-1.355932E-1
1.626625E1	3.941759E1	-1.389824E-1
1.628293E1	3.943329E1	-1.484167E-1
1.629962E1	3.947041E1	-1.531219E-1
1.631630E1	3.949433E1	-1.511176E-1
1.633298E1	3.952259E1	-1.627302E-1
1.634967E1	3.955322E1	-1.530763E-1
1.636635E1	3.958571E1	-1.651503E-1
1.638303E1	3.961932E1	-1.521595E-1
1.639972E1	3.965693E1	-1.507076E-1
1.641640E1	3.969465E1	-1.445086E-1
1.643308E1	3.973612E1	-1.411499E-1
1.644977E1	3.977603E1	-1.363900E-1
1.646645E1	3.981711E1	-1.349558E-1
1.648313E1	3.987176E1	-1.326218E-1
1.649982E1	3.992761E1	-1.320834E-1
1.651650E1	3.998283E1	-1.258901E-1
1.653318E1	4.002609E1	-1.307720E-1
1.654987E1	4.008157E1	-1.306174E-1
1.656655E1	4.012562E1	-1.280129E-1
1.658323E1	4.016642E1	-1.249440E-1
1.659992E1	4.020486E1	-1.137815E-1
1.661660E1	4.022035E1	-1.132772E-1
1.663328E1	4.024295E1	-1.067692E-1
1.664997E1	4.025566E1	-1.058511E-1
1.666665E1	4.026982E1	-1.025385E-1
1.668333E1	4.026955E1	-1.017017E-1
1.670002E1	4.026918E1	-1.037598E-1
1.671670E1	4.026487E1	-1.058930E-1
1.673338E1	4.026090E1	-1.030659E-1
1.675007E1	4.026156E1	-1.062584E-1
1.676675E1	4.025868E1	-1.000919E-1
1.678343E1	4.026067E1	-1.061160E-1
1.680012E1	4.027600E1	-1.052177E-1
1.681680E1	4.028113E1	-1.185582E-1
1.683348E1	4.032732E1	-1.107241E-1
1.685017E1	4.035994E1	-1.188695E-1
1.686685E1	4.039765E1	-1.052514E-1
1.688353E1	4.042560E1	-1.139159E-1
1.690022E1	4.047327E1	-1.007836E-1
1.691690E1	4.050669E1	-1.183538E-1
1.693358E1	4.054946E1	-1.026119E-1
1.695027E1	4.059065E1	-1.160425E-1
1.696695E1	4.063815E1	-1.239788E-1
1.698363E1	4.068060E1	-1.173531E-1
1.700032E1	4.071410E1	-1.289632E-1
1.701700E1	4.075689E1	-1.298812E-1
1.703368E1	4.078983E1	-1.457440E-1
1.705037E1	4.082761E1	-1.430196E-1
1.706705E1	4.085936E1	-1.617381E-1
1.708373E1	4.090673E1	-1.578421E-1
1.710042E1	4.094603E1	-1.663844E-1
1.711710E1	4.098249E1	-1.478800E-1
1.713378E1	4.102657E1	-1.536597E-1
1.715047E1	4.106697E1	-1.445930E-1
1.716715E1	4.111142E1	-1.361612E-1
1.718383E1	4.113482E1	-1.359296E-1
1.720052E1	4.117814E1	-1.310645E-1
1.721720E1	4.119449E1	-1.249205E-1
1.723388E1	4.120259E1	-1.299452E-1
1.725057E1	4.123523E1	-1.323873E-1
1.726725E1	4.125219E1	-1.313239E-1
1.728393E1	4.126498E1	-1.355320E-1
1.730062E1	4.128425E1	-1.453124E-1
1.731730E1	4.132065E1	-1.443682E-1
1.733398E1	4.135384E1	-1.501812E-1
1.735067E1	4.138508E1	-1.506395E-1
1.736735E1	4.141767E1	-1.540917E-1
1.738403E1	4.146579E1	-1.457217E-1
1.740072E1	4.149765E1	-1.438150E-1
1.741740E1	4.153938E1	-1.382521E-1
1.743408E1	4.157594E1	-1.376225E-1
1.745077E1	4.161892E1	-1.323178E-1
1.746745E1	4.166708E1	-1.316611E-1
1.748413E1	4.171527E1	-1.281582E-1
1.750082E1	4.176323E1	-1.243251E-1
1.751750E1	4.180770E1	-1.258996E-1
1.753418E1	4.186124E1	-1.268064E-1
1.755087E1	4.190926E1	-1.239401E-1
1.756755E1	4.194249E1	-1.248959E-1
1.758423E1	4.198301E1	-1.170599E-1
1.760092E1	4.201028E1	-1.120082E-1
1.761760E1	4.203288E1	-1.048120E-1
1.763428E1	4.204024E1	-9.943141E-2
1.765097E1	4.204312E1	-9.949622E-2
1.766765E1	4.204006E1	-9.794894E-2
1.768433E1	4.204105E1	-1.039767E-1
1.770102E1	4.203901E1	-1.048298E-1
1.771770E1	4.203171E1	-1.073397E-1
1.773438E1	4.203056E1	-1.014153E-1
1.775107E1	4.203626E1	-1.004036E-1
1.776775E1	4.203736E1	-1.006400E-1
1.778443E1	4.204109E1	-1.075128E-1
1.780112E1	4.204554E1	-1.060747E-1
1.781780E1	4.205902E1	-1.179014E-1
1.783448E1	4.209733E1	-1.105983E-1
1.785117E1	4.212680E1	-1.208160E-1
1.786785E1	4.216958E1	-1.098184E-1
1.788453E1	4.217484E1	-9.428558E-2
1.790122E1	4.220847E1	-8.703023E-2
1.791790E1	4.225099E1	-5.960417E-2
1.793458E1	4.228620E1	-6.881474E-2
1.795127E1	4.233877E1	-5.017745E-2
1.796795E1	4.236749E1	-5.757982E-2
1.798463E1	4.240070E1	-4.941693E-2
1.800132E1	4.243238E1	-6.427299E-2
1.801800E1	4.246566E1	-6.278258E-2
1.803468E1	4.249756E1	-8.116943E-2
1.805137E1	4.253725E1	-7.491928E-2
1.806805E1	4.257687E1	-9.148135E-2
1.808473E1	4.263950E1	-1.017285E-1
1.810142E1	4.267509E1	-1.220128E-1
1.811810E1	4.271981E1	-1.388473E-1
1.813478E1	4.276106E1	-1.356272E-1
1.815147E1	4.279517E1	-1.440613E-1
1.816815E1	4.283008E1	-1.345773E-1
1.818483E1	4.285183E1	-1.373795E-1
1.820152E1	4.289000E1	-1.284713E-1
1.821820E1	4.290652E1	-1.223860E-1
1.823488E1	4.290577E1	-1.221610E-1
1.825157E1	4.291998E1	-1.278052E-1
1.826825E1	4.294619E1	-1.323464E-1
1.828493E1	4.296751E1	-1.323469E-1
1.830162E1	4.299951E1	-1.391746E-1
1.831830E1	4.304684E1	-1.394175E-1
1.833498E1	4.306892E1	-1.457572E-1
1.835167E1	4.310456E1	-1.445443E-1
1.836835E1	4.310100E1	-1.384597E-1
1.838503E1	4.316209E1	-1.492544E-1
1.840172E1	4.319989E1	-1.435422E-1
1.841840E1	4.324130E1	-1.388356E-1
1.843508E1	4.326516E1	-1.340684E-1
1.845177E1	4.331811E1	-1.308079E-1
1.846845E1	4.336474E1	-1.266907E-1
1.848513E1	4.341326E1	-1.284394E-1
1.850182E1	4.346173E1	-1.209808E-1
1.851850E1	4.350461E1	-1.243905E-1
1.853518E1	4.354977E1	-1.226262E-1
1.855187E1	4.359955E1	-1.215951E-1
1.856855E1	4.363401E1	-1.210999E-1
1.858523E1	4.367460E1	-1.139115E-1
1.860192E1	4.369180E1	-1.136613E-1
1.861860E1	4.371546E1	-1.043139E-1
1.863528E1	4.372603E1	-9.846929E-2
1.865197E1	4.372799E1	-9.604605E-2
1.866865E1	4.372810E1	-9.999895E-2
1.868533E1	4.372479E1	-9.794061E-2
1.870202E1	4.371808E1	-1.049695E-1
1.871870E1	4.371988E1	-1.063792E-1
1.873538E1	4.372678E1	-1.017515E-1
1.875207E1	4.372707E1	-9.841063E-2
1.876875E1	4.372880E1	-9.788170E-2
1.878543E1	4.373441E1	-9.628566E-2
1.880212E1	4.373822E1	-9.888892E-2
1.881880E1	4.374469E1	-1.003037E-1
1.883548E1	4.373861E1	-8.641724E-2
1.885217E1	4.376144E1	-5.177394E-2
1.886885E1	4.378144E1	-6.042593E-2
1.888553E1	4.381843E1	-3.786362E-2
1.890222E1	4.384928E1	-4.731646E-2
1.891890E1	4.388470E1	-3.835837E-2
1.893558E1	4.392142E1	-4.692177E-2
1.895227E1	4.396083E1	-3.710316E-2
1.896895E1	4.399868E1	-4.566418E-2
1.898563E1	4.404329E1	-3.806047E-2
1.900232E1	4.407085E1	-5.398697E-2
1.901900E1	4.410630E1	-5.278045E-2
1.903568E1	4.413287E1	-7.070419E-2
1.905237E1	4.417354E1	-6.414163E-2
1.906905E1	4.420249E1	-8.596446E-2
1.908573E1	4.424774E1	-7.465395E-2
1.910242E1	4.428631E1	-8.533355E-2
1.911910E1	4.433930E1	-9.117380E-2
1.913578E1	4.438675E1	-7.776222E-2
1.915247E1	4.442526E1	-8.263914E-2
1.916915E1	4.447383E1	-7.249337E-2
1.918583E1	4.451791E1	-6.450811E-2
1.920252E1	4.454360E1	-5.991547E-2
1.921920E1	4.456068E1	-5.901290E-2
1.923588E1	4.459960E1	-5.801791E-2
1.925257E1	4.460735E1	-6.030846E-2
1.926925E1	4.462345E1	-6.593773E-2
1.928593E1	4.465312E1	-6.811208E-2
1.930262E1	4.467310E1	-7.227236E-2
1.931930E1	4.470776E1	-7.749277E-2
1.933598E1	4.474177E1	-7.778681E-2
1.935267E1	4.476812E1	-8.285222E-2
1.936935E1	4.480951E1	-8.293200E-2
1.938603E1	4.482651E1	-7.672288E-2
1.940272E1	4.485308E1	-7.758120E-2
1.941940E1	4.489466E1	-7.017731E-2
1.943608E1	4.492480E1	-7.124984E-2
1.945277E1	4.496224E1	-6.431211E-2
1.946945E1	4.499779E1	-6.557287E-2
1.948613E1	4.503970E1	-5.975180E-2
1.950282E1	4.507640E1	-6.074360E-2
1.951950E1	4.511494E1	-6.135917E-2
1.953618E1	4.517091E1	-5.963312E-2
1.955287E1	4.520769E1	-5.787705E-2
1.956955E1	4.524748E1	-5.520641E-2
1.958623E1	4.527153E1	-5.254597E-2
1.960292E1	4.529814E1	-4.528302E-2
1.961960E1	4.530624E1	-3.297988E-2
1.963628E1	4.530517E1	-3.003934E-2
1.965297E1	4.529979E1	-3.458326E-2
1.966965E1	4.529796E1	-3.090765E-2
1.968633E1	4.529091E1	-3.218811E-2
1.970302E1	4.529236E1	-3.768526E-2
1.971970E1	4.529135E1	-3.583798E-2
1.973638E1	4.528946E1	-3.124188E-2
1.975307E1	4.529089E1	-2.781230E-2
1.976975E1	4.528676E1	-3.233331E-2
1.978643E1	4.529179E1	-2.880512E-2
1.980312E1	4.529681E1	-3.559463E-2
1.981980E1	4.530358E1	-3.492001E-2
1.983648E1	4.531946E1	-2.984234E-2
1.985317E1	4.533823E1	-4.598929E-2
1.986985E1	4.537249E1	-3.637414E-2
1.988653E1	4.539874E1	-4.687570E-2
1.990322E1	4.543889E1	-3.659540E-2
1.991990E1	4.547101E1	-5.285389E-2
1.993658E1	4.551776E1	-4.137497E-2
1.995327E1	4.555380E1	-5.451896E-2
1.996995E1	4.559818E1	-4.298741E-2
1.998663E1	4.562879E1	-5.441424E-2
2.000332E1	4.566103E1	-5.309244E-2
2.002000E1	4.568160E1	-7.337885E-2
2.003668E1	4.572706E1	-6.608480E-2
2.005337E1	4.575460E1	-8.164692E-2
2.007005E1	4.580121E1	-7.321714E-2
2.008673E1	4.582965E1	-9.042534E-2
2.010342E1	4.588644E1	-7.894656E-2
2.012010E1	4.592421E1	-8.044686E-2
2.013678E1	4.596801E1	-8.141676E-2
2.015347E1	4.602210E1	-7.370685E-2
2.017015E1	4.605027E1	-7.387312E-2
2.018683E1	4.608742E1	-6.519106E-2
2.020352E1	4.610754E1	-5.892745E-2
2.022020E1	4.612293E1	-6.508758E-2
2.023688E1	4.615395E1	-5.920642E-2
2.025357E1	4.616477E1	-6.186166E-2
2.027025E1	4.617327E1	-6.179691E-2
2.028693E1	4.617808E1	-6.499210E-2
2.030362E1	4.619815E1	-7.638962E-2
2.032030E1	4.622666E1	-7.553930E-2
2.033698E1	4.624386E1	-7.492781E-2
2.035367E1	4.625820E1	-9.057569E-2
2.037035E1	4.629633E1	-8.477810E-2
2.038703E1	4.631112E1	-8.015920E-2
2.040372E1	4.633317E1	-7.970481E-2
2.042040E1	4.636346E1	-7.500679E-2
2.043708E1	4.637858E1	-6.972684E-2
2.045377E1	4.641144E1	-6.951721E-2
2.047045E1	4.644945E1	-6.381695E-2
2.048713E1	4.648280E1	-6.068724E-2
2.050382E1	4.651657E1	-5.797499E-2
2.052050E1	4.654888E1	-6.148293E-2
2.053718E1	4.657965E1	-5.777074E-2
2.055387E1	4.661415E1	-6.126334E-2
2.057055E1	4.664146E1	-5.667463E-2
2.058723E1	4.665506E1	-4.846192E-2
2.060392E1	4.666053E1	-4.177858E-2
2.062060E1	4.665228E1	-3.562643E-2
2.063728E1	4.664125E1	-2.909079E-2
2.065397E1	4.663416E1	-2.700389E-2
2.067065E1	4.662978E1	-3.366043E-2
2.068733E1	4.662836E1	-3.520242E-2
2.070402E1	4.662753E1	-3.802655E-2
2.072070E1	4.662148E1	-3.866755E-2
2.073738E1	4.661768E1	-3.559413E-2
2.075407E1	4.659706E1	-3.875892E-3
2.077075E1	4.657231E1	1.068890E-2
2.078743E1	4.656706E1	1.763072E-2
2.080412E1	4.656782E1	1.728149E-2
2.082080E1	4.656802E1	2.200583E-2
2.083748E1	4.658011E1	2.573767E-2
2.085417E1	4.659162E1	3.276712E-2
2.087085E1	4.659762E1	3.441818E-2
2.088753E1	4.660593E1	2.608666E-2
2.090422E1	4.664577E1	3.130247E-2
2.092090E1	4.667211E1	3.204878E-2
2.093758E1	4.669282E1	2.336547E-2
2.095427E1	4.673102E1	2.837542E-2
2.097095E1	4.675944E1	1.943127E-2
2.098763E1	4.678845E1	2.381155E-2
2.100432E1	4.681513E1	2.739919E-2
2.102100E1	4.682703E1	7.473365E-3
2.103768E1	4.686560E1	1.105157E-2
2.105437E1	4.688541E1	7.782737E-3
2.107105E1	4.691685E1	-6.895103E-3
2.108773E1	4.694814E1	1.169723E-3
2.110442E1	4.697492E1	-1.672965E-2
2.112110E1	4.702658E1	-4.243469E-3
2.113778E1	4.706229E1	-1.447672E-2
2.115447E1	4.709936E1	4.158094E-4
2.117115E1	4.712181E1	-2.878975E-3
2.118783E1	4.715628E1	5.921156E-3
2.120452E1	4.718286E1	1.726621E-3
2.122120E1	4.721078E1	1.063000E-2
2.123788E1	4.722150E1	1.247896E-2
2.125457E1	4.722234E1	1.109375E-2
2.127125E1	4.722930E1	8.718992E-3
2.128793E1	4.723379E1	8.294508E-3
2.130462E1	4.724140E1	8.367421E-3
2.132130E1	4.724553E1	-5.412917E-3
2.133798E1	4.729241E1	-2.706358E-3
2.135467E1	4.730078E1	-5.947930E-3
2.137135E1	4.731528E1	1.332358E-3
2.138803E1	4.732196E1	-1.033211E-2
2.140472E1	4.735260E1	-2.390440E-3
2.142140E1	4.736608E1	3.823755E-3
2.143808E1	4.738011E1	7.504590E-3
2.145477E1	4.740328E1	4.298150E-3
2.147145E1	4.744017E1	1.260575E-2
2.148813E1	4.745875E1	1.425534E-2
2.150482E1	4.748828E1	1.198554E-2
2.152150E1	4.751243E1	1.672357E-2
2.153818E1	4.752813E1	2.035962E-2
2.155487E1	4.755129E1	1.196642E-2
2.157155E1	4.756894E1	1.696867E-2
2.158823E1	4.757943E1	1.967891E-2
2.160492E1	4.757546E1	2.452082E-2
2.162160E1	4.756752E1	2.701308E-2
2.163828E1	4.755219E1	2.921320E-2
2.165497E1	4.755100E1	2.941171E-2
2.167165E1	4.754547E1	2.128723E-2
2.168833E1	4.753448E1	1.990497E-2
2.170502E1	4.753254E1	2.427981E-2
2.172170E1	4.751768E1	3.501980E-2
2.173838E1	4.748309E1	3.402438E-2
2.175507E1	4.747079E1	3.345361E-2
2.177175E1	4.746894E1	3.065406E-2
2.178843E1	4.747093E1	3.108487E-2
2.180512E1	4.747175E1	3.078140E-2
2.182180E1	4.747957E1	2.734574E-2
2.183848E1	4.748780E1	2.986573E-2
2.185517E1	4.750142E1	3.918482E-2
2.187185E1	4.751665E1	4.453119E-2
2.188853E1	4.750690E1	4.746455E-2
2.190522E1	4.752301E1	8.528750E-2
2.192190E1	4.753929E1	7.347040E-2
2.193858E1	4.757451E1	8.935800E-2
2.195527E1	4.760424E1	7.784043E-2
2.197195E1	4.764426E1	9.518133E-2
2.198863E1	4.766855E1	9.995334E-2
2.200532E1	4.768845E1	8.277148E-2
2.202200E1	4.772158E1	8.541821E-2
2.203868E1	4.774224E1	8.154032E-2
2.205537E1	4.776541E1	6.547935E-2
2.207205E1	4.780010E1	6.750776E-2
2.208873E1	4.783282E1	5.125971E-2
2.210542E1	4.787794E1	6.547942E-2
2.212210E1	4.790873E1	5.190404E-2
2.213878E1	4.794433E1	6.526525E-2
2.215547E1	4.797986E1	5.030131E-2
2.217215E1	4.801999E1	6.700171E-2
2.218883E1	4.804125E1	5.537904E-2
2.220552E1	4.807115E1	6.816205E-2
2.222220E1	4.808414E1	7.503343E-2
2.223888E1	4.808969E1	7.386721E-2
2.225557E1	4.809310E1	7.027763E-2
2.227225E1	4.813818E1	3.842667E-2
2.228893E1	4.815298E1	2.240019E-2
2.230562E1	4.816619E1	1.012813E-2
2.232230E1	4.817139E1	-5.631170E-3
2.233898E1	4.819754E1	-1.176791E-2
2.235567E1	4.820837E1	-1.133857E-2
2.237235E1	4.821892E1	-7.952568E-3
2.238903E1	4.822551E1	-4.809214E-3
2.240572E1	4.823500E1	-1.628244E-3
2.242240E1	4.824784E1	-8.313723E-3
2.243908E1	4.829219E1	9.415589E-4
2.245577E1	4.829951E1	4.935926E-3
2.247245E1	4.832079E1	1.059334E-3
2.248913E1	4.834606E1	5.649234E-3
2.250582E1	4.836577E1	1.022262E-2
2.252250E1	4.837287E1	1.210773E-2
2.253918E1	4.837149E1	1.261589E-2
2.255587E1	4.837149E1	1.169087E-2
2.257255E1	4.836825E1	1.510138E-2
2.258923E1	4.835773E1	1.489860E-2
2.260592E1	4.834553E1	1.707855E-2
2.262260E1	4.833728E1	1.854851E-2
2.263928E1	4.832420E1	1.317606E-2
2.265597E1	4.831724E1	1.301444E-2
2.267265E1	4.830406E1	3.101962E-2
2.268933E1	4.825491E1	1.944223E-2
2.270602E1	4.822723E1	3.301716E-2
2.272270E1	4.819568E1	2.741222E-2
2.273938E1	4.817192E1	2.462975E-2
2.275607E1	4.816371E1	4.424416E-2
2.277275E1	4.813021E1	3.469320E-2
2.278943E1	4.812844E1	2.509386E-2
2.280612E1	4.812841E1	2.266302E-2
2.282280E1	4.813103E1	2.650067E-2
2.283948E1	4.814067E1	2.904120E-2
2.285617E1	4.814310E1	3.578780E-2
2.287285E1	4.815451E1	3.648139E-2
2.288953E1	4.815647E1	3.582755E-2
2.290622E1	4.816601E1	3.193086E-2
2.292290E1	4.817984E1	2.292556E-2
2.293958E1	4.820867E1	2.466905E-2
2.295627E1	4.824013E1	3.065039E-2
2.297295E1	4.824807E1	1.580533E-2
2.298963E1	4.828303E1	1.601857E-2
2.300632E1	4.829551E1	1.213001E-2
2.302300E1	4.831130E1	1.072128E-2
2.303968E1	4.833114E1	-9.521806E-3
2.305637E1	4.836657E1	-2.523024E-3
2.307305E1	4.838675E1	-1.422063E-2
2.308973E1	4.843127E1	-2.021411E-3
2.310642E1	4.847360E1	-7.333069E-3
2.312310E1	4.851920E1	5.689398E-3
2.313978E1	4.853657E1	3.244984E-3
2.315647E1	4.858026E1	1.342696E-2
2.317315E1	4.859917E1	1.714271E-3
2.318983E1	4.863239E1	1.226354E-2
2.320652E1	4.864826E1	1.932118E-2
2.322320E1	4.864792E1	1.615560E-2
2.323988E1	4.864993E1	1.497875E-2
2.325657E1	4.864719E1	1.536508E-2
2.327325E1	4.865051E1	1.319105E-2
2.328993E1	4.865669E1	7.405726E-3
2.330662E1	4.865901E1	2.877908E-3
2.332330E1	4.866087E1	2.077571E-3
2.333998E1	4.866005E1	2.314155E-4
2.335667E1	4.865584E1	4.354731E-3
2.337335E1	4.866021E1	3.156435E-3
2.339003E1	4.865849E1	9.998077E-3
2.340672E1	4.865862E1	1.271941E-2
2.342340E1	4.866442E1	1.897900E-2
2.344008E1	4.866537E1	1.805572E-2
2.345677E1	4.866689E1	2.185706E-2
2.347345E1	4.867743E1	1.901850E-2
2.349013E1	4.871392E1	1.977390E-2
2.350682E1	4.872048E1	2.240321E-2
2.352350E1	4.872909E1	2.632928E-2
2.354018E1	4.872319E1	2.618744E-2
2.355687E1	4.872199E1	2.206616E-2
2.357355E1	4.871064E1	2.398476E-2
2.359023E1	4.870476E1	2.651490E-2
2.360692E1	4.869188E1	2.827832E-2
2.362360E1	4.867352E1	3.081444E-2
2.364028E1	4.864265E1	4.060375E-2
2.365697E1	4.861250E1	2.564613E-2
2.367365E1	4.858377E1	3.901799E-2
2.369033E1	4.853843E1	2.404352E-2
2.370702E1	4.850327E1	3.167867E-2
2.372370E1	4.847428E1	2.883334E-2
2.374038E1	4.843709E1	4.469898E-2
2.375707E1	4.841040E1	3.957598E-2
2.377375E1	4.839822E1	3.002456E-2
2.379043E1	4.839498E1	2.634878E-2
2.380712E1	4.839994E1	2.796630E-2
2.382380E1	4.841190E1	3.574633E-2
2.384048E1	4.840899E1	4.842457E-2
2.385717E1	4.841763E1	7.467243E-2
2.387385E1	4.843237E1	1.005073E-1
2.389053E1	4.844965E1	1.090764E-1
2.390722E1	4.846269E1	7.904732E-2
2.392390E1	4.849387E1	9.360922E-2
2.394058E1	4.851596E1	1.019968E-1
2.395727E1	4.854739E1	8.130295E-2
2.397395E1	4.857779E1	9.853131E-2
2.399063E1	4.859272E1	9.426792E-2
2.400732E1	4.860524E1	7.052109E-2
2.402400E1	4.863884E1	8.280401E-2
2.404068E1	4.866683E1	7.736723E-2
2.405737E1	4.868920E1	5.734083E-2
2.407405E1	4.875876E1	4.431668E-2
2.409073E1	4.879374E1	2.646076E-2
2.410742E1	4.883428E1	7.038777E-4
2.412410E1	4.888554E1	-8.670564E-3
2.414078E1	4.893476E1	-1.432439E-3
2.415747E1	4.895711E1	-4.204757E-3
2.417415E1	4.900644E1	5.309651E-3
2.419083E1	4.902795E1	1.865301E-3
2.420752E1	4.906372E1	6.956736E-3
2.422420E1	4.908265E1	8.499620E-3
2.424088E1	4.908819E1	6.690257E-3
2.425757E1	4.909708E1	-8.012069E-6
2.427425E1	4.913640E1	-9.227721E-4
2.429093E1	4.915517E1	-5.167031E-3
2.430762E1	4.917129E1	-6.908605E-3
2.432430E1	4.920860E1	-8.211482E-3
2.434098E1	4.921907E1	-8.455781E-3
2.435767E1	4.922444E1	-6.252971E-3
2.437435E1	4.923976E1	-8.187436E-3
2.439103E1	4.927647E1	-6.247746E-4
2.440772E1	4.928551E1	3.033777E-3
2.442440E1	4.930753E1	2.057132E-3
2.444108E1	4.933926E1	7.299329E-3
2.445777E1	4.935892E1	1.244382E-2
2.447445E1	4.937460E1	2.054530E-2
2.449113E1	4.938888E1	1.573548E-2
2.450782E1	4.942447E1	1.525494E-2
2.452450E1	4.943154E1	1.614800E-2
2.454118E1	4.944499E1	1.849380E-2
2.455787E1	4.944503E1	1.927688E-2
2.457455E1	4.943982E1	2.237917E-2
2.459123E1	4.942760E1	2.510529E-2
2.460792E1	4.941161E1	2.679310E-2
2.462460E1	4.939459E1	2.619717E-2
2.464128E1	4.938567E1	2.054513E-2
2.465797E1	4.936247E1	2.797560E-2
2.467465E1	4.932638E1	2.297950E-2
2.469133E1	4.929968E1	3.005657E-2
2.470802E1	4.925702E1	2.284373E-2
2.472470E1	4.924466E1	2.156995E-2
2.474138E1	4.922772E1	3.689933E-2
2.475807E1	4.919843E1	3.052006E-2
2.477475E1	4.918687E1	2.251198E-2
2.479143E1	4.918504E1	1.748292E-2
2.480812E1	4.918962E1	1.728070E-2
2.482480E1	4.919829E1	1.905776E-2
2.484148E1	4.921250E1	2.908474E-2
2.485817E1	4.922183E1	3.527866E-2
2.487485E1	4.923651E1	1.800470E-2
2.489153E1	4.927095E1	2.754308E-2
2.490822E1	4.929825E1	3.472012E-2
2.492490E1	4.932311E1	1.619736E-2
2.494158E1	4.935929E1	3.034183E-2
2.495827E1	4.939314E1	1.228511E-2
2.497495E1	4.942231E1	2.209484E-2
2.499163E1	4.945385E1	2.624622E-3
2.500832E1	4.948967E1	7.113087E-3
2.502500E1	4.951885E1	1.088121E-2
2.504168E1	4.954539E1	-9.737207E-3
2.505837E1	4.959123E1	-3.547323E-3
2.507505E1	4.962700E1	-1.726361E-2
2.509173E1	4.969011E1	-3.263058E-2
2.510842E1	4.974046E1	-5.766472E-2
2.512510E1	4.979994E1	-5.362915E-2
2.514178E1	4.984139E1	-7.170140E-2
2.515847E1	4.988376E1	-7.066427E-2
2.517515E1	4.993544E1	-5.877722E-2
2.519183E1	4.996743E1	-6.254463E-2
2.520852E1	5.000082E1	-5.624694E-2
2.522520E1	5.001951E1	-6.491192E-2
2.524188E1	5.006025E1	-5.842100E-2
2.525857E1	5.007617E1	-6.292017E-2
2.527525E1	5.008821E1	-6.472819E-2
2.529193E1	5.010688E1	-8.046700E-2
2.530862E1	5.014292E1	-7.578817E-2
2.532530E1	5.016077E1	-9.369395E-2
2.534198E1	5.019579E1	-8.812657E-2
2.535867E1	5.021285E1	-8.810310E-2
2.537535E1	5.022019E1	-7.663722E-2
2.539203E1	5.023367E1	-8.006563E-2
2.540872E1	5.026447E1	-7.294530E-2
2.542540E1	5.028623E1	-6.825584E-2
2.544208E1	5.029587E1	-6.396824E-2
2.545877E1	5.031963E1	-5.919572E-2
2.547545E1	5.034933E1	-5.909386E-2
2.549213E1	5.036577E1	-5.342435E-2
2.550882E1	5.037936E1	-5.977556E-2
2.552550E1	5.040578E1	-5.910957E-2
2.554218E1	5.042511E1	-5.651262E-2
2.555887E1	5.042126E1	-5.665884E-2
2.557555E1	5.041923E1	-5.113146E-2
2.559223E1	5.040968E1	-5.161131E-2
2.560892E1	5.039781E1	-5.323887E-2
2.562560E1	5.037423E1	-5.376521E-2
2.564228E1	5.034935E1	-4.209443E-2
2.565897E1	5.031523E1	-4.984122E-2
2.567565E1	5.029145E1	-3.670791E-2
2.569233E1	5.025287E1	-4.822058E-2
2.570902E1	5.021739E1	-3.068086E-2
2.572570E1	5.018084E1	-3.919358E-2
2.574238E1	5.015508E1	-2.565511E-2
2.575907E1	5.012184E1	-3.469360E-2
2.577575E1	5.010864E1	-3.679875E-2
2.579243E1	5.010362E1	-4.659788E-2
2.580912E1	5.011075E1	-4.671637E-2
2.582580E1	5.011648E1	-4.345925E-2
2.584248E1	5.012494E1	-4.092019E-2
2.585917E1	5.013429E1	-2.646649E-2
2.587585E1	5.012866E1	-2.138926E-2
2.589253E1	5.014074E1	6.149557E-3
2.590922E1	5.015897E1	1.984522E-2
2.592590E1	5.017878E1	2.042745E-3
2.594258E1	5.020789E1	2.274183E-2
2.595927E1	5.023818E1	8.089558E-3
2.597595E1	5.027813E1	2.184119E-2
2.599263E1	5.029287E1	2.271782E-2
2.600932E1	5.031769E1	6.490602E-3
2.602600E1	5.035068E1	8.225556E-3
2.604268E1	5.038107E1	-9.565598E-3
2.605937E1	5.042891E1	8.378903E-4
2.607605E1	5.046516E1	-1.121965E-2
2.609273E1	5.050700E1	-1.927183E-3
2.610942E1	5.055699E1	-8.714897E-3
2.612610E1	5.060346E1	-1.511088E-2
2.614278E1	5.064705E1	-3.189547E-3
2.615947E1	5.068273E1	-9.141477E-3
2.617615E1	5.072377E1	3.468336E-3
2.619283E1	5.074629E1	-6.579014E-4
2.620952E1	5.077659E1	6.743382E-3
2.622620E1	5.078631E1	1.087478E-2
2.624288E1	5.078779E1	7.953107E-3
2.625957E1	5.079058E1	3.639462E-3
2.627625E1	5.079343E1	1.192803E-3
2.629293E1	5.079708E1	-4.347369E-3
2.630962E1	5.080817E1	-1.111372E-2
2.632630E1	5.083836E1	-1.509442E-2
2.634298E1	5.084916E1	-1.450681E-2
2.635967E1	5.084799E1	-6.002989E-3
2.637635E1	5.085322E1	-7.652485E-3
2.639303E1	5.085579E1	-7.896998E-4
2.640972E1	5.085664E1	3.065260E-3
2.642640E1	5.085250E1	5.051848E-3
2.644308E1	5.085638E1	6.100248E-3
2.645977E1	5.086446E1	1.393699E-2
2.647645E1	5.086978E1	1.564117E-2
2.649313E1	5.087494E1	1.162767E-2
2.650982E1	5.089779E1	1.088431E-2
2.652650E1	5.090595E1	1.654096E-2
2.654318E1	5.090760E1	1.578079E-2
2.655987E1	5.090458E1	1.466924E-2
2.657655E1	5.089518E1	1.908552E-2
2.659323E1	5.088156E1	1.969495E-2
2.660992E1	5.085429E1	3.355977E-2
2.662660E1	5.080262E1	2.772098E-2
2.664328E1	5.076690E1	3.770238E-2
2.665997E1	5.072557E1	3.828989E-2
2.667665E1	5.067010E1	3.089878E-2
2.669333E1	5.062488E1	3.659560E-2
2.671002E1	5.057572E1	4.057653E-2
2.672670E1	5.053066E1	3.314048E-2
2.674338E1	5.049550E1	4.511416E-2
2.676007E1	5.045559E1	3.676486E-2
2.677675E1	5.042166E1	5.575320E-2
2.679343E1	5.039427E1	7.049562E-2
2.681012E1	5.038844E1	6.838898E-2
2.682680E1	5.039438E1	8.620295E-2
2.684348E1	5.040061E1	9.798807E-2
2.686017E1	5.040482E1	1.013990E-1
2.687685E1	5.041318E1	1.105465E-1
2.689353E1	5.041697E1	1.088808E-1
2.691022E1	5.043076E1	1.138329E-1
2.692690E1	5.044490E1	1.134049E-1
2.694358E1	5.045419E1	8.967689E-2
2.696027E1	5.048532E1	9.920859E-2
2.697695E1	5.050221E1	1.042773E-1
2.699363E1	5.051746E1	7.915458E-2
2.701032E1	5.054457E1	8.092766E-2
2.702700E1	5.056804E1	8.049992E-2
2.704368E1	5.058471E1	8.227492E-2
2.706037E1	5.060533E1	5.443595E-2
2.707705E1	5.064186E1	6.661665E-2
2.709373E1	5.067413E1	4.811694E-2
2.711042E1	5.072235E1	5.817652E-2
2.712710E1	5.075631E1	5.124252E-2
2.714378E1	5.079253E1	6.202060E-2
2.716047E1	5.082990E1	6.099315E-2
2.717715E1	5.085861E1	7.234270E-2
2.719383E1	5.087033E1	8.008934E-2
2.721052E1	5.088020E1	7.096159E-2
2.722720E1	5.090338E1	7.784102E-2
2.724388E1	5.091176E1	7.510216E-2
2.726057E1	5.091318E1	7.452232E-2
2.727725E1	5.091625E1	6.859523E-2
2.729393E1	5.092452E1	6.388977E-2
2.731062E1	5.092244E1	6.566806E-2
2.732730E1	5.091966E1	5.589858E-2
2.734398E1	5.091708E1	5.725768E-2
2.736067E1	5.091606E1	6.397248E-2
2.737735E1	5.091492E1	6.272596E-2
2.739403E1	5.091085E1	6.829680E-2
2.741072E1	5.090578E1	6.953947E-2
2.742740E1	5.090781E1	7.321628E-2
2.744408E1	5.090907E1	7.544316E-2
2.746077E1	5.091431E1	8.687799E-2
2.747745E1	5.091540E1	8.593789E-2
2.749413E1	5.091505E1	8.579461E-2
2.751082E1	5.091304E1	8.586843E-2
2.752750E1	5.091061E1	8.453215E-2
2.754418E1	5.090065E1	8.587835E-2
2.756087E1	5.089273E1	8.383190E-2
2.757755E1	5.088111E1	8.486298E-2
2.759423E1	5.084809E1	1.022458E-1
2.761092E1	5.079294E1	1.150534E-1
2.762760E1	5.073434E1	9.850038E-2
2.764428E1	5.068755E1	1.107725E-1
2.766097E1	5.063298E1	1.086611E-1
2.767765E1	5.057750E1	1.114784E-1
2.769433E1	5.050429E1	1.062918E-1
2.771102E1	5.044622E1	9.661713E-2
2.772770E1	5.039724E1	1.083007E-1
2.774438E1	5.034036E1	1.242181E-1
2.776107E1	5.029854E1	1.707256E-1
2.777775E1	5.025780E1	1.558540E-1
2.779443E1	5.023475E1	1.577830E-1
2.781112E1	5.021967E1	1.804486E-1
2.782780E1	5.020332E1	1.786165E-1
2.784448E1	5.019777E1	1.767436E-1
2.786117E1	5.019362E1	1.760834E-1
2.787785E1	5.019700E1	1.814333E-1
2.789453E1	5.019990E1	1.815425E-1
2.791122E1	5.020596E1	1.761522E-1
2.792790E1	5.021213E1	1.732745E-1
2.794458E1	5.022336E1	1.740133E-1
2.796127E1	5.023125E1	1.754084E-1
2.797795E1	5.023706E1	1.566069E-1
2.799463E1	5.026705E1	1.570262E-1
2.801132E1	5.028191E1	1.549350E-1
2.802800E1	5.029534E1	1.528991E-1
2.804468E1	5.030927E1	1.263580E-1
2.806137E1	5.034506E1	1.326107E-1
2.807805E1	5.036671E1	1.366539E-1
2.809473E1	5.040757E1	1.101205E-1
2.811142E1	5.044620E1	7.251694E-2
2.812810E1	5.049313E1	7.786106E-2
2.814478E1	5.052991E1	6.141127E-2
2.816147E1	5.057059E1	7.493966E-2
2.817815E1	5.059496E1	6.764163E-2
2.819483E1	5.062789E1	7.804977E-2
2.821152E1	5.063871E1	8.296785E-2
2.822820E1	5.064431E1	8.393160E-2
2.824488E1	5.064203E1	7.747339E-2
2.826157E1	5.063637E1	7.461722E-2
2.827825E1	5.063365E1	7.006457E-2
2.829493E1	5.063969E1	6.783061E-2
2.831162E1	5.063282E1	6.354179E-2
2.832830E1	5.063226E1	5.586850E-2
2.834498E1	5.062576E1	5.206905E-2
2.836167E1	5.062561E1	5.594731E-2
2.837835E1	5.062080E1	6.240172E-2
2.839503E1	5.062265E1	6.037776E-2
2.841172E1	5.061840E1	6.578309E-2
2.842840E1	5.061909E1	7.374536E-2
2.844508E1	5.062183E1	7.812057E-2
2.846177E1	5.062381E1	7.931660E-2
2.847845E1	5.062530E1	8.220104E-2
2.849513E1	5.062208E1	8.343760E-2
2.851182E1	5.062234E1	8.306139E-2
2.852850E1	5.061672E1	8.174057E-2
2.854518E1	5.061040E1	8.113085E-2
2.856187E1	5.059958E1	7.808956E-2
2.857855E1	5.057234E1	9.365903E-2
2.859523E1	5.051566E1	1.010002E-1
2.861192E1	5.046427E1	9.458922E-2
2.862860E1	5.040664E1	1.028577E-1
2.864528E1	5.034987E1	1.051137E-1
2.866197E1	5.028823E1	1.031327E-1
2.867865E1	5.022219E1	1.059900E-1
2.869533E1	5.015183E1	1.058218E-1
2.871202E1	5.008091E1	1.096176E-1
2.872870E1	5.002027E1	1.043585E-1
2.874538E1	4.997388E1	1.124179E-1
2.876207E1	4.992474E1	1.339064E-1
2.877875E1	4.989116E1	1.379782E-1
2.879543E1	4.986755E1	1.684180E-1
2.881212E1	4.983614E1	1.580273E-1
2.882880E1	4.982911E1	1.616342E-1
2.884548E1	4.982998E1	1.643154E-1
2.886217E1	4.983205E1	1.699053E-1
2.887885E1	4.983537E1	1.701773E-1
2.889553E1	4.984160E1	1.720214E-1
2.891222E1	4.984981E1	1.721059E-1
2.892890E1	4.985844E1	1.727326E-1
2.894558E1	4.987120E1	1.792169E-1
2.896227E1	4.988539E1	1.570403E-1
2.897895E1	4.991222E1	1.596801E-1
2.899563E1	4.992608E1	1.637756E-1
2.901232E1	4.994333E1	1.606082E-1
2.902900E1	4.996059E1	1.318746E-1
2.904568E1	4.999770E1	1.428345E-1
2.906237E1	5.002323E1	1.252772E-1
2.907905E1	5.006033E1	1.359388E-1
2.909573E1	5.008241E1	1.453531E-1
2.911242E1	5.010204E1	1.220959E-1
2.912910E1	5.013536E1	1.329477E-1
2.914578E1	5.015342E1	1.408955E-1
