	masse A		
t	x	y	
0.000000E0	-7.763127E-3	4.370396E-3
1.668333E-2	-1.347909E-2	-7.689448E-4
3.336667E-2	-2.203382E-2	-3.455225E-3
5.005000E-2	-3.170891E-2	-3.114919E-3
6.673333E-2	-5.115555E-2	3.238602E-4
8.341667E-2	-9.165875E-2	-1.329339E-3
1.001000E-1	-1.271352E-1	2.340943E-3
1.167833E-1	-1.584071E-1	-2.876470E-3
1.334667E-1	-2.022121E-1	-1.520809E-3
1.501500E-1	-2.670167E-1	-4.838072E-4
1.668333E-1	-3.226048E-1	-7.274486E-3
1.835167E-1	-3.760997E-1	-6.027419E-3
2.002000E-1	-4.273430E-1	-1.894669E-3
2.168833E-1	-4.798123E-1	-2.908546E-3
2.335667E-1	-5.265814E-1	-5.248795E-3
2.502500E-1	-5.632441E-1	-3.470066E-3
2.669333E-1	-5.943569E-1	-1.696358E-2
2.836167E-1	-6.147180E-1	-1.264929E-2
3.003000E-1	-6.282176E-1	-2.275713E-2
3.169833E-1	-6.304966E-1	-2.366875E-2
3.336667E-1	-6.273670E-1	-2.209215E-2
3.503500E-1	-6.172776E-1	-1.356332E-2
3.670333E-1	-6.013317E-1	-1.693943E-2
3.837167E-1	-5.679636E-1	-1.114478E-2
4.004000E-1	-5.488394E-1	-7.254657E-3
4.170833E-1	-5.147865E-1	-8.746814E-3
4.337667E-1	-4.751770E-1	-5.446480E-3
4.504500E-1	-4.282145E-1	-5.409348E-3
4.671333E-1	-3.684024E-1	-9.713071E-3
4.838167E-1	-2.968375E-1	-6.751678E-3
5.005000E-1	-2.230032E-1	-4.870729E-3
5.171833E-1	-1.534777E-1	-5.193812E-3
5.338667E-1	-7.767302E-2	3.264194E-3
5.505500E-1	-4.970402E-4	4.120059E-3
5.672333E-1	7.949650E-2	7.924457E-3
5.839167E-1	1.519565E-1	1.150369E-2
6.006000E-1	2.213540E-1	1.529904E-2
6.172833E-1	2.856881E-1	1.857403E-2
6.339667E-1	3.581421E-1	1.971233E-2
6.506500E-1	4.217124E-1	1.587002E-2
6.673333E-1	4.888830E-1	1.477936E-2
6.840167E-1	5.488544E-1	1.474961E-2
7.007000E-1	6.086318E-1	1.341001E-2
7.173833E-1	6.648140E-1	1.749233E-2
7.340667E-1	6.943867E-1	1.683264E-2
7.507500E-1	7.343414E-1	1.917655E-2
7.674333E-1	7.621420E-1	2.314701E-2
7.841167E-1	8.052533E-1	2.276612E-2
8.008000E-1	8.350172E-1	1.830131E-2
8.174833E-1	8.753174E-1	2.194699E-2
8.341667E-1	9.057018E-1	2.066879E-2
8.508500E-1	9.489737E-1	2.183401E-2
8.675333E-1	9.754015E-1	2.374966E-2
8.842167E-1	1.006624E0	1.892087E-2
9.009000E-1	1.037228E0	1.489831E-2
9.175833E-1	1.076072E0	8.450765E-3
9.342667E-1	1.100883E0	6.937569E-3
9.509500E-1	1.132888E0	2.008243E-3
9.676333E-1	1.148453E0	-2.500782E-3
9.843167E-1	1.157703E0	-4.908810E-3
1.001000E0	1.160478E0	-8.766305E-3
1.017683E0	1.157560E0	-1.214766E-2
1.034367E0	1.148770E0	-2.178347E-2
1.051050E0	1.144938E0	-2.684252E-2
1.067733E0	1.138794E0	-2.948001E-2
1.084417E0	1.134844E0	-3.946886E-2
1.101100E0	1.126577E0	-7.501379E-2
1.117783E0	1.119674E0	-9.262175E-2
1.134467E0	1.115663E0	-9.831280E-2
1.151150E0	1.110913E0	-1.042358E-1
1.167833E0	1.098903E0	-1.376616E-1
1.184517E0	1.092756E0	-1.493125E-1
1.201200E0	1.083382E0	-1.430951E-1
1.217883E0	1.052641E0	-1.466377E-1
1.234567E0	1.045301E0	-1.560872E-1
1.251250E0	1.041041E0	-1.651510E-1
1.267933E0	1.053719E0	-1.804579E-1
1.284617E0	1.062784E0	-2.091394E-1
1.301300E0	1.070285E0	-2.271634E-1
1.317983E0	1.085917E0	-2.322912E-1
1.334667E0	1.119433E0	-2.479485E-1
1.351350E0	1.159743E0	-2.680671E-1
1.368033E0	1.187878E0	-2.855750E-1
1.384717E0	1.222937E0	-2.892527E-1
1.401400E0	1.260733E0	-2.904413E-1
1.418083E0	1.310058E0	-2.970576E-1
1.434767E0	1.365539E0	-2.929497E-1
1.451450E0	1.422389E0	-2.933242E-1
1.468133E0	1.489034E0	-2.915121E-1
1.484817E0	1.557576E0	-2.886732E-1
1.501500E0	1.631775E0	-2.881254E-1
1.518183E0	1.707183E0	-2.881470E-1
1.534867E0	1.785372E0	-2.865201E-1
1.551550E0	1.868982E0	-2.857622E-1
1.568233E0	1.951482E0	-2.906329E-1
1.584917E0	2.046869E0	-2.856606E-1
1.601600E0	2.126762E0	-2.827547E-1
1.618283E0	2.209610E0	-2.756154E-1
1.634967E0	2.269446E0	-2.767291E-1
1.651650E0	2.348733E0	-2.740698E-1
1.668333E0	2.414344E0	-2.710953E-1
1.685017E0	2.484431E0	-2.714821E-1
1.701700E0	2.542644E0	-2.711614E-1
1.718383E0	2.597850E0	-2.693142E-1
1.735067E0	2.649492E0	-2.734660E-1
1.751750E0	2.685025E0	-2.674799E-1
1.768433E0	2.724609E0	-2.682895E-1
1.785117E0	2.768467E0	-2.719017E-1
1.801800E0	2.802709E0	-2.722191E-1
1.818483E0	2.845059E0	-2.747748E-1
1.835167E0	2.881817E0	-2.688139E-1
1.851850E0	2.926920E0	-2.669019E-1
1.868533E0	2.950685E0	-2.655776E-1
1.885217E0	2.983212E0	-2.635452E-1
1.901900E0	3.011607E0	-2.665034E-1
1.918583E0	3.045972E0	-2.682149E-1
1.935267E0	3.073537E0	-2.733823E-1
1.951950E0	3.090174E0	-2.694704E-1
1.968633E0	3.115602E0	-2.748518E-1
1.985317E0	3.128329E0	-2.773904E-1
2.002000E0	3.132293E0	-2.852759E-1
2.018683E0	3.136769E0	-2.883799E-1
2.035367E0	3.127144E0	-2.892787E-1
2.052050E0	3.124072E0	-2.944486E-1
2.068733E0	3.113298E0	-2.990804E-1
2.085417E0	3.107694E0	-3.012505E-1
2.102100E0	3.104823E0	-3.009193E-1
2.118783E0	3.097929E0	-2.985188E-1
2.135467E0	3.088956E0	-2.976920E-1
2.152150E0	3.072061E0	-2.947739E-1
2.168833E0	3.027501E0	-2.916697E-1
2.185517E0	2.993306E0	-2.866632E-1
2.202200E0	2.966560E0	-2.870681E-1
2.218883E0	2.944171E0	-2.891787E-1
2.235567E0	2.929368E0	-2.840556E-1
2.252250E0	2.895402E0	-2.885485E-1
2.268933E0	2.889647E0	-2.945164E-1
2.285617E0	2.888525E0	-2.998443E-1
2.302300E0	2.896018E0	-2.969841E-1
2.318983E0	2.911177E0	-3.039818E-1
2.335667E0	2.928922E0	-2.995351E-1
2.352350E0	2.937684E0	-3.113908E-1
2.369033E0	2.981927E0	-2.992547E-1
2.385717E0	3.001212E0	-2.932036E-1
2.402400E0	3.032062E0	-2.926930E-1
2.419083E0	3.069241E0	-2.875811E-1
2.435767E0	3.110816E0	-2.864474E-1
2.452450E0	3.158569E0	-2.873248E-1
2.469133E0	3.229004E0	-2.850942E-1
2.485817E0	3.300521E0	-2.848366E-1
2.502500E0	3.379632E0	-2.821371E-1
2.519183E0	3.458992E0	-2.792145E-1
2.535867E0	3.542187E0	-2.779946E-1
2.552550E0	3.616628E0	-2.779485E-1
2.569233E0	3.699494E0	-2.743386E-1
2.585917E0	3.771536E0	-2.726121E-1
2.602600E0	3.835701E0	-2.669990E-1
2.619283E0	3.899124E0	-2.616822E-1
2.635967E0	3.964565E0	-2.600582E-1
2.652650E0	4.033526E0	-2.599524E-1
2.669333E0	4.103421E0	-2.549359E-1
2.686017E0	4.174363E0	-2.556173E-1
2.702700E0	4.230557E0	-2.564645E-1
2.719383E0	4.283283E0	-2.550926E-1
2.736067E0	4.336661E0	-2.443238E-1
2.752750E0	4.370576E0	-2.514368E-1
2.769433E0	4.412413E0	-2.556360E-1
2.786117E0	4.446212E0	-2.571519E-1
2.802800E0	4.488788E0	-2.566267E-1
2.819483E0	4.521338E0	-2.559850E-1
2.836167E0	4.562889E0	-2.552031E-1
2.852850E0	4.595115E0	-2.563478E-1
2.869533E0	4.632562E0	-2.546398E-1
2.886217E0	4.657598E0	-2.570360E-1
2.902900E0	4.693202E0	-2.606501E-1
2.919583E0	4.723067E0	-2.642064E-1
2.936267E0	4.766620E0	-2.659802E-1
2.952950E0	4.794813E0	-2.688981E-1
2.969633E0	4.822871E0	-2.671903E-1
2.986317E0	4.840379E0	-2.687180E-1
3.003000E0	4.849258E0	-2.781443E-1
3.019683E0	4.847592E0	-2.846456E-1
3.036367E0	4.846438E0	-2.922166E-1
3.053050E0	4.848661E0	-3.009551E-1
3.069733E0	4.841956E0	-3.027994E-1
3.086417E0	4.832670E0	-3.030409E-1
3.103100E0	4.826660E0	-3.075165E-1
3.119783E0	4.821117E0	-3.068076E-1
3.136467E0	4.814783E0	-3.050925E-1
3.153150E0	4.808138E0	-3.038032E-1
3.169833E0	4.798748E0	-3.045448E-1
3.186517E0	4.791011E0	-2.990894E-1
3.203200E0	4.786408E0	-2.971374E-1
3.219883E0	4.783378E0	-2.971323E-1
3.236567E0	4.785908E0	-3.019938E-1
3.253250E0	4.788206E0	-3.047711E-1
3.269933E0	4.797192E0	-3.085300E-1
3.286617E0	4.809156E0	-3.065620E-1
3.303300E0	4.824747E0	-3.094565E-1
3.319983E0	4.838589E0	-3.095069E-1
3.336667E0	4.875007E0	-3.296521E-1
3.353350E0	4.913947E0	-3.494446E-1
3.370033E0	4.940295E0	-3.679820E-1
3.386717E0	4.978090E0	-3.618286E-1
3.403400E0	5.012068E0	-3.641180E-1
3.420083E0	5.069489E0	-3.650434E-1
3.436767E0	5.121068E0	-3.589462E-1
3.453450E0	5.178966E0	-3.597836E-1
3.470133E0	5.246287E0	-3.580016E-1
3.486817E0	5.316347E0	-3.575599E-1
3.503500E0	5.389385E0	-3.553353E-1
3.520183E0	5.475843E0	-3.534059E-1
3.536867E0	5.548174E0	-3.492311E-1
3.553550E0	5.633583E0	-3.547645E-1
3.570233E0	5.724607E0	-3.502923E-1
3.586917E0	5.814824E0	-3.446327E-1
3.603600E0	5.893529E0	-3.404342E-1
3.620283E0	5.956305E0	-3.339251E-1
3.636967E0	6.027594E0	-3.331507E-1
3.653650E0	6.096834E0	-3.264825E-1
3.670333E0	6.166148E0	-3.272651E-1
3.687017E0	6.231725E0	-3.230236E-1
3.703700E0	6.286366E0	-3.146865E-1
3.720383E0	6.350774E0	-2.873195E-1
3.737067E0	6.409778E0	-2.644464E-1
3.753750E0	6.441582E0	-2.650174E-1
3.770433E0	6.488071E0	-2.680778E-1
3.787117E0	6.533242E0	-2.648166E-1
3.803800E0	6.572484E0	-2.690426E-1
3.820483E0	6.615379E0	-2.633699E-1
3.837167E0	6.657967E0	-2.632486E-1
3.853850E0	6.700342E0	-2.655453E-1
3.870533E0	6.748782E0	-2.534676E-1
3.887217E0	6.782617E0	-2.648860E-1
3.903900E0	6.821824E0	-2.603730E-1
3.920583E0	6.857102E0	-2.720629E-1
3.937267E0	6.895563E0	-2.658344E-1
3.953950E0	6.931679E0	-2.668892E-1
3.970633E0	6.961838E0	-2.628617E-1
3.987317E0	6.982205E0	-2.730408E-1
4.004000E0	7.012649E0	-2.748925E-1
4.020683E0	7.025177E0	-2.802381E-1
4.037367E0	7.029429E0	-2.852558E-1
4.054050E0	7.038087E0	-2.948421E-1
4.070733E0	7.043002E0	-2.999691E-1
4.087417E0	7.040103E0	-3.036926E-1
4.104100E0	7.035369E0	-3.043026E-1
4.120783E0	7.029587E0	-3.046742E-1
4.137467E0	7.024340E0	-3.037063E-1
4.154150E0	7.016041E0	-3.006401E-1
4.170833E0	7.002844E0	-3.050231E-1
4.187517E0	6.997928E0	-3.039512E-1
4.204200E0	6.985382E0	-3.012594E-1
4.220883E0	6.979581E0	-2.988604E-1
4.237567E0	6.967882E0	-2.962739E-1
4.254250E0	6.945671E0	-3.003373E-1
4.270933E0	6.940999E0	-3.057532E-1
4.287617E0	6.944640E0	-3.133787E-1
4.304300E0	6.959124E0	-3.111743E-1
4.320983E0	6.990319E0	-3.394077E-1
4.337667E0	7.017580E0	-3.601118E-1
4.354350E0	7.053325E0	-3.731894E-1
4.371033E0	7.091853E0	-3.755778E-1
4.387717E0	7.127697E0	-3.767784E-1
4.404400E0	7.177305E0	-3.718289E-1
4.421083E0	7.224081E0	-3.687293E-1
4.437767E0	7.269721E0	-3.672564E-1
4.454450E0	7.338044E0	-3.645146E-1
4.471133E0	7.401755E0	-3.615725E-1
4.487817E0	7.465374E0	-3.591928E-1
4.504500E0	7.529006E0	-3.572048E-1
4.521183E0	7.603927E0	-3.569953E-1
4.537867E0	7.684660E0	-3.482675E-1
4.554550E0	7.759669E0	-3.529483E-1
4.571233E0	7.850117E0	-3.512409E-1
4.587917E0	7.934992E0	-3.474941E-1
4.604600E0	8.005185E0	-3.414183E-1
4.621283E0	8.075062E0	-3.366098E-1
4.637967E0	8.143012E0	-3.358169E-1
4.654650E0	8.210270E0	-3.329137E-1
4.671333E0	8.272487E0	-3.312380E-1
4.688017E0	8.338355E0	-3.238920E-1
4.704700E0	8.405332E0	-3.310656E-1
4.721383E0	8.466072E0	-3.177036E-1
4.738067E0	8.495843E0	-3.235915E-1
4.754750E0	8.522814E0	-3.068205E-1
4.771433E0	8.556551E0	-2.993662E-1
4.788117E0	8.596163E0	-2.795985E-1
4.804800E0	8.628231E0	-2.818028E-1
4.821483E0	8.664846E0	-2.752342E-1
4.838167E0	8.703656E0	-2.752262E-1
4.854850E0	8.746409E0	-2.630965E-1
4.871533E0	8.769270E0	-2.670419E-1
4.888217E0	8.809522E0	-2.549486E-1
4.904900E0	8.833043E0	-2.706128E-1
4.921583E0	8.876089E0	-2.635686E-1
4.938267E0	8.909057E0	-2.720410E-1
4.954950E0	8.940194E0	-2.606074E-1
4.971633E0	8.957765E0	-2.611298E-1
4.988317E0	8.976497E0	-2.713816E-1
5.005000E0	8.994549E0	-2.709444E-1
5.021683E0	9.001673E0	-2.733224E-1
5.038367E0	9.006304E0	-2.791129E-1
5.055050E0	9.008314E0	-2.825681E-1
5.071733E0	9.010164E0	-2.900280E-1
5.088417E0	9.009328E0	-2.915114E-1
5.105100E0	9.008443E0	-2.941757E-1
5.121783E0	9.007276E0	-2.928463E-1
5.138467E0	8.996620E0	-2.913062E-1
5.155150E0	8.985188E0	-2.922966E-1
5.171833E0	8.973043E0	-2.915153E-1
5.188517E0	8.955969E0	-2.808369E-1
5.205200E0	8.923750E0	-2.812647E-1
5.221883E0	8.899938E0	-2.810077E-1
5.238567E0	8.880592E0	-2.800449E-1
5.255250E0	8.858251E0	-2.861270E-1
5.271933E0	8.849751E0	-2.933407E-1
5.288617E0	8.849818E0	-2.915502E-1
5.305300E0	8.864730E0	-2.968414E-1
5.321983E0	8.876377E0	-3.046711E-1
5.338667E0	8.906332E0	-3.200602E-1
5.355350E0	8.935434E0	-3.398722E-1
5.372033E0	8.967307E0	-3.516548E-1
5.388717E0	9.010478E0	-3.497829E-1
5.405400E0	9.045126E0	-3.541440E-1
5.422083E0	9.095715E0	-3.509685E-1
5.438767E0	9.136006E0	-3.509673E-1
5.455450E0	9.199467E0	-3.487621E-1
5.472133E0	9.260455E0	-3.495756E-1
5.488817E0	9.339382E0	-3.489718E-1
5.505500E0	9.414602E0	-3.484680E-1
5.522183E0	9.495686E0	-3.411682E-1
5.538867E0	9.573756E0	-3.379593E-1
5.555550E0	9.653752E0	-3.393089E-1
5.572233E0	9.723434E0	-3.302376E-1
5.588917E0	9.804037E0	-3.242493E-1
5.605600E0	9.867918E0	-3.155240E-1
5.622283E0	9.927962E0	-3.097005E-1
5.638967E0	9.990644E0	-2.825008E-1
5.655650E0	1.005692E1	-2.648290E-1
5.672333E0	1.012349E1	-2.544305E-1
5.689017E0	1.020365E1	-2.536878E-1
5.705700E0	1.026602E1	-2.608254E-1
5.722383E0	1.032454E1	-2.614165E-1
5.739067E0	1.035966E1	-2.389510E-1
5.755750E0	1.040958E1	-2.183854E-1
5.772433E0	1.045252E1	-1.957539E-1
5.789117E0	1.048737E1	-1.983017E-1
5.805800E0	1.052746E1	-2.066812E-1
5.822483E0	1.057588E1	-1.927433E-1
5.839167E0	1.062658E1	-1.930833E-1
5.855850E0	1.067391E1	-1.970303E-1
5.872533E0	1.072056E1	-1.806737E-1
5.889217E0	1.075917E1	-1.914830E-1
5.905900E0	1.080117E1	-1.808965E-1
5.922583E0	1.084331E1	-1.892981E-1
5.939267E0	1.089136E1	-2.003495E-1
5.955950E0	1.093161E1	-1.898140E-1
5.972633E0	1.096673E1	-2.016139E-1
5.989317E0	1.100476E1	-1.946609E-1
6.006000E0	1.101738E1	-1.968635E-1
6.022683E0	1.103194E1	-2.118641E-1
6.039367E0	1.105564E1	-2.140255E-1
6.056050E0	1.107059E1	-2.145648E-1
6.072733E0	1.107985E1	-2.181714E-1
6.089417E0	1.107963E1	-2.224313E-1
6.106100E0	1.108672E1	-2.248118E-1
6.122783E0	1.111486E1	-2.525965E-1
6.139467E0	1.113041E1	-2.684702E-1
6.156150E0	1.113561E1	-2.759742E-1
6.172833E0	1.113099E1	-2.847762E-1
6.189517E0	1.112890E1	-2.815031E-1
6.206200E0	1.112098E1	-2.843067E-1
6.222883E0	1.112167E1	-2.874056E-1
6.239567E0	1.111592E1	-2.912449E-1
6.256250E0	1.111786E1	-2.942303E-1
6.272933E0	1.112283E1	-2.993644E-1
6.289617E0	1.113687E1	-3.062742E-1
6.306300E0	1.114924E1	-3.075272E-1
6.322983E0	1.119021E1	-3.315173E-1
6.339667E0	1.121885E1	-3.500186E-1
6.356350E0	1.124775E1	-3.708763E-1
6.373033E0	1.128633E1	-3.670821E-1
6.389717E0	1.132450E1	-3.700898E-1
6.406400E0	1.137697E1	-3.735218E-1
6.423083E0	1.144031E1	-3.612461E-1
6.439767E0	1.149328E1	-3.603769E-1
6.456450E0	1.155402E1	-3.579311E-1
6.473133E0	1.162537E1	-3.537866E-1
6.489817E0	1.169454E1	-3.534537E-1
6.506500E0	1.177610E1	-3.498208E-1
6.523183E0	1.185508E1	-3.467793E-1
6.539867E0	1.192769E1	-3.478212E-1
6.556550E0	1.201269E1	-3.450904E-1
6.573233E0	1.209281E1	-3.398665E-1
6.589917E0	1.218485E1	-3.331146E-1
6.606600E0	1.225418E1	-3.230826E-1
6.623283E0	1.232987E1	-3.156598E-1
6.639967E0	1.238687E1	-3.095156E-1
6.656650E0	1.246608E1	-2.810867E-1
6.673333E0	1.254358E1	-2.755560E-1
6.690017E0	1.262082E1	-2.690596E-1
6.706700E0	1.268189E1	-2.700684E-1
6.723383E0	1.274311E1	-2.700335E-1
6.740067E0	1.279927E1	-2.680207E-1
6.756750E0	1.285223E1	-2.534047E-1
6.773433E0	1.288772E1	-2.636067E-1
6.790117E0	1.293543E1	-2.539397E-1
6.806800E0	1.296817E1	-2.641247E-1
6.823483E0	1.302333E1	-2.649750E-1
6.840167E0	1.306659E1	-2.566239E-1
6.856850E0	1.310967E1	-2.587896E-1
6.873533E0	1.316083E1	-2.589443E-1
6.890217E0	1.320585E1	-2.520943E-1
6.906900E0	1.324654E1	-2.594715E-1
6.923583E0	1.330409E1	-2.662402E-1
6.940267E0	1.335184E1	-2.599320E-1
6.956950E0	1.339253E1	-2.679794E-1
6.973633E0	1.343574E1	-2.737101E-1
6.990317E0	1.347929E1	-2.676478E-1
7.007000E0	1.350665E1	-2.804799E-1
7.023683E0	1.354418E1	-2.765753E-1
7.040367E0	1.356286E1	-2.801706E-1
7.057050E0	1.358028E1	-2.907593E-1
7.073733E0	1.361269E1	-2.900557E-1
7.090417E0	1.362511E1	-2.909495E-1
7.107100E0	1.363417E1	-2.890148E-1
7.123783E0	1.364109E1	-2.872362E-1
7.140467E0	1.363861E1	-2.901073E-1
7.157150E0	1.364217E1	-2.840924E-1
7.173833E0	1.363860E1	-2.853539E-1
7.190517E0	1.363456E1	-2.835565E-1
7.207200E0	1.362717E1	-2.826881E-1
7.223883E0	1.362201E1	-2.838691E-1
7.240567E0	1.362086E1	-2.890368E-1
7.257250E0	1.361927E1	-2.911492E-1
7.273933E0	1.362999E1	-2.976410E-1
7.290617E0	1.364114E1	-3.000062E-1
7.307300E0	1.367210E1	-3.129829E-1
7.323983E0	1.372520E1	-3.304987E-1
7.340667E0	1.376423E1	-3.427474E-1
7.357350E0	1.380181E1	-3.647724E-1
7.374033E0	1.385191E1	-3.604652E-1
7.390717E0	1.389782E1	-3.639169E-1
7.407400E0	1.395239E1	-3.679088E-1
7.424083E0	1.401715E1	-3.675092E-1
7.440767E0	1.407957E1	-3.649922E-1
7.457450E0	1.416413E1	-3.613624E-1
7.474133E0	1.423814E1	-3.588160E-1
7.490817E0	1.424263E1	-3.574499E-1
7.507500E0	1.439747E1	-3.551181E-1
7.524183E0	1.447877E1	-3.524051E-1
7.540867E0	1.455437E1	-3.520184E-1
7.557550E0	1.464602E1	-3.525501E-1
7.574233E0	1.473342E1	-3.456304E-1
7.590917E0	1.481173E1	-3.375699E-1
7.607600E0	1.488370E1	-3.244950E-1
7.624283E0	1.495456E1	-3.258817E-1
7.640967E0	1.503283E1	-3.195366E-1
7.657650E0	1.510282E1	-3.240192E-1
7.674333E0	1.517097E1	-3.312994E-1
7.691017E0	1.524945E1	-3.278914E-1
7.707700E0	1.531148E1	-3.326196E-1
7.724383E0	1.536989E1	-3.315049E-1
7.741067E0	1.542247E1	-3.301636E-1
7.757750E0	1.545896E1	-3.105925E-1
7.774433E0	1.550660E1	-2.968318E-1
7.791117E0	1.555196E1	-2.788946E-1
7.807800E0	1.559511E1	-2.818702E-1
7.824483E0	1.564375E1	-2.806062E-1
7.841167E0	1.570100E1	-2.693487E-1
7.857850E0	1.574127E1	-2.702992E-1
7.874533E0	1.579409E1	-2.684897E-1
7.891217E0	1.584049E1	-2.634325E-1
7.907900E0	1.588224E1	-2.669539E-1
7.924583E0	1.593380E1	-2.706336E-1
7.941267E0	1.598336E1	-2.670631E-1
7.957950E0	1.603407E1	-2.683120E-1
7.974633E0	1.607152E1	-2.736209E-1
7.991317E0	1.611233E1	-2.687550E-1
8.008000E0	1.614840E1	-2.810034E-1
8.024683E0	1.618274E1	-2.794728E-1
8.041367E0	1.621597E1	-2.967274E-1
8.058050E0	1.624259E1	-2.931777E-1
8.074733E0	1.626286E1	-2.954377E-1
8.091417E0	1.628605E1	-3.075505E-1
8.108100E0	1.631254E1	-2.987153E-1
8.124783E0	1.632754E1	-2.953477E-1
8.141467E0	1.634438E1	-3.073050E-1
8.158150E0	1.636546E1	-2.980940E-1
8.174833E0	1.637734E1	-2.914075E-1
8.191517E0	1.637944E1	-2.910932E-1
8.208200E0	1.638527E1	-2.885256E-1
8.224883E0	1.638417E1	-2.894532E-1
8.241567E0	1.638452E1	-2.946428E-1
8.258250E0	1.638486E1	-2.937355E-1
8.274933E0	1.639340E1	-2.968831E-1
8.291617E0	1.643291E1	-3.171564E-1
8.308300E0	1.645727E1	-3.355386E-1
8.324983E0	1.648884E1	-3.629914E-1
8.341667E0	1.653087E1	-3.634770E-1
8.358350E0	1.656521E1	-3.751286E-1
8.375033E0	1.661692E1	-3.682421E-1
8.391717E0	1.665892E1	-3.742366E-1
8.408400E0	1.671555E1	-3.732489E-1
8.425083E0	1.677146E1	-3.679306E-1
8.441767E0	1.683503E1	-3.615258E-1
8.458450E0	1.689429E1	-3.588068E-1
8.475133E0	1.696011E1	-3.533556E-1
8.491817E0	1.702394E1	-3.524133E-1
8.508500E0	1.709736E1	-3.492006E-1
8.525183E0	1.717507E1	-3.477886E-1
8.541867E0	1.724632E1	-3.449173E-1
8.558550E0	1.731933E1	-3.423994E-1
8.575233E0	1.739446E1	-3.373417E-1
8.591917E0	1.746434E1	-3.278873E-1
8.608600E0	1.753474E1	-3.218397E-1
8.625283E0	1.759398E1	-3.221612E-1
8.641967E0	1.765860E1	-3.216046E-1
8.658650E0	1.772675E1	-3.201742E-1
8.675333E0	1.779706E1	-3.226348E-1
8.692017E0	1.785679E1	-3.169279E-1
8.708700E0	1.791469E1	-3.229484E-1
8.725383E0	1.798125E1	-3.209415E-1
8.742067E0	1.801510E1	-3.057329E-1
8.758750E0	1.806307E1	-2.836166E-1
8.775433E0	1.810505E1	-2.648511E-1
8.792117E0	1.813983E1	-2.670567E-1
8.808800E0	1.819155E1	-2.700781E-1
8.825483E0	1.824535E1	-2.596849E-1
8.842167E0	1.829548E1	-2.632228E-1
8.858850E0	1.834677E1	-2.631143E-1
8.875533E0	1.839489E1	-2.532278E-1
8.892217E0	1.843681E1	-2.540588E-1
8.908900E0	1.848882E1	-2.604443E-1
8.925583E0	1.854590E1	-2.573197E-1
8.942267E0	1.861136E1	-2.636062E-1
8.958950E0	1.866658E1	-2.511516E-1
8.975633E0	1.870897E1	-2.637328E-1
8.992317E0	1.874657E1	-2.604196E-1
9.009000E0	1.877786E1	-2.681287E-1
9.025683E0	1.881424E1	-2.731218E-1
9.042367E0	1.884431E1	-2.840229E-1
9.059050E0	1.888394E1	-2.823690E-1
9.075733E0	1.891143E1	-2.972351E-1
9.092417E0	1.895027E1	-2.912796E-1
9.109100E0	1.897453E1	-3.014646E-1
9.125783E0	1.901138E1	-2.930016E-1
9.142467E0	1.903305E1	-2.883186E-1
9.159150E0	1.904251E1	-2.919580E-1
9.175833E0	1.907126E1	-2.856827E-1
9.192517E0	1.908003E1	-2.803270E-1
9.209200E0	1.908355E1	-2.791442E-1
9.225883E0	1.908413E1	-2.787591E-1
9.242567E0	1.909515E1	-2.817998E-1
9.259250E0	1.910447E1	-2.867968E-1
9.275933E0	1.911594E1	-3.003996E-1
9.292617E0	1.915381E1	-3.027577E-1
9.309300E0	1.918938E1	-3.128146E-1
9.325983E0	1.923534E1	-3.131987E-1
9.342667E0	1.928561E1	-3.290032E-1
9.359350E0	1.933073E1	-3.527716E-1
9.376033E0	1.938620E1	-3.512463E-1
9.392717E0	1.943459E1	-3.620042E-1
9.409400E0	1.948536E1	-3.614577E-1
9.426083E0	1.954950E1	-3.600057E-1
9.442767E0	1.962292E1	-3.581506E-1
9.459450E0	1.969274E1	-3.551159E-1
9.476133E0	1.976911E1	-3.528792E-1
9.492817E0	1.985401E1	-3.504281E-1
9.509500E0	1.992575E1	-3.456860E-1
9.526183E0	2.000003E1	-3.414942E-1
9.542867E0	2.007765E1	-3.411026E-1
9.559550E0	2.015805E1	-3.392213E-1
9.576233E0	2.024213E1	-3.424817E-1
9.592917E0	2.033547E1	-3.316112E-1
9.609600E0	2.040879E1	-3.305098E-1
9.626283E0	2.047868E1	-3.253589E-1
9.642967E0	2.055685E1	-3.192419E-1
9.659650E0	2.061873E1	-3.213359E-1
9.676333E0	2.068643E1	-3.220959E-1
9.693017E0	2.075737E1	-3.217814E-1
9.709700E0	2.082027E1	-3.269997E-1
9.726383E0	2.088500E1	-3.298510E-1
9.743067E0	2.092168E1	-3.137419E-1
9.759750E0	2.097135E1	-2.873071E-1
9.776433E0	2.101886E1	-2.650612E-1
9.793117E0	2.105895E1	-2.667008E-1
9.809800E0	2.110782E1	-2.737591E-1
9.826483E0	2.116005E1	-2.628390E-1
9.843167E0	2.121087E1	-2.590919E-1
9.859850E0	2.125852E1	-2.619979E-1
9.876533E0	2.130465E1	-2.499388E-1
9.893217E0	2.134835E1	-2.594476E-1
9.909900E0	2.140733E1	-2.579764E-1
9.926583E0	2.145592E1	-2.648193E-1
9.943267E0	2.152351E1	-2.683345E-1
9.959950E0	2.158328E1	-2.573845E-1
9.976633E0	2.162871E1	-2.617319E-1
9.993317E0	2.167787E1	-2.665352E-1
1.001000E1	2.171528E1	-2.677809E-1
1.002668E1	2.175122E1	-2.774611E-1
1.004337E1	2.178895E1	-2.781497E-1
1.006005E1	2.182156E1	-2.913210E-1
1.007673E1	2.186488E1	-2.822139E-1
1.009342E1	2.189835E1	-2.960531E-1
1.011010E1	2.193402E1	-2.906172E-1
1.012678E1	2.196490E1	-3.027618E-1
1.014347E1	2.199786E1	-2.887408E-1
1.016015E1	2.201719E1	-2.945414E-1
1.017683E1	2.205303E1	-2.893170E-1
1.019352E1	2.208051E1	-2.762480E-1
1.021020E1	2.207528E1	-2.746435E-1
1.022688E1	2.208068E1	-2.778395E-1
1.024357E1	2.207160E1	-2.775001E-1
1.026025E1	2.210531E1	-2.957666E-1
1.027693E1	2.214283E1	-2.950681E-1
1.029362E1	2.218297E1	-3.051071E-1
1.031030E1	2.222046E1	-3.060406E-1
1.032698E1	2.226712E1	-3.208137E-1
1.034367E1	2.231645E1	-3.478822E-1
1.036035E1	2.236691E1	-3.514788E-1
1.037703E1	2.241884E1	-3.573812E-1
1.039372E1	2.247611E1	-3.584001E-1
1.041040E1	2.252972E1	-3.564375E-1
1.042708E1	2.259656E1	-3.542932E-1
1.044377E1	2.268097E1	-3.509585E-1
1.046045E1	2.275074E1	-3.484882E-1
1.047713E1	2.282717E1	-3.459375E-1
1.049382E1	2.290390E1	-3.444266E-1
1.051050E1	2.298677E1	-3.449657E-1
1.052718E1	2.306510E1	-3.414612E-1
1.054387E1	2.313669E1	-3.427114E-1
1.056055E1	2.321689E1	-3.388852E-1
1.057723E1	2.328632E1	-3.284258E-1
1.059392E1	2.335044E1	-3.237622E-1
1.061060E1	2.340505E1	-3.214467E-1
1.062728E1	2.347004E1	-3.185341E-1
1.064397E1	2.352573E1	-3.167270E-1
1.066065E1	2.359908E1	-3.207514E-1
1.067733E1	2.366528E1	-3.223484E-1
1.069402E1	2.373162E1	-3.292112E-1
1.071070E1	2.379639E1	-3.265107E-1
1.072738E1	2.382469E1	-3.079588E-1
1.074407E1	2.387108E1	-2.844854E-1
1.076075E1	2.392301E1	-2.651638E-1
1.077743E1	2.395618E1	-2.661887E-1
1.079412E1	2.400149E1	-2.708273E-1
1.081080E1	2.405758E1	-2.611449E-1
1.082748E1	2.410607E1	-2.638650E-1
1.084417E1	2.415898E1	-2.566186E-1
1.086085E1	2.422279E1	-2.571061E-1
1.087753E1	2.428046E1	-2.458918E-1
1.089422E1	2.431952E1	-2.517412E-1
1.091090E1	2.438306E1	-2.594731E-1
1.092758E1	2.443485E1	-2.624245E-1
1.094427E1	2.449894E1	-2.665805E-1
1.096095E1	2.455330E1	-2.563318E-1
1.097763E1	2.460006E1	-2.657604E-1
1.099432E1	2.464140E1	-2.795745E-1
1.101100E1	2.468769E1	-2.756115E-1
1.102768E1	2.472901E1	-2.868598E-1
1.104437E1	2.477188E1	-2.829408E-1
1.106105E1	2.479908E1	-2.978146E-1
1.107773E1	2.483916E1	-2.902558E-1
1.109442E1	2.487339E1	-2.963199E-1
1.111110E1	2.491171E1	-2.903410E-1
1.112778E1	2.493852E1	-2.957051E-1
1.114447E1	2.497095E1	-2.922717E-1
1.116115E1	2.498636E1	-2.804387E-1
1.117783E1	2.499651E1	-2.885404E-1
1.119452E1	2.502686E1	-2.814821E-1
1.121120E1	2.503881E1	-2.771468E-1
1.122788E1	2.504219E1	-2.748473E-1
1.124457E1	2.504970E1	-2.786149E-1
1.126125E1	2.506108E1	-2.803618E-1
1.127793E1	2.508362E1	-2.919231E-1
1.129462E1	2.512107E1	-2.889126E-1
1.131130E1	2.515687E1	-3.017173E-1
1.132798E1	2.522795E1	-3.208829E-1
1.134467E1	2.527164E1	-3.257752E-1
1.136135E1	2.531028E1	-3.463813E-1
1.137803E1	2.536968E1	-3.517955E-1
1.139472E1	2.542586E1	-3.553055E-1
1.141140E1	2.548847E1	-3.421985E-1
1.142808E1	2.553502E1	-3.468369E-1
1.144477E1	2.560395E1	-3.471299E-1
1.146145E1	2.567296E1	-3.465799E-1
1.147813E1	2.574882E1	-3.350883E-1
1.149482E1	2.581952E1	-3.407699E-1
1.151150E1	2.589550E1	-3.412794E-1
1.152818E1	2.597107E1	-3.439126E-1
1.154487E1	2.604549E1	-3.409256E-1
1.156155E1	2.611374E1	-3.328740E-1
1.157823E1	2.617973E1	-3.260778E-1
1.159492E1	2.623590E1	-3.129605E-1
1.161160E1	2.628919E1	-2.868187E-1
1.162828E1	2.634291E1	-2.766109E-1
1.164497E1	2.641272E1	-2.689450E-1
1.166165E1	2.648282E1	-2.564609E-1
1.167833E1	2.652906E1	-2.593541E-1
1.169502E1	2.657614E1	-2.552230E-1
1.171170E1	2.661211E1	-2.478421E-1
1.172838E1	2.665458E1	-2.496509E-1
1.174507E1	2.668140E1	-2.359335E-1
1.176175E1	2.671679E1	-2.108162E-1
1.177843E1	2.675564E1	-1.970309E-1
1.179512E1	2.679363E1	-1.948068E-1
1.181180E1	2.684668E1	-1.985607E-1
1.182848E1	2.689872E1	-1.856914E-1
1.184517E1	2.694231E1	-1.849244E-1
1.186185E1	2.699703E1	-1.864934E-1
1.187853E1	2.704562E1	-1.774936E-1
1.189522E1	2.709734E1	-1.820093E-1
1.191190E1	2.714975E1	-1.908045E-1
1.192858E1	2.720878E1	-1.918403E-1
1.194527E1	2.726559E1	-1.939453E-1
1.196195E1	2.733062E1	-1.794278E-1
1.197863E1	2.737128E1	-1.924899E-1
1.199532E1	2.741412E1	-2.076235E-1
1.201200E1	2.745382E1	-2.050278E-1
1.202868E1	2.749894E1	-2.150880E-1
1.204537E1	2.753533E1	-2.122200E-1
1.206205E1	2.757863E1	-2.202273E-1
1.207873E1	2.761818E1	-2.298506E-1
1.209542E1	2.766722E1	-2.153161E-1
1.211210E1	2.769470E1	-2.286572E-1
1.212878E1	2.774162E1	-2.174087E-1
1.214547E1	2.776380E1	-2.213038E-1
1.216215E1	2.780702E1	-2.120020E-1
1.217883E1	2.782774E1	-2.087480E-1
1.219552E1	2.784162E1	-2.103339E-1
1.221220E1	2.787078E1	-2.058469E-1
1.222888E1	2.788182E1	-2.063668E-1
1.224557E1	2.789069E1	-2.071977E-1
1.226225E1	2.790464E1	-2.184945E-1
1.227893E1	2.794682E1	-2.137875E-1
1.229562E1	2.798060E1	-2.262569E-1
1.231230E1	2.803297E1	-2.276813E-1
1.232898E1	2.807278E1	-2.372087E-1
1.234567E1	2.813144E1	-2.498325E-1
1.236235E1	2.818122E1	-2.628859E-1
1.237903E1	2.822903E1	-2.726207E-1
1.239572E1	2.828475E1	-2.804465E-1
1.241240E1	2.834445E1	-2.844868E-1
1.242908E1	2.840517E1	-2.837252E-1
1.244577E1	2.849037E1	-2.803598E-1
1.246245E1	2.856300E1	-2.796354E-1
1.247913E1	2.864136E1	-2.799064E-1
1.249582E1	2.871621E1	-2.796718E-1
1.251250E1	2.879177E1	-2.786124E-1
1.252918E1	2.886966E1	-2.761459E-1
1.254587E1	2.894491E1	-2.745330E-1
1.256255E1	2.901029E1	-2.685859E-1
1.257923E1	2.907261E1	-2.617854E-1
1.259592E1	2.913851E1	-2.511675E-1
1.261260E1	2.919620E1	-2.488122E-1
1.262928E1	2.925619E1	-2.556105E-1
1.264597E1	2.932259E1	-2.565488E-1
1.266265E1	2.938646E1	-2.451365E-1
1.267933E1	2.943478E1	-2.515986E-1
1.269602E1	2.947425E1	-2.495729E-1
1.271270E1	2.951210E1	-2.423811E-1
1.272938E1	2.953941E1	-2.211411E-1
1.274607E1	2.958402E1	-1.960249E-1
1.276275E1	2.962059E1	-1.937941E-1
1.277943E1	2.966065E1	-1.843890E-1
1.279612E1	2.970245E1	-1.914350E-1
1.281280E1	2.975515E1	-1.927570E-1
1.282948E1	2.980969E1	-1.804706E-1
1.284617E1	2.985389E1	-1.811677E-1
1.286285E1	2.991424E1	-1.849294E-1
1.287953E1	2.995833E1	-1.955729E-1
1.289622E1	3.002482E1	-1.768666E-1
1.291290E1	3.007424E1	-1.873742E-1
1.292958E1	3.012824E1	-1.941346E-1
1.294627E1	3.019153E1	-1.975166E-1
1.296295E1	3.023981E1	-1.861533E-1
1.297963E1	3.028278E1	-1.980479E-1
1.299632E1	3.033108E1	-2.091007E-1
1.301300E1	3.037395E1	-2.058042E-1
1.302968E1	3.041685E1	-2.175730E-1
1.304637E1	3.046730E1	-2.301213E-1
1.306305E1	3.051733E1	-2.164811E-1
1.307973E1	3.055044E1	-2.324543E-1
1.309642E1	3.060364E1	-2.332966E-1
1.311310E1	3.064826E1	-2.221294E-1
1.312978E1	3.068039E1	-2.254210E-1
1.314647E1	3.071873E1	-2.196714E-1
1.316315E1	3.074957E1	-2.183561E-1
1.317983E1	3.078228E1	-2.117252E-1
1.319652E1	3.080036E1	-2.071896E-1
1.321320E1	3.082334E1	-2.129788E-1
1.322988E1	3.084925E1	-2.117001E-1
1.324657E1	3.086203E1	-2.127057E-1
1.326325E1	3.087762E1	-2.145106E-1
1.327993E1	3.090667E1	-2.244596E-1
1.329662E1	3.093709E1	-2.257542E-1
1.331330E1	3.098380E1	-2.323081E-1
1.332998E1	3.103941E1	-2.460130E-1
1.334667E1	3.108260E1	-2.589017E-1
1.336335E1	3.112857E1	-2.761111E-1
1.338003E1	3.117646E1	-2.809427E-1
1.339672E1	3.123086E1	-2.775260E-1
1.341340E1	3.128367E1	-2.778586E-1
1.343008E1	3.133719E1	-2.790466E-1
1.344677E1	3.140330E1	-2.801040E-1
1.346345E1	3.147494E1	-2.796032E-1
1.348013E1	3.154822E1	-2.778406E-1
1.349682E1	3.161912E1	-2.757618E-1
1.351350E1	3.169272E1	-2.741171E-1
1.353018E1	3.176401E1	-2.745120E-1
1.354687E1	3.183360E1	-2.683138E-1
1.356355E1	3.190211E1	-2.633241E-1
1.358023E1	3.197053E1	-2.573897E-1
1.359692E1	3.203174E1	-2.564306E-1
1.361360E1	3.208124E1	-2.464871E-1
1.363028E1	3.212164E1	-2.470138E-1
1.364697E1	3.217205E1	-2.582287E-1
1.366365E1	3.220586E1	-2.432688E-1
1.368033E1	3.224722E1	-2.214941E-1
1.369702E1	3.228633E1	-1.979349E-1
1.371370E1	3.231509E1	-1.963525E-1
1.373038E1	3.235201E1	-1.766735E-1
1.374707E1	3.237466E1	-1.860472E-1
1.376375E1	3.241773E1	-1.739637E-1
1.378043E1	3.244830E1	-1.828209E-1
1.379712E1	3.249228E1	-1.817453E-1
1.381380E1	3.252287E1	-1.868044E-1
1.383048E1	3.258045E1	-1.785200E-1
1.384717E1	3.261203E1	-1.789960E-1
1.386385E1	3.266462E1	-1.848905E-1
1.388053E1	3.269199E1	-1.714142E-1
1.389722E1	3.274956E1	-1.515989E-1
1.391390E1	3.280649E1	-1.428704E-1
1.393058E1	3.285950E1	-1.230616E-1
1.394727E1	3.290545E1	-1.290218E-1
1.396395E1	3.295678E1	-1.313439E-1
1.398063E1	3.300143E1	-1.258337E-1
1.399732E1	3.304334E1	-1.344613E-1
1.401400E1	3.307892E1	-1.310481E-1
1.403068E1	3.310965E1	-1.460079E-1
1.404737E1	3.315173E1	-1.548083E-1
1.406405E1	3.320303E1	-1.490814E-1
1.408073E1	3.324199E1	-1.620274E-1
1.409742E1	3.328556E1	-1.538585E-1
1.411410E1	3.332079E1	-1.591549E-1
1.413078E1	3.335787E1	-1.506741E-1
1.414747E1	3.338641E1	-1.519104E-1
1.416415E1	3.341122E1	-1.461801E-1
1.418083E1	3.342845E1	-1.393144E-1
1.419752E1	3.344089E1	-1.447000E-1
1.421420E1	3.347145E1	-1.400507E-1
1.423088E1	3.348828E1	-1.399615E-1
1.424757E1	3.349562E1	-1.470446E-1
1.426425E1	3.351281E1	-1.566055E-1
1.428093E1	3.354706E1	-1.523638E-1
1.429762E1	3.358496E1	-1.587156E-1
1.431430E1	3.362212E1	-1.627575E-1
1.433098E1	3.365796E1	-1.727721E-1
1.434767E1	3.370554E1	-1.710190E-1
1.436435E1	3.374594E1	-1.720917E-1
1.438103E1	3.378412E1	-1.635945E-1
1.439772E1	3.382529E1	-1.649803E-1
1.441440E1	3.387493E1	-1.548198E-1
1.443108E1	3.394191E1	-1.464118E-1
1.444777E1	3.400405E1	-1.437308E-1
1.446445E1	3.407004E1	-1.408074E-1
1.448113E1	3.412062E1	-1.396015E-1
1.449782E1	3.418700E1	-1.367666E-1
1.451450E1	3.424397E1	-1.339325E-1
1.453118E1	3.431532E1	-1.356467E-1
1.454787E1	3.438235E1	-1.344681E-1
1.456455E1	3.444277E1	-1.310607E-1
1.458123E1	3.450180E1	-1.244236E-1
1.459792E1	3.455091E1	-1.211937E-1
1.461460E1	3.458226E1	-1.141395E-1
1.463128E1	3.461990E1	-1.120160E-1
1.464797E1	3.464965E1	-1.141314E-1
1.466465E1	3.468731E1	-1.145337E-1
1.468133E1	3.471276E1	-1.134308E-1
1.469802E1	3.475194E1	-1.130400E-1
1.471470E1	3.477195E1	-1.091931E-1
1.473138E1	3.478235E1	-1.091168E-1
1.474807E1	3.481009E1	-9.986308E-2
1.476475E1	3.483009E1	-6.647833E-2
1.478143E1	3.485041E1	-5.472332E-2
1.479812E1	3.486670E1	-5.366504E-2
1.481480E1	3.490892E1	-5.066639E-2
1.483148E1	3.494261E1	-4.829484E-2
1.484817E1	3.498571E1	-3.418755E-2
1.486485E1	3.501423E1	-4.258786E-2
1.488153E1	3.504834E1	-2.993325E-2
1.489822E1	3.508678E1	-1.799323E-2
1.491490E1	3.514249E1	-9.534546E-3
1.493158E1	3.519551E1	5.683862E-3
1.494827E1	3.523728E1	6.801934E-3
1.496495E1	3.528071E1	4.344635E-3
1.498163E1	3.532502E1	6.091921E-3
1.499832E1	3.535759E1	-3.906484E-3
1.501500E1	3.540491E1	4.148076E-3
1.503168E1	3.543789E1	-9.428304E-3
1.504837E1	3.547877E1	-9.357353E-3
1.506505E1	3.550292E1	-2.178560E-2
1.508173E1	3.555078E1	-1.722805E-2
1.509842E1	3.558248E1	-2.741859E-2
1.511510E1	3.562665E1	-1.731891E-2
1.513178E1	3.565249E1	-2.225529E-2
1.514847E1	3.568671E1	-8.954205E-3
1.516515E1	3.570100E1	-2.939672E-3
1.518183E1	3.570756E1	-1.322495E-2
1.519852E1	3.573149E1	-3.254418E-3
1.521520E1	3.575043E1	7.042431E-4
1.523188E1	3.575806E1	1.144659E-3
1.524857E1	3.576426E1	-4.340543E-3
1.526525E1	3.577110E1	-3.725325E-3
1.528193E1	3.579108E1	-1.623627E-2
1.529862E1	3.583226E1	-1.484339E-2
1.531530E1	3.586366E1	-2.651563E-2
1.533198E1	3.589981E1	-2.452303E-2
1.534867E1	3.593258E1	-3.067938E-2
1.536535E1	3.597310E1	-2.362034E-2
1.538203E1	3.601197E1	-1.807757E-2
1.539872E1	3.605259E1	-8.757890E-3
1.541540E1	3.609686E1	-6.059521E-3
1.543208E1	3.614442E1	-2.590501E-3
1.544877E1	3.621140E1	-2.850682E-4
1.546545E1	3.627438E1	1.426067E-3
1.548213E1	3.634048E1	7.856685E-3
1.549882E1	3.640074E1	4.768779E-3
1.551550E1	3.645248E1	5.110061E-3
1.553218E1	3.651190E1	4.416469E-3
1.554887E1	3.658406E1	3.091297E-3
1.556555E1	3.664527E1	6.208145E-3
1.558223E1	3.670870E1	1.272109E-2
1.559892E1	3.675335E1	1.769885E-2
1.561560E1	3.678019E1	1.773255E-2
1.563228E1	3.682316E1	2.297162E-2
1.564897E1	3.685086E1	1.566080E-2
1.566565E1	3.688771E1	1.894225E-2
1.568233E1	3.691601E1	1.162065E-2
1.569902E1	3.695146E1	1.224033E-2
1.571570E1	3.697090E1	2.149490E-2
1.573238E1	3.698653E1	2.061867E-2
1.574907E1	3.701748E1	2.877655E-2
1.576575E1	3.703452E1	2.707718E-2
1.578243E1	3.704954E1	2.976975E-2
1.579912E1	3.706597E1	1.845226E-2
1.581580E1	3.710929E1	2.048895E-2
1.583248E1	3.714225E1	1.765918E-2
1.584917E1	3.719286E1	1.648449E-2
1.586585E1	3.723809E1	2.377057E-2
1.588253E1	3.727923E1	1.928988E-2
1.589922E1	3.733267E1	2.391178E-2
1.591590E1	3.736963E1	1.619201E-2
1.593258E1	3.742427E1	1.324212E-2
1.594927E1	3.747807E1	1.282815E-2
1.596595E1	3.753689E1	1.901222E-2
1.598263E1	3.756851E1	1.037116E-2
1.599932E1	3.761809E1	7.381938E-3
1.601600E1	3.764488E1	-2.788071E-3
1.603268E1	3.768864E1	-2.848062E-3
1.604937E1	3.772347E1	-1.507479E-2
1.606605E1	3.775969E1	-1.027862E-2
1.608273E1	3.779711E1	-2.238560E-2
1.609942E1	3.784231E1	-2.811601E-2
1.611610E1	3.788893E1	-1.709187E-2
1.613278E1	3.792602E1	-2.497281E-2
1.614947E1	3.796476E1	-1.121958E-2
1.616615E1	3.799247E1	-1.947103E-2
1.618283E1	3.802107E1	-8.142259E-3
1.619952E1	3.803965E1	-1.754734E-3
1.621620E1	3.804326E1	1.790279E-3
1.623288E1	3.804951E1	-8.044652E-3
1.624957E1	3.808277E1	-9.772591E-3
1.626625E1	3.810479E1	-6.846633E-3
1.628293E1	3.812810E1	-1.692014E-2
1.629962E1	3.816766E1	-1.350574E-2
1.631630E1	3.819780E1	-2.734053E-2
1.633298E1	3.826431E1	-3.946608E-2
1.634967E1	3.830308E1	-5.974170E-2
1.636635E1	3.834555E1	-7.475007E-2
1.638303E1	3.838958E1	-7.270705E-2
1.639972E1	3.842778E1	-7.810044E-2
1.641640E1	3.848128E1	-7.728356E-2
1.643308E1	3.853421E1	-7.257781E-2
1.644977E1	3.858708E1	-7.256493E-2
1.646645E1	3.864229E1	-7.091840E-2
1.648313E1	3.870240E1	-6.872095E-2
1.649982E1	3.876816E1	-6.976601E-2
1.651650E1	3.883536E1	-6.839923E-2
1.653318E1	3.890642E1	-7.174712E-2
1.654987E1	3.897454E1	-6.741015E-2
1.656655E1	3.903216E1	-5.973870E-2
1.658323E1	3.907191E1	-5.518926E-2
1.659992E1	3.911885E1	-5.297669E-2
1.661660E1	3.915033E1	-4.835014E-2
1.663328E1	3.917402E1	-4.715938E-2
1.664997E1	3.919609E1	-5.053465E-2
1.666665E1	3.922903E1	-4.708681E-2
1.668333E1	3.924913E1	-4.278028E-2
1.670002E1	3.926363E1	-4.221175E-2
1.671670E1	3.929012E1	-3.924417E-2
1.673338E1	3.930267E1	-3.218355E-2
1.675007E1	3.931170E1	-3.588591E-2
1.676675E1	3.931836E1	-3.241410E-2
1.678343E1	3.933162E1	-3.819982E-2
1.680012E1	3.936570E1	-4.333173E-2
1.681680E1	3.940266E1	-4.653380E-2
1.683348E1	3.943900E1	-3.878386E-2
1.685017E1	3.947786E1	-4.444866E-2
1.686685E1	3.952112E1	-3.486152E-2
1.688353E1	3.955814E1	-4.611032E-2
1.690022E1	3.959844E1	-3.938584E-2
1.691690E1	3.964259E1	-5.233676E-2
1.693358E1	3.969436E1	-5.651635E-2
1.695027E1	3.974111E1	-4.770645E-2
1.696695E1	3.977663E1	-5.795238E-2
1.698363E1	3.982055E1	-6.271716E-2
1.700032E1	3.986875E1	-6.453561E-2
1.701700E1	3.990348E1	-7.336109E-2
1.703368E1	3.994743E1	-7.436836E-2
1.705037E1	3.998891E1	-8.859684E-2
1.706705E1	4.002150E1	-8.249889E-2
1.708373E1	4.006645E1	-9.568049E-2
1.710042E1	4.012335E1	-1.045594E-1
1.711710E1	4.016889E1	-1.150286E-1
1.713378E1	4.020583E1	-1.320570E-1
1.715047E1	4.023992E1	-1.335490E-1
1.716715E1	4.026346E1	-1.391235E-1
1.718383E1	4.029206E1	-1.328419E-1
1.720052E1	4.031721E1	-1.352862E-1
1.721720E1	4.035285E1	-1.328115E-1
1.723388E1	4.036703E1	-1.353337E-1
1.725057E1	4.037253E1	-1.402313E-1
1.726725E1	4.039145E1	-1.504855E-1
1.728393E1	4.043329E1	-1.488025E-1
1.730062E1	4.047107E1	-1.536753E-1
1.731730E1	4.051572E1	-1.550553E-1
1.733398E1	4.055180E1	-1.635508E-1
1.735067E1	4.058608E1	-1.605010E-1
1.736735E1	4.062017E1	-1.678569E-1
1.738403E1	4.066593E1	-1.567464E-1
1.740072E1	4.069946E1	-1.554112E-1
1.741740E1	4.074182E1	-1.552045E-1
1.743408E1	4.080334E1	-1.455423E-1
1.745077E1	4.084936E1	-1.450037E-1
1.746745E1	4.090444E1	-1.433332E-1
1.748413E1	4.097006E1	-1.424322E-1
1.750082E1	4.102869E1	-1.426837E-1
1.751750E1	4.109780E1	-1.407256E-1
1.753418E1	4.115581E1	-1.347211E-1
1.755087E1	4.120880E1	-1.324770E-1
1.756755E1	4.125394E1	-1.296462E-1
1.758423E1	4.129779E1	-1.223250E-1
1.760092E1	4.132423E1	-1.206217E-1
1.761760E1	4.135520E1	-1.115030E-1
1.763428E1	4.137142E1	-1.068951E-1
1.765097E1	4.138269E1	-1.116520E-1
1.766765E1	4.141324E1	-1.075320E-1
1.768433E1	4.142652E1	-1.039942E-1
1.770102E1	4.142985E1	-1.054006E-1
1.771770E1	4.142926E1	-9.993285E-2
1.773438E1	4.143026E1	-6.444794E-2
1.775107E1	4.143355E1	-4.811494E-2
1.776775E1	4.143543E1	-4.634412E-2
1.778443E1	4.144412E1	-4.399253E-2
1.780112E1	4.146303E1	-4.978423E-2
1.781780E1	4.150025E1	-4.749577E-2
1.783448E1	4.153080E1	-5.177511E-2
1.785117E1	4.156904E1	-3.688762E-2
1.786785E1	4.159817E1	-4.585953E-2
1.788453E1	4.164305E1	-3.512593E-2
1.790122E1	4.167657E1	-4.968546E-2
1.791790E1	4.172566E1	-4.026306E-2
1.793458E1	4.175892E1	-5.058684E-2
1.795127E1	4.180749E1	-5.755466E-2
1.796795E1	4.185263E1	-4.636828E-2
1.798463E1	4.189093E1	-6.046857E-2
1.800132E1	4.192976E1	-6.269013E-2
1.801800E1	4.196537E1	-7.328615E-2
1.803468E1	4.199685E1	-7.386989E-2
1.805137E1	4.204101E1	-8.654137E-2
1.806805E1	4.208050E1	-7.936506E-2
1.808473E1	4.211194E1	-9.445213E-2
1.810142E1	4.215452E1	-8.443660E-2
1.811810E1	4.219663E1	-9.236984E-2
1.813478E1	4.222999E1	-8.996679E-2
1.815147E1	4.227720E1	-7.772410E-2
1.816815E1	4.230507E1	-7.531998E-2
1.818483E1	4.234746E1	-6.705546E-2
1.820152E1	4.236119E1	-5.848422E-2
1.821820E1	4.237624E1	-6.267219E-2
1.823488E1	4.240568E1	-6.320049E-2
1.825157E1	4.241536E1	-6.511678E-2
1.826825E1	4.243113E1	-6.971674E-2
1.828493E1	4.245318E1	-7.941455E-2
1.830162E1	4.249548E1	-7.921060E-2
1.831830E1	4.252438E1	-9.343723E-2
1.833498E1	4.256544E1	-8.896532E-2
1.835167E1	4.259816E1	-9.988840E-2
1.836835E1	4.264066E1	-9.082510E-2
1.838503E1	4.267355E1	-9.504274E-2
1.840172E1	4.271299E1	-8.079809E-2
1.841840E1	4.275125E1	-8.210572E-2
1.843508E1	4.279601E1	-7.770344E-2
1.845177E1	4.285764E1	-6.959571E-2
1.846845E1	4.290471E1	-6.953316E-2
1.848513E1	4.295363E1	-6.813973E-2
1.850182E1	4.301724E1	-6.789512E-2
1.851850E1	4.307478E1	-6.034078E-2
1.853518E1	4.311891E1	-6.429870E-2
1.855187E1	4.316356E1	-6.443126E-2
1.856855E1	4.321107E1	-5.492614E-2
1.858523E1	4.324332E1	-5.189574E-2
1.860192E1	4.327719E1	-4.702288E-2
1.861860E1	4.328652E1	-4.069564E-2
1.863528E1	4.329464E1	-4.262890E-2
1.865197E1	4.331987E1	-4.040056E-2
1.866865E1	4.333709E1	-3.422586E-2
1.868533E1	4.334009E1	-3.474635E-2
1.870202E1	4.334774E1	-3.275572E-2
1.871870E1	4.334229E1	-3.263247E-2
1.873538E1	4.333323E1	-2.583100E-2
1.875207E1	4.333815E1	3.011068E-3
1.876875E1	4.334413E1	1.399653E-2
1.878543E1	4.335278E1	2.026782E-2
1.880212E1	4.336101E1	2.164825E-2
1.881880E1	4.338257E1	1.333902E-2
1.883548E1	4.342267E1	1.997026E-2
1.885217E1	4.345320E1	1.561117E-2
1.886885E1	4.349087E1	2.735760E-2
1.888553E1	4.352071E1	1.947190E-2
1.890222E1	4.356349E1	2.768195E-2
1.891890E1	4.359720E1	1.484197E-2
1.893558E1	4.364933E1	1.077697E-2
1.895227E1	4.369718E1	2.085874E-2
1.896895E1	4.373451E1	1.209304E-2
1.898563E1	4.377322E1	1.467421E-2
1.900232E1	4.380434E1	9.636201E-4
1.901900E1	4.384384E1	3.595739E-5
1.903568E1	4.388252E1	-1.516271E-2
1.905237E1	4.392298E1	-8.392759E-3
1.906905E1	4.396843E1	-1.770178E-2
1.908573E1	4.399903E1	-1.395228E-2
1.910242E1	4.404361E1	-1.730974E-2
1.911910E1	4.408605E1	-2.615012E-2
1.913578E1	4.413717E1	-1.173994E-2
1.915247E1	4.416542E1	-1.083732E-2
1.916915E1	4.420869E1	-1.508790E-3
1.918583E1	4.422789E1	-2.410219E-3
1.920252E1	4.426226E1	6.084432E-3
1.921920E1	4.427502E1	8.794915E-3
1.923588E1	4.428388E1	8.499722E-3
1.925257E1	4.428540E1	-9.418104E-4
1.926925E1	4.433136E1	-1.676694E-3
1.928593E1	4.435678E1	-9.999485E-3
1.930262E1	4.439578E1	-1.162111E-2
1.931930E1	4.443028E1	-2.172087E-2
1.933598E1	4.447751E1	-1.941090E-2
1.935267E1	4.451056E1	-2.762829E-2
1.936935E1	4.455242E1	-1.858847E-2
1.938603E1	4.458555E1	-1.993117E-2
1.940272E1	4.462668E1	-8.911173E-3
1.941940E1	4.466103E1	-9.858322E-3
1.943608E1	4.470278E1	-2.801273E-3
1.945277E1	4.474766E1	-3.528924E-3
1.946945E1	4.479634E1	-3.508500E-3
1.948613E1	4.485229E1	6.319073E-3
1.950282E1	4.489812E1	4.419078E-3
1.951950E1	4.494629E1	3.541892E-3
1.953618E1	4.499541E1	-1.066998E-4
1.955287E1	4.505305E1	1.036310E-2
1.956955E1	4.508885E1	2.515343E-3
1.958623E1	4.513114E1	1.399209E-2
1.960292E1	4.514629E1	1.688881E-2
1.961960E1	4.517428E1	1.949833E-2
1.963628E1	4.517732E1	2.243927E-2
1.965297E1	4.518825E1	2.553981E-2
1.966965E1	4.519480E1	2.400419E-2
1.968633E1	4.519148E1	2.508328E-2
1.970302E1	4.518770E1	2.017223E-2
1.971970E1	4.518270E1	2.326554E-2
1.973638E1	4.518405E1	2.686992E-2
1.975307E1	4.518489E1	2.980957E-2
1.976975E1	4.519196E1	2.585190E-2
1.978643E1	4.519434E1	2.690503E-2
1.980312E1	4.520415E1	2.406335E-2
1.981980E1	4.521898E1	1.487917E-2
1.983648E1	4.525615E1	2.022764E-2
1.985317E1	4.528518E1	1.479822E-2
1.986985E1	4.532668E1	2.527117E-2
1.988653E1	4.535602E1	1.642075E-2
1.990322E1	4.539710E1	2.215669E-2
1.991990E1	4.544239E1	1.450703E-2
1.993658E1	4.547962E1	2.020336E-2
1.995327E1	4.552163E1	1.508432E-2
1.996995E1	4.556330E1	6.883301E-3
1.998663E1	4.560710E1	1.227751E-2
2.000332E1	4.563333E1	-5.327228E-3
2.002000E1	4.567898E1	-1.838393E-3
2.003668E1	4.571439E1	-1.751475E-2
2.005337E1	4.575911E1	-9.611338E-3
2.007005E1	4.579266E1	-2.263329E-2
2.008673E1	4.583281E1	-1.677833E-2
2.010342E1	4.588015E1	-2.721258E-2
2.012010E1	4.592492E1	-2.519693E-2
2.013678E1	4.597059E1	-1.733513E-2
2.015347E1	4.600366E1	-1.419776E-2
2.017015E1	4.604542E1	-4.079414E-3
2.018683E1	4.606443E1	-5.782636E-3
2.020352E1	4.609850E1	6.480784E-4
2.022020E1	4.611544E1	5.171708E-3
2.023688E1	4.612337E1	4.819819E-3
2.025357E1	4.612474E1	-4.148278E-4
2.027025E1	4.613612E1	-1.040578E-2
2.028693E1	4.617816E1	-1.061341E-2
2.030362E1	4.619832E1	-7.213170E-3
2.032030E1	4.621579E1	-1.816847E-2
2.033698E1	4.622656E1	-1.067332E-2
2.035367E1	4.628815E1	-2.422665E-2
2.037035E1	4.631680E1	-2.072321E-2
2.038703E1	4.633504E1	-1.122421E-2
2.040372E1	4.636157E1	-1.177523E-2
2.042040E1	4.640009E1	-4.487467E-3
2.043708E1	4.643704E1	-7.245654E-3
2.045377E1	4.647743E1	3.228975E-3
2.047045E1	4.651298E1	3.103707E-3
2.048713E1	4.655580E1	-1.635507E-4
2.050382E1	4.660624E1	6.491700E-3
2.052050E1	4.664300E1	5.315636E-3
2.053718E1	4.668165E1	6.127811E-3
2.055387E1	4.671827E1	4.600898E-3
2.057055E1	4.675165E1	1.315362E-2
2.058723E1	4.677068E1	1.042669E-2
2.060392E1	4.679510E1	1.630609E-2
2.062060E1	4.680204E1	2.632242E-2
2.063728E1	4.680443E1	2.910492E-2
2.065397E1	4.680449E1	2.912501E-2
2.067065E1	4.680718E1	3.233639E-2
2.068733E1	4.680040E1	2.911713E-2
2.070402E1	4.680081E1	2.470517E-2
2.072070E1	4.680302E1	2.905380E-2
2.073738E1	4.679924E1	3.165017E-2
2.075407E1	4.679937E1	3.427529E-2
2.077075E1	4.680150E1	3.780719E-2
2.078743E1	4.680642E1	3.544003E-2
2.080412E1	4.680895E1	3.251822E-2
2.082080E1	4.682081E1	3.686445E-2
2.083748E1	4.681917E1	4.508714E-2
2.085417E1	4.683418E1	7.860033E-2
2.087085E1	4.685444E1	7.610817E-2
2.088753E1	4.688946E1	9.168200E-2
2.090422E1	4.691863E1	8.314195E-2
2.092090E1	4.695776E1	9.277466E-2
2.093758E1	4.698733E1	8.095631E-2
2.095427E1	4.703344E1	9.821393E-2
2.097095E1	4.706490E1	8.708110E-2
2.098763E1	4.709351E1	8.951412E-2
2.100432E1	4.712117E1	9.094407E-2
2.102100E1	4.714423E1	7.599291E-2
2.103768E1	4.717054E1	6.990673E-2
2.105437E1	4.719807E1	5.750104E-2
2.107105E1	4.725037E1	6.279484E-2
2.108773E1	4.727893E1	5.400559E-2
2.110442E1	4.732825E1	5.965180E-2
2.112110E1	4.736485E1	4.912319E-2
2.113778E1	4.739946E1	6.210740E-2
2.115447E1	4.742833E1	6.050472E-2
2.117115E1	4.746344E1	6.902310E-2
2.118783E1	4.748721E1	6.628703E-2
2.120452E1	4.751519E1	7.128877E-2
2.122120E1	4.753162E1	7.645473E-2
2.123788E1	4.753156E1	7.667299E-2
2.125457E1	4.753941E1	7.405342E-2
2.127125E1	4.755286E1	6.182921E-2
2.128793E1	4.759595E1	5.861241E-2
2.130462E1	4.762310E1	4.825735E-2
2.132130E1	4.765580E1	5.118957E-2
2.133798E1	4.767438E1	5.262863E-2
2.135467E1	4.771118E1	3.398729E-2
2.137135E1	4.774097E1	1.920404E-2
2.138803E1	4.776573E1	3.673143E-3
2.140472E1	4.779946E1	8.967059E-3
2.142140E1	4.783284E1	1.860326E-3
2.143808E1	4.786962E1	6.201807E-3
2.145477E1	4.790990E1	2.337868E-3
2.147145E1	4.795403E1	1.267937E-2
2.148813E1	4.798848E1	6.197113E-3
2.150482E1	4.803760E1	1.326149E-2
2.152150E1	4.806670E1	7.345816E-3
2.153818E1	4.810774E1	1.649896E-2
2.155487E1	4.813069E1	8.328248E-3
2.157155E1	4.816601E1	2.027800E-2
2.158823E1	4.818146E1	2.584307E-2
2.160492E1	4.817758E1	2.971798E-2
2.162160E1	4.816449E1	3.482530E-2
2.163828E1	4.816115E1	3.190727E-2
2.165497E1	4.815474E1	2.809584E-2
2.167165E1	4.814536E1	2.884102E-2
2.168833E1	4.814815E1	2.302613E-2
2.170502E1	4.814840E1	1.996498E-2
2.172170E1	4.814498E1	2.553566E-2
2.173838E1	4.814410E1	3.204940E-2
2.175507E1	4.814477E1	3.269073E-2
2.177175E1	4.814591E1	2.946787E-2
2.178843E1	4.814985E1	2.605288E-2
2.180512E1	4.815638E1	2.804925E-2
2.182180E1	4.816581E1	3.197672E-2
2.183848E1	4.818178E1	3.174964E-2
2.185517E1	4.819573E1	2.611281E-2
2.187185E1	4.823105E1	3.151655E-2
2.188853E1	4.823257E1	4.210905E-2
2.190522E1	4.826440E1	4.632529E-2
2.192190E1	4.830797E1	7.461092E-2
2.193858E1	4.834797E1	7.296607E-2
2.195527E1	4.837943E1	8.243503E-2
2.197195E1	4.842602E1	7.800959E-2
2.198863E1	4.845132E1	8.404147E-2
2.200532E1	4.847787E1	6.755799E-2
2.202200E1	4.851766E1	7.177650E-2
2.203868E1	4.853612E1	7.025821E-2
2.205537E1	4.856833E1	5.341823E-2
2.207205E1	4.860517E1	5.878379E-2
2.208873E1	4.863888E1	4.957605E-2
2.210542E1	4.868188E1	5.836393E-2
2.212210E1	4.872707E1	5.559332E-2
2.213878E1	4.875928E1	5.225753E-2
2.215547E1	4.880727E1	6.502294E-2
2.217215E1	4.884166E1	6.255179E-2
2.218883E1	4.887551E1	7.206956E-2
2.220552E1	4.889797E1	7.251026E-2
2.222220E1	4.893140E1	7.365564E-2
2.223888E1	4.894447E1	7.606776E-2
2.225557E1	4.895295E1	7.026366E-2
2.227225E1	4.896144E1	7.242976E-2
2.228893E1	4.897731E1	6.320396E-2
2.230562E1	4.902715E1	6.311936E-2
2.232230E1	4.904179E1	4.938731E-2
2.233898E1	4.908650E1	4.923600E-2
2.235567E1	4.910126E1	5.283140E-2
2.237235E1	4.912518E1	4.647952E-2
2.238903E1	4.915952E1	5.536482E-2
2.240572E1	4.918425E1	5.788336E-2
2.242240E1	4.922812E1	6.615834E-2
2.243908E1	4.926028E1	6.498762E-2
2.245577E1	4.930738E1	7.164202E-2
2.247245E1	4.934435E1	7.126792E-2
2.248913E1	4.937780E1	7.486241E-2
2.250582E1	4.942126E1	7.412568E-2
2.252250E1	4.946361E1	6.791096E-2
2.253918E1	4.950504E1	7.140945E-2
2.255587E1	4.953194E1	7.629663E-2
2.257255E1	4.955122E1	7.042728E-2
2.258923E1	4.957855E1	7.762853E-2
2.260592E1	4.958179E1	8.482410E-2
2.262260E1	4.957685E1	8.523736E-2
2.263928E1	4.957065E1	8.685390E-2
2.265597E1	4.956814E1	8.525444E-2
2.267265E1	4.956787E1	8.242271E-2
2.268933E1	4.956624E1	8.538232E-2
2.270602E1	4.956227E1	8.626401E-2
2.272270E1	4.955964E1	8.699347E-2
2.273938E1	4.955142E1	9.009596E-2
2.275607E1	4.955781E1	9.400435E-2
2.277275E1	4.956010E1	9.240482E-2
2.278943E1	4.956410E1	8.942524E-2
2.280612E1	4.957417E1	9.049621E-2
2.282280E1	4.958651E1	9.182967E-2
2.283948E1	4.959733E1	9.236426E-2
2.285617E1	4.961318E1	8.639202E-2
2.287285E1	4.964275E1	9.106516E-2
2.288953E1	4.966576E1	9.703182E-2
2.290622E1	4.968412E1	8.554169E-2
2.292290E1	4.972606E1	8.962643E-2
2.293958E1	4.976034E1	7.866110E-2
2.295627E1	4.979751E1	8.631850E-2
2.297295E1	4.983338E1	7.684845E-2
2.298963E1	4.986585E1	8.489764E-2
2.300632E1	4.989279E1	6.316176E-2
2.302300E1	4.993335E1	7.090715E-2
2.303968E1	4.995437E1	6.929999E-2
2.305637E1	4.998483E1	4.691960E-2
2.307305E1	5.002005E1	5.848478E-2
2.308973E1	5.006425E1	3.653967E-2
2.310642E1	5.009622E1	2.380508E-2
2.312310E1	5.013426E1	9.694895E-4
2.313978E1	5.016971E1	-1.221583E-4
2.315647E1	5.019361E1	-9.938756E-3
2.317315E1	5.022406E1	2.648332E-5
2.318983E1	5.024305E1	2.804685E-3
2.320652E1	5.026009E1	-2.062074E-3
2.322320E1	5.028620E1	2.578438E-3
2.323988E1	5.028870E1	2.736436E-3
2.325657E1	5.029675E1	4.542853E-3
2.327325E1	5.030016E1	5.785418E-3
2.328993E1	5.030924E1	3.520406E-3
2.330662E1	5.032055E1	-6.431246E-3
2.332330E1	5.035380E1	-1.049385E-2
2.333998E1	5.036426E1	-1.194045E-2
2.335667E1	5.037578E1	-1.376298E-2
2.337335E1	5.037921E1	-1.378143E-2
2.339003E1	5.038414E1	-8.816359E-3
2.340672E1	5.039460E1	-1.297418E-2
2.342340E1	5.042351E1	-7.769664E-3
2.344008E1	5.044187E1	-3.217280E-3
2.345677E1	5.046377E1	-5.032833E-3
2.347345E1	5.049779E1	-2.245400E-4
2.349013E1	5.051733E1	2.759522E-3
2.350682E1	5.054706E1	-6.203848E-5
2.352350E1	5.057674E1	2.969172E-3
2.354018E1	5.059213E1	4.473362E-3
2.355687E1	5.059646E1	7.736429E-3
2.357355E1	5.060080E1	3.834258E-3
2.359023E1	5.061593E1	6.086315E-3
2.360692E1	5.061712E1	1.175600E-2
2.362360E1	5.060949E1	8.554876E-3
2.364028E1	5.059239E1	1.991865E-2
2.365697E1	5.056413E1	1.453202E-2
2.367365E1	5.054736E1	1.352195E-2
2.369033E1	5.052999E1	1.298760E-2
2.370702E1	5.051682E1	2.819951E-2
2.372370E1	5.048565E1	2.734105E-2
2.374038E1	5.046017E1	2.414268E-2
2.375707E1	5.043174E1	5.511593E-2
2.377375E1	5.040924E1	6.266127E-2
2.379043E1	5.040654E1	7.397886E-2
2.380712E1	5.040287E1	7.957862E-2
2.382380E1	5.041046E1	8.112003E-2
2.384048E1	5.041883E1	9.093973E-2
2.385717E1	5.042475E1	9.688768E-2
2.387385E1	5.043326E1	1.034009E-1
2.389053E1	5.044146E1	1.085918E-1
2.390722E1	5.044466E1	1.046861E-1
2.392390E1	5.045860E1	8.549166E-2
2.394058E1	5.049077E1	9.019009E-2
2.395727E1	5.051433E1	9.474504E-2
2.397395E1	5.052377E1	1.022117E-1
2.399063E1	5.053295E1	7.935500E-2
2.400732E1	5.056143E1	7.892639E-2
2.402400E1	5.056057E1	7.843660E-2
2.404068E1	5.058735E1	7.014745E-2
2.405737E1	5.059914E1	4.820457E-2
2.407405E1	5.063562E1	5.692827E-2
2.409073E1	5.065106E1	5.865628E-2
2.410742E1	5.066657E1	6.507998E-2
2.412410E1	5.068513E1	4.531975E-2
2.414078E1	5.072035E1	5.888906E-2
2.415747E1	5.072649E1	6.588675E-2
2.417415E1	5.073155E1	6.895734E-2
2.419083E1	5.073166E1	7.371176E-2
2.420752E1	5.072081E1	7.258661E-2
2.422420E1	5.071401E1	7.417119E-2
2.424088E1	5.070481E1	7.094953E-2
2.425757E1	5.070373E1	6.669039E-2
2.427425E1	5.069618E1	6.506005E-2
2.429093E1	5.070091E1	6.617287E-2
2.430762E1	5.070121E1	6.058208E-2
2.432430E1	5.070224E1	5.463041E-2
2.434098E1	5.070231E1	5.073893E-2
2.435767E1	5.070149E1	5.816679E-2
2.437435E1	5.070045E1	5.509803E-2
2.439103E1	5.070244E1	5.995331E-2
2.440772E1	5.070390E1	6.333208E-2
2.442440E1	5.070596E1	6.571543E-2
2.444108E1	5.070737E1	6.960078E-2
2.445777E1	5.071472E1	7.413449E-2
2.447445E1	5.071681E1	8.117229E-2
2.449113E1	5.072164E1	8.140561E-2
2.450782E1	5.072452E1	7.970887E-2
2.452450E1	5.072272E1	8.386053E-2
2.454118E1	5.071818E1	7.973558E-2
2.455787E1	5.071103E1	8.298153E-2
2.457455E1	5.070415E1	8.539429E-2
2.459123E1	5.069384E1	8.971994E-2
2.460792E1	5.067438E1	8.854778E-2
2.462460E1	5.064601E1	1.020120E-1
2.464128E1	5.060638E1	9.691607E-2
2.465797E1	5.057625E1	1.071746E-1
2.467465E1	5.054238E1	9.573799E-2
2.469133E1	5.050127E1	1.090706E-1
2.470802E1	5.045655E1	9.366084E-2
2.472470E1	5.040944E1	1.164777E-1
2.474138E1	5.037103E1	1.529631E-1
2.475807E1	5.033208E1	1.541702E-1
2.477475E1	5.028415E1	1.745496E-1
2.479143E1	5.026382E1	1.650469E-1
2.480812E1	5.025571E1	1.645194E-1
2.482480E1	5.025954E1	1.607523E-1
2.484148E1	5.026346E1	1.653631E-1
2.485817E1	5.026672E1	1.659865E-1
2.487485E1	5.027071E1	1.662828E-1
2.489153E1	5.027606E1	1.627782E-1
2.490822E1	5.028215E1	1.630096E-1
2.492490E1	5.029148E1	1.654139E-1
2.494158E1	5.029861E1	1.694617E-1
2.495827E1	5.029243E1	1.630766E-1
2.497495E1	5.029568E1	1.597309E-1
2.499163E1	5.029341E1	1.536912E-1
2.500832E1	5.029320E1	1.491074E-1
2.502500E1	5.029671E1	1.405889E-1
2.504168E1	5.030266E1	1.356299E-1
2.505837E1	5.030570E1	1.326926E-1
2.507505E1	5.030603E1	1.332952E-1
2.509173E1	5.030865E1	1.335478E-1
2.510842E1	5.031194E1	1.306439E-1
2.512510E1	5.031134E1	1.330566E-1
2.514178E1	5.030406E1	1.362308E-1
2.515847E1	5.029777E1	1.388229E-1
2.517515E1	5.029474E1	1.408210E-1
2.519183E1	5.028402E1	1.408947E-1
2.520852E1	5.027682E1	1.408348E-1
2.522520E1	5.026304E1	1.346540E-1
2.524188E1	5.025181E1	1.321534E-1
2.525857E1	5.025197E1	1.308330E-1
2.527525E1	5.025196E1	1.268343E-1
2.529193E1	5.026217E1	1.241674E-1
2.530862E1	5.025683E1	1.253523E-1
2.532530E1	5.025993E1	1.237647E-1
2.534198E1	5.026207E1	1.258359E-1
2.535867E1	5.026902E1	1.259404E-1
2.537535E1	5.026610E1	1.302142E-1
2.539203E1	5.026139E1	1.316763E-1
2.540872E1	5.026886E1	1.370776E-1
2.542540E1	5.027284E1	1.402834E-1
2.544208E1	5.027645E1	1.462916E-1
2.545877E1	5.027876E1	1.461376E-1
2.547545E1	5.027840E1	1.496578E-1
2.549213E1	5.027757E1	1.504487E-1
2.550882E1	5.027795E1	1.495576E-1
2.552550E1	5.027646E1	1.507810E-1
2.554218E1	5.027174E1	1.507070E-1
2.555887E1	5.025868E1	1.520030E-1
2.557555E1	5.024124E1	1.631029E-1
2.559223E1	5.019966E1	1.634247E-1
2.560892E1	5.015461E1	1.692452E-1
2.562560E1	5.011316E1	1.617081E-1
2.564228E1	5.007174E1	1.677302E-1
2.565897E1	5.003423E1	1.618506E-1
2.567565E1	4.998956E1	1.649538E-1
2.569233E1	4.993584E1	1.692715E-1
2.570902E1	4.987129E1	1.906572E-1
2.572570E1	4.982496E1	1.955502E-1
2.574238E1	4.979314E1	2.304023E-1
2.575907E1	4.975984E1	2.214774E-1
2.577575E1	4.974474E1	2.385200E-1
2.579243E1	4.970717E1	2.281243E-1
2.580912E1	4.969924E1	2.240327E-1
2.582580E1	4.969962E1	2.295542E-1
2.584248E1	4.970062E1	2.327900E-1
2.585917E1	4.970425E1	2.322310E-1
2.587585E1	4.970664E1	2.302320E-1
2.589253E1	4.971327E1	2.324453E-1
2.590922E1	4.971670E1	2.308246E-1
2.592590E1	4.972403E1	2.329000E-1
2.594258E1	4.972889E1	2.310999E-1
2.595927E1	4.972974E1	2.314546E-1
2.597595E1	4.972558E1	2.265391E-1
2.599263E1	4.972965E1	2.197897E-1
2.600932E1	4.973079E1	2.149960E-1
2.602600E1	4.973469E1	2.104533E-1
2.604268E1	4.973517E1	2.077646E-1
2.605937E1	4.974795E1	1.827737E-1
2.607605E1	4.977827E1	1.858248E-1
2.609273E1	4.980040E1	1.958725E-1
2.610942E1	4.983712E1	1.632591E-1
2.612610E1	4.985993E1	1.553933E-1
2.614278E1	4.986978E1	1.511013E-1
2.615947E1	4.987145E1	1.488074E-1
2.617615E1	4.987273E1	1.490905E-1
2.619283E1	4.986780E1	1.461534E-1
2.620952E1	4.985713E1	1.422821E-1
2.622620E1	4.985187E1	1.352224E-1
2.624288E1	4.984814E1	1.314327E-1
2.625957E1	4.984914E1	1.317037E-1
2.627625E1	4.985043E1	1.264428E-1
2.629293E1	4.985197E1	1.198964E-1
2.630962E1	4.985084E1	1.229768E-1
2.632630E1	4.984977E1	1.175899E-1
2.634298E1	4.985136E1	1.186930E-1
2.635967E1	4.985119E1	1.201154E-1
2.637635E1	4.985326E1	1.288562E-1
2.639303E1	4.985232E1	1.271618E-1
2.640972E1	4.985075E1	1.294341E-1
2.642640E1	4.985316E1	1.337479E-1
2.644308E1	4.985477E1	1.378647E-1
2.645977E1	4.986401E1	1.451698E-1
2.647645E1	4.986057E1	1.423170E-1
2.649313E1	4.986233E1	1.433759E-1
2.650982E1	4.986446E1	1.452326E-1
2.652650E1	4.985933E1	1.446540E-1
2.654318E1	4.984835E1	1.431313E-1
2.655987E1	4.984052E1	1.440567E-1
2.657655E1	4.983044E1	1.446465E-1
2.659323E1	4.980895E1	1.562928E-1
2.660992E1	4.975890E1	1.524357E-1
2.662660E1	4.972448E1	1.595924E-1
2.664328E1	4.967811E1	1.539325E-1
2.665997E1	4.964394E1	1.587974E-1
2.667665E1	4.959842E1	1.671115E-1
2.669333E1	4.954574E1	1.545890E-1
2.671002E1	4.951083E1	1.662822E-1
2.672670E1	4.946782E1	1.574553E-1
2.674338E1	4.943972E1	1.703968E-1
2.676007E1	4.940888E1	1.637747E-1
2.677675E1	4.939598E1	1.544075E-1
2.679343E1	4.938624E1	1.703299E-1
2.681012E1	4.936748E1	1.657260E-1
2.682680E1	4.936260E1	1.618348E-1
2.684348E1	4.936098E1	1.661925E-1
2.686017E1	4.936401E1	1.668254E-1
2.687685E1	4.936662E1	1.684460E-1
2.689353E1	4.937147E1	1.656693E-1
2.691022E1	4.937620E1	1.671757E-1
2.692690E1	4.938458E1	1.628052E-1
2.694358E1	4.939242E1	1.477962E-1
2.696027E1	4.942621E1	1.570301E-1
2.697695E1	4.944109E1	1.543953E-1
2.699363E1	4.944869E1	1.539947E-1
2.701032E1	4.946398E1	1.328745E-1
2.702700E1	4.949898E1	1.344254E-1
2.704368E1	4.951679E1	1.389090E-1
2.706037E1	4.953327E1	1.387148E-1
2.707705E1	4.954429E1	1.154148E-1
2.709373E1	4.957330E1	1.230327E-1
2.711042E1	4.958688E1	1.261523E-1
2.712710E1	4.959936E1	1.313014E-1
