	masse A		
t	x	y	
0.000000E0	-1.631911E-2	7.989001E-3
1.668333E-2	-2.342682E-2	6.336535E-3
3.336667E-2	-2.540532E-2	3.726264E-3
5.005000E-2	-3.579432E-2	-5.224803E-3
6.673333E-2	-4.961041E-2	-3.392900E-3
8.341667E-2	-7.483258E-2	3.023969E-3
1.001000E-1	-9.867310E-2	2.826050E-3
1.167833E-1	-1.354804E-1	5.698375E-3
1.334667E-1	-1.798454E-1	6.039558E-4
1.501500E-1	-2.183308E-1	5.267578E-3
1.668333E-1	-2.642666E-1	2.051575E-3
1.835167E-1	-2.972508E-1	5.727955E-3
2.002000E-1	-3.339391E-1	4.866325E-3
2.168833E-1	-3.651952E-1	3.167892E-3
2.335667E-1	-4.055849E-1	3.886838E-3
2.502500E-1	-4.248497E-1	1.866384E-3
2.669333E-1	-4.525863E-1	-4.296418E-3
2.836167E-1	-4.511033E-1	-1.289180E-2
3.003000E-1	-4.538229E-1	-2.475141E-2
3.169833E-1	-4.474513E-1	-1.991695E-2
3.336667E-1	-4.435518E-1	-1.292412E-2
3.503500E-1	-4.286796E-1	-8.245328E-3
3.670333E-1	-4.148728E-1	-1.509622E-2
3.837167E-1	-3.725800E-1	-6.256561E-3
4.004000E-1	-3.527586E-1	-9.698725E-4
4.170833E-1	-3.221911E-1	-6.618363E-3
4.337667E-1	-2.828964E-1	-1.427060E-3
4.504500E-1	-2.341311E-1	-6.632489E-3
4.671333E-1	-1.699255E-1	-1.131481E-2
4.838167E-1	-1.107820E-1	-1.060836E-2
5.005000E-1	-3.955761E-2	-9.408608E-3
5.171833E-1	3.412824E-2	-4.783335E-3
5.338667E-1	1.008302E-1	-2.672461E-3
5.505500E-1	1.752888E-1	9.656760E-4
5.672333E-1	2.367944E-1	9.072818E-3
5.839167E-1	2.728338E-1	1.350599E-2
6.006000E-1	3.254000E-1	1.671998E-2
6.172833E-1	3.915082E-1	1.563736E-2
6.339667E-1	4.579304E-1	2.442609E-2
6.506500E-1	4.982584E-1	1.657638E-2
6.673333E-1	5.485401E-1	1.030517E-2
6.840167E-1	5.936073E-1	1.764341E-2
7.007000E-1	6.256007E-1	9.581661E-3
7.173833E-1	6.587548E-1	2.066132E-2
7.340667E-1	6.922770E-1	1.478887E-2
7.507500E-1	7.261550E-1	2.017505E-2
7.674333E-1	7.533036E-1	1.377376E-2
7.841167E-1	7.977280E-1	1.967624E-2
8.008000E-1	8.381888E-1	1.768025E-2
8.174833E-1	8.742222E-1	1.944041E-2
8.341667E-1	9.044685E-1	1.603909E-2
8.508500E-1	9.502176E-1	2.514056E-2
8.675333E-1	9.837127E-1	1.678144E-2
8.842167E-1	1.022523E0	1.841287E-2
9.009000E-1	1.058577E0	1.264056E-2
9.175833E-1	1.096298E0	1.655610E-2
9.342667E-1	1.127783E0	6.200002E-3
9.509500E-1	1.164324E0	6.925056E-3
9.676333E-1	1.181639E0	7.277015E-3
9.843167E-1	1.197027E0	-6.774090E-3
1.001000E0	1.225280E0	-8.290680E-3
1.017683E0	1.239758E0	-4.828911E-3
1.034367E0	1.244095E0	-1.578724E-2
1.051050E0	1.246755E0	-1.681265E-2
1.067733E0	1.251663E0	-1.757175E-2
1.084417E0	1.249272E0	-2.351032E-2
1.101100E0	1.245312E0	-2.477908E-2
1.117783E0	1.254091E0	-2.894861E-2
1.134467E0	1.244195E0	-6.113388E-2
1.151150E0	1.235362E0	-7.357130E-2
1.167833E0	1.231175E0	-8.295516E-2
1.184517E0	1.224160E0	-9.003355E-2
1.201200E0	1.222557E0	-8.622367E-2
1.217883E0	1.225223E0	-8.807359E-2
1.234567E0	1.223632E0	-9.543016E-2
1.251250E0	1.235465E0	-1.071781E-1
1.267933E0	1.241197E0	-1.384625E-1
1.284617E0	1.259669E0	-1.515533E-1
1.301300E0	1.289647E0	-1.790867E-1
1.317983E0	1.318237E0	-2.045420E-1
1.334667E0	1.353776E0	-2.292814E-1
1.351350E0	1.390669E0	-2.278162E-1
1.368033E0	1.423539E0	-2.476735E-1
1.384717E0	1.496556E0	-2.574009E-1
1.401400E0	1.537430E0	-2.650695E-1
1.418083E0	1.581394E0	-2.870021E-1
1.434767E0	1.647585E0	-2.921618E-1
1.451450E0	1.711044E0	-2.976062E-1
1.468133E0	1.787622E0	-2.982175E-1
1.484817E0	1.865900E0	-2.991258E-1
1.501500E0	1.938312E0	-2.985711E-1
1.518183E0	2.022029E0	-2.983287E-1
1.534867E0	2.093869E0	-2.983240E-1
1.551550E0	2.162748E0	-2.993717E-1
1.568233E0	2.236517E0	-2.981687E-1
1.584917E0	2.310382E0	-2.969692E-1
1.601600E0	2.373493E0	-2.955534E-1
1.618283E0	2.439251E0	-2.936863E-1
1.634967E0	2.507432E0	-2.926608E-1
1.651650E0	2.571839E0	-2.834181E-1
1.668333E0	2.620581E0	-2.908326E-1
1.685017E0	2.667881E0	-2.918255E-1
1.701700E0	2.706555E0	-2.854504E-1
1.718383E0	2.737766E0	-2.900770E-1
1.735067E0	2.771545E0	-2.844056E-1
1.751750E0	2.802816E0	-2.875084E-1
1.768433E0	2.837338E0	-2.849364E-1
1.785117E0	2.856977E0	-2.817603E-1
1.801800E0	2.890173E0	-2.854853E-1
1.818483E0	2.931042E0	-2.829052E-1
1.835167E0	2.959511E0	-2.822690E-1
1.851850E0	2.997683E0	-2.801439E-1
1.868533E0	3.025638E0	-2.803461E-1
1.885217E0	3.057185E0	-2.798438E-1
1.901900E0	3.094498E0	-2.847280E-1
1.918583E0	3.127943E0	-2.857601E-1
1.935267E0	3.162705E0	-2.884471E-1
1.951950E0	3.183325E0	-2.902056E-1
1.968633E0	3.208080E0	-2.896395E-1
1.985317E0	3.215872E0	-2.936320E-1
2.002000E0	3.229217E0	-2.945814E-1
2.018683E0	3.229471E0	-2.966788E-1
2.035367E0	3.228128E0	-3.021263E-1
2.052050E0	3.229184E0	-3.089790E-1
2.068733E0	3.223955E0	-3.106361E-1
2.085417E0	3.216802E0	-3.093978E-1
2.102100E0	3.211536E0	-3.052732E-1
2.118783E0	3.207060E0	-3.026244E-1
2.135467E0	3.198442E0	-2.978270E-1
2.152150E0	3.188988E0	-2.929685E-1
2.168833E0	3.176624E0	-2.939275E-1
2.185517E0	3.171990E0	-2.898776E-1
2.202200E0	3.164635E0	-2.871806E-1
2.218883E0	3.159367E0	-2.830293E-1
2.235567E0	3.129177E0	-2.889452E-1
2.252250E0	3.105480E0	-2.938235E-1
2.268933E0	3.121595E0	-2.997849E-1
2.285617E0	3.127894E0	-3.034054E-1
2.302300E0	3.136353E0	-3.020131E-1
2.318983E0	3.150890E0	-3.108557E-1
2.335667E0	3.166326E0	-3.136792E-1
2.352350E0	3.196209E0	-3.088165E-1
2.369033E0	3.217450E0	-3.074841E-1
2.385717E0	3.239217E0	-3.020137E-1
2.402400E0	3.276297E0	-2.977185E-1
2.419083E0	3.298365E0	-2.914863E-1
2.435767E0	3.332609E0	-2.875603E-1
2.452450E0	3.387693E0	-2.872050E-1
2.469133E0	3.442838E0	-2.782421E-1
2.485817E0	3.495422E0	-2.722310E-1
2.502500E0	3.543978E0	-2.744489E-1
2.519183E0	3.600928E0	-2.704556E-1
2.535867E0	3.647462E0	-2.734025E-1
2.552550E0	3.699032E0	-2.747004E-1
2.569233E0	3.759248E0	-2.758300E-1
2.585917E0	3.818491E0	-2.610839E-1
2.602600E0	3.844825E0	-2.682029E-1
2.619283E0	3.882819E0	-2.582793E-1
2.635967E0	3.915270E0	-2.665378E-1
2.652650E0	3.951018E0	-2.595419E-1
2.669333E0	3.979970E0	-2.645876E-1
2.686017E0	4.013228E0	-2.600966E-1
2.702700E0	4.030518E0	-2.601718E-1
2.719383E0	4.038866E0	-2.617166E-1
2.736067E0	4.040520E0	-2.584599E-1
2.752750E0	4.035991E0	-2.600158E-1
2.769433E0	4.035607E0	-2.605187E-1
2.786117E0	4.033802E0	-2.653186E-1
2.802800E0	4.046884E0	-2.608135E-1
2.819483E0	4.087131E0	-2.586580E-1
2.836167E0	4.102788E0	-2.613317E-1
2.852850E0	4.112863E0	-2.580361E-1
2.869533E0	4.116961E0	-2.566714E-1
2.886217E0	4.153151E0	-2.620330E-1
2.902900E0	4.176861E0	-2.673690E-1
2.919583E0	4.192318E0	-2.691419E-1
2.936267E0	4.229283E0	-2.699708E-1
2.952950E0	4.250242E0	-2.681777E-1
2.969633E0	4.254361E0	-2.730070E-1
2.986317E0	4.255672E0	-2.756711E-1
3.003000E0	4.260597E0	-2.825312E-1
3.019683E0	4.288492E0	-2.854125E-1
3.036367E0	4.299620E0	-2.883231E-1
3.053050E0	4.309884E0	-2.940162E-1
3.069733E0	4.310663E0	-2.947684E-1
3.086417E0	4.310562E0	-2.945378E-1
3.103100E0	4.309430E0	-2.925795E-1
3.119783E0	4.305507E0	-2.909255E-1
3.136467E0	4.302058E0	-2.935418E-1
3.153150E0	4.289557E0	-2.910494E-1
3.169833E0	4.280786E0	-2.911978E-1
3.186517E0	4.274178E0	-2.913092E-1
3.203200E0	4.267967E0	-2.925459E-1
3.219883E0	4.266821E0	-2.948422E-1
3.236567E0	4.272792E0	-2.983535E-1
3.253250E0	4.279842E0	-2.995083E-1
3.269933E0	4.292788E0	-3.056941E-1
3.286617E0	4.304673E0	-3.062256E-1
3.303300E0	4.315029E0	-3.061701E-1
3.319983E0	4.357369E0	-3.254135E-1
3.336667E0	4.380193E0	-3.462734E-1
3.353350E0	4.410032E0	-3.608690E-1
3.370033E0	4.444538E0	-3.579083E-1
3.386717E0	4.478844E0	-3.546462E-1
3.403400E0	4.510494E0	-3.605863E-1
3.420083E0	4.550647E0	-3.549094E-1
3.436767E0	4.597143E0	-3.602615E-1
3.453450E0	4.651863E0	-3.630227E-1
3.470133E0	4.710027E0	-3.649190E-1
3.486817E0	4.776513E0	-3.633878E-1
3.503500E0	4.846152E0	-3.608033E-1
3.520183E0	4.928551E0	-3.588902E-1
3.536867E0	5.003072E0	-3.568178E-1
3.553550E0	5.077138E0	-3.586978E-1
3.570233E0	5.146722E0	-3.575828E-1
3.586917E0	5.215918E0	-3.531470E-1
3.603600E0	5.270104E0	-3.378820E-1
3.620283E0	5.311586E0	-3.410180E-1
3.636967E0	5.361309E0	-3.445338E-1
3.653650E0	5.405672E0	-3.348259E-1
3.670333E0	5.444032E0	-3.389562E-1
3.687017E0	5.480980E0	-3.360498E-1
3.703700E0	5.515186E0	-3.398514E-1
3.720383E0	5.547977E0	-3.310551E-1
3.737067E0	5.564393E0	-3.259631E-1
3.753750E0	5.585672E0	-3.323350E-1
3.770433E0	5.613353E0	-3.311963E-1
3.787117E0	5.646504E0	-3.330080E-1
3.803800E0	5.662087E0	-3.347637E-1
3.820483E0	5.699770E0	-3.324143E-1
3.837167E0	5.733061E0	-3.300832E-1
3.853850E0	5.769554E0	-3.286312E-1
3.870533E0	5.802229E0	-3.315331E-1
3.887217E0	5.842573E0	-3.336966E-1
3.903900E0	5.874735E0	-3.422262E-1
3.920583E0	5.916449E0	-3.393092E-1
3.937267E0	5.950253E0	-3.460462E-1
3.953950E0	5.988453E0	-3.423537E-1
3.970633E0	6.008436E0	-3.419416E-1
3.987317E0	6.024018E0	-3.525909E-1
4.004000E0	6.054616E0	-3.539071E-1
4.020683E0	6.065649E0	-3.583364E-1
4.037367E0	6.087747E0	-3.586653E-1
4.054050E0	6.095669E0	-3.726767E-1
4.070733E0	6.126234E0	-3.723964E-1
4.087417E0	6.138979E0	-3.766636E-1
4.104100E0	6.151160E0	-3.725613E-1
4.120783E0	6.152980E0	-3.705590E-1
4.137467E0	6.149930E0	-3.711838E-1
4.154150E0	6.144369E0	-3.630183E-1
4.170833E0	6.141685E0	-3.608282E-1
4.187517E0	6.132740E0	-3.598144E-1
4.204200E0	6.125208E0	-3.600432E-1
4.220883E0	6.119187E0	-3.625897E-1
4.237567E0	6.119366E0	-3.660929E-1
4.254250E0	6.118167E0	-3.718426E-1
4.270933E0	6.129005E0	-3.776270E-1
4.287617E0	6.145729E0	-3.749664E-1
4.304300E0	6.186295E0	-3.956216E-1
4.320983E0	6.211604E0	-4.142348E-1
4.337667E0	6.232702E0	-4.247572E-1
4.354350E0	6.256662E0	-4.413082E-1
4.371033E0	6.289713E0	-4.355923E-1
4.387717E0	6.325879E0	-4.415502E-1
4.404400E0	6.361908E0	-4.361070E-1
4.421083E0	6.408017E0	-4.379424E-1
4.437767E0	6.453980E0	-4.396853E-1
4.454450E0	6.517858E0	-4.272907E-1
4.471133E0	6.561974E0	-4.269456E-1
4.487817E0	6.628258E0	-4.267816E-1
4.504500E0	6.700492E0	-4.265284E-1
4.521183E0	6.770209E0	-4.269396E-1
4.537867E0	6.844437E0	-4.289455E-1
4.554550E0	6.911739E0	-4.275108E-1
4.571233E0	6.981890E0	-4.233940E-1
4.587917E0	7.051030E0	-4.183911E-1
4.604600E0	7.094179E0	-4.033195E-1
4.621283E0	7.132979E0	-4.065242E-1
4.637967E0	7.150719E0	-3.897443E-1
4.654650E0	7.197816E0	-3.747009E-1
4.671333E0	7.238999E0	-3.547840E-1
4.688017E0	7.278382E0	-3.577516E-1
4.704700E0	7.309723E0	-3.451933E-1
4.721383E0	7.333636E0	-3.445580E-1
4.738067E0	7.366222E0	-3.351807E-1
4.754750E0	7.387013E0	-3.257782E-1
4.771433E0	7.405060E0	-3.335836E-1
4.788117E0	7.438573E0	-3.329678E-1
4.804800E0	7.462682E0	-3.299403E-1
4.821483E0	7.491463E0	-3.312132E-1
4.838167E0	7.499067E0	-3.371659E-1
4.854850E0	7.571585E0	-3.302032E-1
4.871533E0	7.598542E0	-3.234472E-1
4.888217E0	7.635053E0	-3.369590E-1
4.904900E0	7.677838E0	-3.309921E-1
4.921583E0	7.713856E0	-3.388745E-1
4.938267E0	7.747611E0	-3.359649E-1
4.954950E0	7.780158E0	-3.396716E-1
4.971633E0	7.814512E0	-3.401267E-1
4.988317E0	7.838257E0	-3.388520E-1
5.005000E0	7.852243E0	-3.581051E-1
5.021683E0	7.879983E0	-3.594570E-1
5.038367E0	7.897864E0	-3.618795E-1
5.055050E0	7.911986E0	-3.653215E-1
5.071733E0	7.914444E0	-3.704302E-1
5.088417E0	7.931141E0	-3.830655E-1
5.105100E0	7.957091E0	-3.811164E-1
5.121783E0	7.969335E0	-3.783875E-1
5.138467E0	7.972796E0	-3.775015E-1
5.155150E0	7.970646E0	-3.729120E-1
5.171833E0	7.965571E0	-3.718180E-1
5.188517E0	7.961647E0	-3.678069E-1
5.205200E0	7.956507E0	-3.659437E-1
5.221883E0	7.949340E0	-3.676295E-1
5.238567E0	7.943844E0	-3.750339E-1
5.255250E0	7.945194E0	-3.817754E-1
5.271933E0	7.952330E0	-3.867559E-1
5.288617E0	7.966861E0	-3.880690E-1
5.305300E0	8.011442E0	-4.150489E-1
5.321983E0	8.032870E0	-4.227824E-1
5.338667E0	8.052371E0	-4.273465E-1
5.355350E0	8.078822E0	-4.544150E-1
5.372033E0	8.111925E0	-4.446586E-1
5.388717E0	8.143037E0	-4.645502E-1
5.405400E0	8.187094E0	-4.391671E-1
5.422083E0	8.231159E0	-4.445770E-1
5.438767E0	8.276692E0	-4.300612E-1
5.455450E0	8.321575E0	-4.356686E-1
5.472133E0	8.441658E0	-4.420082E-1
5.488817E0	8.504750E0	-4.408860E-1
5.505500E0	8.574441E0	-4.432133E-1
5.522183E0	8.642128E0	-4.277833E-1
5.538867E0	8.698085E0	-4.292866E-1
5.555550E0	8.754026E0	-4.231592E-1
5.572233E0	8.808925E0	-4.213850E-1
5.588917E0	8.847842E0	-4.084076E-1
5.605600E0	8.881372E0	-4.107246E-1
5.622283E0	8.919583E0	-4.032168E-1
5.638967E0	8.953867E0	-4.106494E-1
5.655650E0	8.995803E0	-4.052115E-1
5.672333E0	9.026405E0	-4.103575E-1
5.689017E0	9.051095E0	-4.017850E-1
5.705700E0	9.071047E0	-3.960577E-1
5.722383E0	9.074516E0	-3.911879E-1
5.739067E0	9.086828E0	-3.711240E-1
5.755750E0	9.116221E0	-3.599227E-1
5.772433E0	9.134725E0	-3.527190E-1
5.789117E0	9.155187E0	-3.452793E-1
5.805800E0	9.180830E0	-3.470762E-1
5.822483E0	9.208088E0	-3.350536E-1
5.839167E0	9.243618E0	-3.379852E-1
5.855850E0	9.277095E0	-3.298646E-1
5.872533E0	9.296661E0	-3.211734E-1
5.889217E0	9.325736E0	-3.372404E-1
5.905900E0	9.368275E0	-3.308360E-1
5.922583E0	9.387885E0	-3.441604E-1
5.939267E0	9.434462E0	-3.280094E-1
5.955950E0	9.453685E0	-3.438248E-1
5.972633E0	9.486355E0	-3.456978E-1
5.989317E0	9.502680E0	-3.473824E-1
6.006000E0	9.512111E0	-3.473582E-1
6.022683E0	9.519260E0	-3.551239E-1
6.039367E0	9.532110E0	-3.676432E-1
6.056050E0	9.556318E0	-3.653795E-1
6.072733E0	9.572206E0	-3.654029E-1
6.089417E0	9.581240E0	-3.632400E-1
6.106100E0	9.592970E0	-3.609674E-1
6.122783E0	9.598702E0	-3.746103E-1
6.139467E0	9.620082E0	-3.670635E-1
6.156150E0	9.632903E0	-3.628211E-1
6.172833E0	9.631326E0	-3.599245E-1
6.189517E0	9.625216E0	-3.584969E-1
6.206200E0	9.625448E0	-3.581753E-1
6.222883E0	9.619606E0	-3.592827E-1
6.239567E0	9.625195E0	-3.642303E-1
6.256250E0	9.629750E0	-3.662700E-1
6.272933E0	9.641213E0	-3.639510E-1
6.289617E0	9.657101E0	-3.655431E-1
6.306300E0	9.666319E0	-3.611160E-1
6.322983E0	9.679182E0	-3.870742E-1
6.339667E0	9.715801E0	-3.738381E-1
6.356350E0	9.735725E0	-3.651646E-1
6.373033E0	9.760013E0	-3.812995E-1
6.389717E0	9.792703E0	-3.658092E-1
6.406400E0	9.828299E0	-3.776070E-1
6.423083E0	9.887748E0	-3.587208E-1
6.439767E0	9.932701E0	-3.628737E-1
6.456450E0	9.992763E0	-3.650411E-1
6.473133E0	1.005513E1	-3.677043E-1
6.489817E0	1.010764E1	-3.545689E-1
6.506500E0	1.016568E1	-3.548282E-1
6.523183E0	1.022881E1	-3.531634E-1
6.539867E0	1.028451E1	-3.493702E-1
6.556550E0	1.033709E1	-3.503707E-1
6.573233E0	1.039280E1	-3.252485E-1
6.589917E0	1.042420E1	-3.288969E-1
6.606600E0	1.044822E1	-3.135537E-1
6.623283E0	1.048978E1	-2.994837E-1
6.639967E0	1.053243E1	-2.817469E-1
6.656650E0	1.056368E1	-2.860523E-1
6.673333E0	1.060318E1	-2.723702E-1
6.690017E0	1.062435E1	-2.763424E-1
6.706700E0	1.065253E1	-2.686874E-1
6.723383E0	1.067344E1	-2.611665E-1
6.740067E0	1.068277E1	-2.564104E-1
6.756750E0	1.070100E1	-2.626819E-1
6.773433E0	1.073712E1	-2.627537E-1
6.790117E0	1.076123E1	-2.576274E-1
6.806800E0	1.079188E1	-2.645894E-1
6.823483E0	1.082203E1	-2.644672E-1
6.840167E0	1.084531E1	-2.639836E-1
6.856850E0	1.089127E1	-2.610215E-1
6.873533E0	1.090820E1	-2.509997E-1
6.890217E0	1.094622E1	-2.651657E-1
6.906900E0	1.096732E1	-2.637464E-1
6.923583E0	1.099922E1	-2.721999E-1
6.940267E0	1.103523E1	-2.665778E-1
6.956950E0	1.107158E1	-2.736318E-1
6.973633E0	1.109925E1	-2.743077E-1
6.990317E0	1.112037E1	-2.784488E-1
7.007000E0	1.112337E1	-2.851195E-1
7.023683E0	1.114656E1	-3.053303E-1
7.040367E0	1.118019E1	-3.034336E-1
7.057050E0	1.119638E1	-3.068049E-1
7.073733E0	1.121650E1	-3.173743E-1
7.090417E0	1.125190E1	-3.117449E-1
7.107100E0	1.126504E1	-3.064820E-1
7.123783E0	1.127621E1	-3.003781E-1
7.140467E0	1.127693E1	-2.951406E-1
7.157150E0	1.128276E1	-3.144020E-1
7.173833E0	1.130925E1	-3.055567E-1
7.190517E0	1.132245E1	-2.950506E-1
7.207200E0	1.132069E1	-2.938646E-1
7.223883E0	1.132792E1	-2.943184E-1
7.240567E0	1.133074E1	-2.997453E-1
7.257250E0	1.133844E1	-2.987915E-1
7.273933E0	1.135258E1	-3.184357E-1
7.290617E0	1.139541E1	-3.131911E-1
7.307300E0	1.141324E1	-3.052859E-1
7.323983E0	1.146382E1	-3.222827E-1
7.340667E0	1.149791E1	-3.613278E-1
7.357350E0	1.153546E1	-3.591470E-1
7.374033E0	1.157222E1	-3.740725E-1
7.390717E0	1.162397E1	-3.611272E-1
7.407400E0	1.167427E1	-3.658638E-1
7.424083E0	1.171912E1	-3.734655E-1
7.440767E0	1.178006E1	-3.580317E-1
7.457450E0	1.183214E1	-3.614025E-1
7.474133E0	1.189122E1	-3.645944E-1
7.490817E0	1.195838E1	-3.646900E-1
7.507500E0	1.202203E1	-3.672838E-1
7.524183E0	1.208594E1	-3.669395E-1
7.540867E0	1.214769E1	-3.553065E-1
7.557550E0	1.220152E1	-3.510340E-1
7.574233E0	1.224848E1	-3.505006E-1
7.590917E0	1.228270E1	-3.420993E-1
7.607600E0	1.231397E1	-3.499118E-1
7.624283E0	1.235404E1	-3.415467E-1
7.640967E0	1.238803E1	-3.504935E-1
7.657650E0	1.242208E1	-3.426263E-1
7.674333E0	1.244363E1	-3.415597E-1
7.691017E0	1.246557E1	-3.473025E-1
7.707700E0	1.248341E1	-3.376369E-1
7.724383E0	1.250815E1	-3.216095E-1
7.741067E0	1.249920E1	-3.192898E-1
7.757750E0	1.251784E1	-2.892847E-1
7.774433E0	1.253085E1	-2.939303E-1
7.791117E0	1.256767E1	-2.807597E-1
7.807800E0	1.260167E1	-2.885388E-1
7.824483E0	1.263853E1	-2.737933E-1
7.841167E0	1.267756E1	-2.759726E-1
7.857850E0	1.271341E1	-2.672462E-1
7.874533E0	1.274696E1	-2.760203E-1
7.891217E0	1.275884E1	-2.780420E-1
7.907900E0	1.283970E1	-2.737305E-1
7.924583E0	1.287870E1	-2.649448E-1
7.941267E0	1.290027E1	-2.745462E-1
7.957950E0	1.290944E1	-2.768986E-1
7.974633E0	1.291420E1	-2.783373E-1
7.991317E0	1.300152E1	-2.806505E-1
8.008000E0	1.302242E1	-2.833382E-1
8.024683E0	1.301312E1	-2.831470E-1
8.041367E0	1.306465E1	-3.012129E-1
8.058050E0	1.306721E1	-2.954428E-1
8.074733E0	1.312112E1	-3.102822E-1
8.091417E0	1.313018E1	-3.007674E-1
8.108100E0	1.313503E1	-2.953035E-1
8.124783E0	1.320193E1	-3.001074E-1
8.141467E0	1.321439E1	-2.952046E-1
8.158150E0	1.321763E1	-2.917434E-1
8.174833E0	1.323025E1	-2.819919E-1
8.191517E0	1.322666E1	-2.800264E-1
8.208200E0	1.322739E1	-2.804099E-1
8.224883E0	1.322367E1	-2.825377E-1
8.241567E0	1.323017E1	-2.868575E-1
8.258250E0	1.323460E1	-2.907986E-1
8.274933E0	1.324476E1	-2.911029E-1
8.291617E0	1.327587E1	-3.107131E-1
8.308300E0	1.329773E1	-3.045220E-1
8.324983E0	1.331645E1	-3.032549E-1
8.341667E0	1.335751E1	-3.221916E-1
8.358350E0	1.339148E1	-3.247266E-1
8.375033E0	1.342449E1	-3.496231E-1
8.391717E0	1.347001E1	-3.419162E-1
8.408400E0	1.350678E1	-3.534253E-1
8.425083E0	1.356297E1	-3.556271E-1
8.441767E0	1.361049E1	-3.490467E-1
8.458450E0	1.366803E1	-3.470118E-1
8.475133E0	1.372649E1	-3.509534E-1
8.491817E0	1.378695E1	-3.545115E-1
8.508500E0	1.385609E1	-3.554757E-1
8.525183E0	1.391632E1	-3.568108E-1
8.541867E0	1.398485E1	-3.566084E-1
8.558550E0	1.404044E1	-3.411337E-1
8.575233E0	1.409149E1	-3.430966E-1
8.591917E0	1.413342E1	-3.406541E-1
8.608600E0	1.417268E1	-3.272135E-1
8.625283E0	1.418509E1	-3.181658E-1
8.641967E0	1.421302E1	-3.017008E-1
8.658650E0	1.425265E1	-2.863460E-1
8.675333E0	1.427829E1	-2.863035E-1
8.692017E0	1.430918E1	-2.767535E-1
8.708700E0	1.432494E1	-2.682031E-1
8.725383E0	1.433460E1	-2.612019E-1
8.742067E0	1.435314E1	-2.668011E-1
8.758750E0	1.439045E1	-2.632716E-1
8.775433E0	1.441065E1	-2.534530E-1
8.792117E0	1.443889E1	-2.677962E-1
8.808800E0	1.447707E1	-2.633265E-1
8.825483E0	1.450896E1	-2.641496E-1
8.842167E0	1.454938E1	-2.552150E-1
8.858850E0	1.458307E1	-2.622970E-1
8.875533E0	1.462350E1	-2.592618E-1
8.892217E0	1.466507E1	-2.685857E-1
8.908900E0	1.471352E1	-2.632640E-1
8.925583E0	1.475003E1	-2.697794E-1
8.942267E0	1.479346E1	-2.773263E-1
8.958950E0	1.483740E1	-2.713851E-1
8.975633E0	1.487454E1	-2.824400E-1
8.992317E0	1.491146E1	-2.809194E-1
9.009000E0	1.494105E1	-2.904438E-1
9.025683E0	1.498672E1	-2.926709E-1
9.042367E0	1.501585E1	-3.033649E-1
9.059050E0	1.506081E1	-2.977065E-1
9.075733E0	1.509238E1	-3.122275E-1
9.092417E0	1.513702E1	-2.997366E-1
9.109100E0	1.517003E1	-3.095451E-1
9.125783E0	1.520409E1	-2.960512E-1
9.142467E0	1.522297E1	-2.886549E-1
9.159150E0	1.523581E1	-2.976756E-1
9.175833E0	1.526692E1	-2.874678E-1
9.192517E0	1.527786E1	-2.844216E-1
9.209200E0	1.527797E1	-2.839097E-1
9.225883E0	1.528964E1	-2.849127E-1
9.242567E0	1.529537E1	-2.895213E-1
9.259250E0	1.531535E1	-3.078935E-1
9.275933E0	1.534277E1	-3.052998E-1
9.292617E0	1.539671E1	-3.328862E-1
9.309300E0	1.542462E1	-3.438136E-1
9.325983E0	1.545867E1	-3.691567E-1
9.342667E0	1.549539E1	-3.682006E-1
9.359350E0	1.553252E1	-3.789309E-1
9.376033E0	1.557637E1	-3.711351E-1
9.392717E0	1.561896E1	-3.734556E-1
9.409400E0	1.567167E1	-3.764182E-1
9.426083E0	1.572603E1	-3.660650E-1
9.442767E0	1.578161E1	-3.690263E-1
9.459450E0	1.583995E1	-3.681518E-1
9.476133E0	1.589958E1	-3.684772E-1
9.492817E0	1.596716E1	-3.672220E-1
9.509500E0	1.603086E1	-3.663106E-1
9.526183E0	1.609906E1	-3.644793E-1
9.542867E0	1.615353E1	-3.603207E-1
9.559550E0	1.620763E1	-3.604257E-1
9.576233E0	1.626160E1	-3.548346E-1
9.592917E0	1.629918E1	-3.454397E-1
9.609600E0	1.633189E1	-3.467460E-1
9.626283E0	1.636732E1	-3.431367E-1
9.642967E0	1.640233E1	-3.460176E-1
9.659650E0	1.643794E1	-3.393381E-1
9.676333E0	1.646455E1	-3.419791E-1
9.693017E0	1.648113E1	-3.455945E-1
9.709700E0	1.650412E1	-3.390634E-1
9.726383E0	1.651708E1	-3.327363E-1
9.743067E0	1.652110E1	-3.209356E-1
9.759750E0	1.653182E1	-2.984397E-1
9.776433E0	1.654846E1	-3.027445E-1
9.793117E0	1.658782E1	-2.865223E-1
9.809800E0	1.662613E1	-2.912154E-1
9.826483E0	1.666415E1	-2.760463E-1
9.843167E0	1.670282E1	-2.791212E-1
9.859850E0	1.674182E1	-2.752703E-1
9.876533E0	1.677904E1	-2.745894E-1
9.893217E0	1.681937E1	-2.691466E-1
9.909900E0	1.685456E1	-2.783838E-1
9.926583E0	1.690898E1	-2.838567E-1
9.943267E0	1.695548E1	-2.765457E-1
9.959950E0	1.699174E1	-2.831292E-1
9.976633E0	1.703497E1	-2.822755E-1
9.993317E0	1.706230E1	-2.924624E-1
1.001000E1	1.709919E1	-2.946979E-1
1.002668E1	1.713390E1	-3.067289E-1
1.004337E1	1.716849E1	-3.023297E-1
1.006005E1	1.720143E1	-3.206729E-1
1.007673E1	1.724491E1	-3.084197E-1
1.009342E1	1.726337E1	-3.076561E-1
1.011010E1	1.730213E1	-3.150126E-1
1.012678E1	1.733056E1	-2.992702E-1
1.014347E1	1.735061E1	-3.080525E-1
1.016015E1	1.738506E1	-2.949692E-1
1.017683E1	1.739373E1	-2.908761E-1
1.019352E1	1.739695E1	-2.895178E-1
1.021020E1	1.739383E1	-2.894969E-1
1.022688E1	1.739274E1	-2.900991E-1
1.024357E1	1.739891E1	-2.946041E-1
1.026025E1	1.741335E1	-2.955240E-1
1.027693E1	1.743707E1	-3.112716E-1
1.029362E1	1.746616E1	-3.093859E-1
1.031030E1	1.748910E1	-3.089369E-1
1.032698E1	1.752100E1	-3.189448E-1
1.034367E1	1.754702E1	-3.105953E-1
1.036035E1	1.757326E1	-3.081892E-1
1.037703E1	1.761885E1	-2.991930E-1
1.039372E1	1.765405E1	-2.962221E-1
1.041040E1	1.769250E1	-2.932159E-1
1.042708E1	1.773941E1	-2.884181E-1
1.044377E1	1.778787E1	-2.896143E-1
1.046045E1	1.785161E1	-2.856588E-1
1.047713E1	1.788929E1	-2.850868E-1
1.049382E1	1.795028E1	-2.832516E-1
1.051050E1	1.799618E1	-2.791875E-1
1.052718E1	1.804411E1	-2.827819E-1
1.054387E1	1.808952E1	-2.832189E-1
1.056055E1	1.813504E1	-2.750294E-1
1.057723E1	1.816625E1	-2.725286E-1
1.059392E1	1.818900E1	-2.676139E-1
1.061060E1	1.820968E1	-2.631719E-1
1.062728E1	1.822973E1	-2.657792E-1
1.064397E1	1.825366E1	-2.630766E-1
1.066065E1	1.828063E1	-2.658513E-1
1.067733E1	1.828068E1	-2.619221E-1
1.069402E1	1.828806E1	-2.572376E-1
1.071070E1	1.828287E1	-2.534611E-1
1.072738E1	1.827862E1	-2.496923E-1
1.074407E1	1.827676E1	-2.488413E-1
1.076075E1	1.827999E1	-2.542385E-1
1.077743E1	1.828397E1	-2.604143E-1
1.079412E1	1.829829E1	-2.612726E-1
1.081080E1	1.834057E1	-2.570367E-1
1.082748E1	1.836395E1	-2.528152E-1
1.084417E1	1.839089E1	-2.527832E-1
1.086085E1	1.842241E1	-2.496917E-1
1.087753E1	1.846166E1	-2.546518E-1
1.089422E1	1.850067E1	-2.551582E-1
1.091090E1	1.854680E1	-2.603218E-1
1.092758E1	1.858477E1	-2.503635E-1
1.094427E1	1.861868E1	-2.615471E-1
1.096095E1	1.865077E1	-2.608235E-1
1.097763E1	1.868056E1	-2.730168E-1
1.099432E1	1.870966E1	-2.771050E-1
1.101100E1	1.873044E1	-2.785203E-1
1.102768E1	1.875024E1	-2.949236E-1
1.104437E1	1.878476E1	-2.936724E-1
1.106105E1	1.882189E1	-2.992852E-1
1.107773E1	1.886392E1	-2.918718E-1
1.109442E1	1.890152E1	-3.003444E-1
1.111110E1	1.893807E1	-2.916616E-1
1.112778E1	1.896036E1	-2.969634E-1
1.114447E1	1.899777E1	-2.906268E-1
1.116115E1	1.902525E1	-2.797908E-1
1.117783E1	1.902692E1	-2.784165E-1
1.119452E1	1.903823E1	-2.802728E-1
1.121120E1	1.906419E1	-2.805335E-1
1.122788E1	1.908488E1	-2.802746E-1
1.124457E1	1.909056E1	-2.854001E-1
1.126125E1	1.911754E1	-2.951967E-1
1.127793E1	1.915167E1	-2.947457E-1
1.129462E1	1.919042E1	-3.034734E-1
1.131130E1	1.922869E1	-3.015947E-1
1.132798E1	1.927063E1	-3.047072E-1
1.134467E1	1.930792E1	-2.976485E-1
1.136135E1	1.934697E1	-2.964820E-1
1.137803E1	1.938718E1	-2.949705E-1
1.139472E1	1.942995E1	-2.918489E-1
1.141140E1	1.947390E1	-2.923934E-1
1.142808E1	1.953976E1	-2.917104E-1
1.144477E1	1.960045E1	-2.842251E-1
1.146145E1	1.965461E1	-2.864963E-1
1.147813E1	1.971618E1	-2.858507E-1
1.149482E1	1.977671E1	-2.862467E-1
1.151150E1	1.984717E1	-2.840042E-1
1.152818E1	1.990933E1	-2.844501E-1
1.154487E1	1.997341E1	-2.798131E-1
1.156155E1	2.001728E1	-2.782052E-1
1.157823E1	2.006671E1	-2.743982E-1
1.159492E1	2.010232E1	-2.657180E-1
1.161160E1	2.012951E1	-2.634450E-1
1.162828E1	2.016591E1	-2.642276E-1
1.164497E1	2.019037E1	-2.559654E-1
1.166165E1	2.021778E1	-2.631966E-1
1.167833E1	2.023278E1	-2.648032E-1
1.169502E1	2.025547E1	-2.611098E-1
1.171170E1	2.025544E1	-2.571796E-1
1.172838E1	2.025653E1	-2.527868E-1
1.174507E1	2.027199E1	-2.536303E-1
1.176175E1	2.030093E1	-2.548544E-1
1.177843E1	2.032374E1	-2.585604E-1
1.179512E1	2.034896E1	-2.617937E-1
1.181180E1	2.039202E1	-2.617090E-1
1.182848E1	2.043108E1	-2.625909E-1
1.184517E1	2.047226E1	-2.561995E-1
1.186185E1	2.050455E1	-2.631321E-1
1.187853E1	2.055219E1	-2.572901E-1
1.189522E1	2.060106E1	-2.607692E-1
1.191190E1	2.065027E1	-2.682605E-1
1.192858E1	2.070470E1	-2.640862E-1
1.194527E1	2.074721E1	-2.726580E-1
1.196195E1	2.079610E1	-2.756757E-1
1.197863E1	2.083783E1	-2.816424E-1
1.199532E1	2.087896E1	-2.883576E-1
1.201200E1	2.091780E1	-2.849976E-1
1.202868E1	2.095918E1	-2.998380E-1
1.204537E1	2.099965E1	-2.953567E-1
1.206205E1	2.103871E1	-3.090696E-1
1.207873E1	2.108937E1	-3.165240E-1
1.209542E1	2.114327E1	-3.053837E-1
1.211210E1	2.118448E1	-3.063115E-1
1.212878E1	2.122531E1	-2.994410E-1
1.214547E1	2.127328E1	-2.904821E-1
1.216215E1	2.129946E1	-2.901145E-1
1.217883E1	2.134540E1	-2.843688E-1
1.219552E1	2.137254E1	-2.835508E-1
1.221220E1	2.141108E1	-2.790219E-1
1.222888E1	2.142197E1	-2.812412E-1
1.224557E1	2.143908E1	-2.875239E-1
1.226225E1	2.146684E1	-2.954988E-1
1.227893E1	2.150379E1	-2.987059E-1
1.229562E1	2.154300E1	-2.999059E-1
1.231230E1	2.158084E1	-3.017229E-1
1.232898E1	2.161349E1	-3.153447E-1
1.234567E1	2.165542E1	-3.072722E-1
1.236235E1	2.169574E1	-3.142067E-1
1.237903E1	2.173674E1	-3.129154E-1
1.239572E1	2.178361E1	-2.996187E-1
1.241240E1	2.183656E1	-2.983664E-1
1.242908E1	2.190219E1	-2.950853E-1
1.244577E1	2.196391E1	-2.938406E-1
1.246245E1	2.203145E1	-2.905343E-1
1.247913E1	2.209040E1	-2.855675E-1
1.249582E1	2.214591E1	-2.874278E-1
1.251250E1	2.220527E1	-2.890857E-1
1.252918E1	2.226564E1	-2.897152E-1
1.254587E1	2.232719E1	-2.851417E-1
1.256255E1	2.237435E1	-2.803269E-1
1.257923E1	2.241652E1	-2.765447E-1
1.259592E1	2.245576E1	-2.697117E-1
1.261260E1	2.247377E1	-2.686115E-1
1.262928E1	2.250335E1	-2.681026E-1
1.264597E1	2.253063E1	-2.701727E-1
1.266265E1	2.255215E1	-2.664795E-1
1.267933E1	2.257705E1	-2.670236E-1
1.269602E1	2.258875E1	-2.634302E-1
1.271270E1	2.260283E1	-2.575275E-1
1.272938E1	2.260334E1	-2.552765E-1
1.274607E1	2.260387E1	-2.584718E-1
1.276275E1	2.261017E1	-2.646634E-1
1.277943E1	2.264133E1	-2.624641E-1
1.279612E1	2.266974E1	-2.657801E-1
1.281280E1	2.269949E1	-2.653574E-1
1.282948E1	2.274003E1	-2.667242E-1
1.284617E1	2.277606E1	-2.638653E-1
1.286285E1	2.281335E1	-2.576769E-1
1.287953E1	2.285001E1	-2.675183E-1
1.289622E1	2.290489E1	-2.666034E-1
1.291290E1	2.295973E1	-2.632076E-1
1.292958E1	2.300586E1	-2.687004E-1
1.294627E1	2.305753E1	-2.731114E-1
1.296295E1	2.310166E1	-2.690362E-1
1.297963E1	2.313837E1	-2.812110E-1
1.299632E1	2.319159E1	-2.767104E-1
1.301300E1	2.322544E1	-2.908316E-1
1.302968E1	2.327313E1	-3.005845E-1
1.304637E1	2.332836E1	-2.970146E-1
1.306305E1	2.337178E1	-3.049487E-1
1.307973E1	2.342133E1	-3.061509E-1
1.309642E1	2.348231E1	-3.007507E-1
1.311310E1	2.351423E1	-2.968064E-1
1.312978E1	2.356586E1	-2.939574E-1
1.314647E1	2.361121E1	-2.885235E-1
1.316315E1	2.364400E1	-2.880529E-1
1.317983E1	2.368130E1	-2.757230E-1
1.319652E1	2.370200E1	-2.759392E-1
1.321320E1	2.372197E1	-2.782346E-1
1.322988E1	2.374724E1	-2.794094E-1
1.324657E1	2.377001E1	-2.822780E-1
1.326325E1	2.379326E1	-2.913598E-1
1.327993E1	2.383525E1	-2.909074E-1
1.329662E1	2.387159E1	-2.970318E-1
1.331330E1	2.391030E1	-3.012252E-1
1.332998E1	2.394873E1	-3.073723E-1
1.334667E1	2.398430E1	-3.056988E-1
1.336335E1	2.402250E1	-3.044786E-1
1.338003E1	2.407003E1	-2.980403E-1
1.339672E1	2.411145E1	-2.971537E-1
1.341340E1	2.415544E1	-2.940865E-1
1.343008E1	2.421532E1	-2.895028E-1
1.344677E1	2.426153E1	-2.888654E-1
1.346345E1	2.432295E1	-2.878856E-1
1.348013E1	2.438781E1	-2.872994E-1
1.349682E1	2.444716E1	-2.854852E-1
1.351350E1	2.451156E1	-2.863217E-1
1.353018E1	2.457712E1	-2.839792E-1
1.354687E1	2.461647E1	-2.810148E-1
1.356355E1	2.466454E1	-2.809265E-1
1.358023E1	2.470480E1	-2.699809E-1
1.359692E1	2.472998E1	-2.712177E-1
1.361360E1	2.476497E1	-2.625999E-1
1.363028E1	2.479369E1	-2.649927E-1
1.364697E1	2.481331E1	-2.676549E-1
1.366365E1	2.484104E1	-2.607917E-1
1.368033E1	2.485278E1	-2.635050E-1
1.369702E1	2.486250E1	-2.608043E-1
1.371370E1	2.484953E1	-2.585429E-1
1.373038E1	2.485722E1	-2.543710E-1
1.374707E1	2.485716E1	-2.536255E-1
1.376375E1	2.486543E1	-2.606520E-1
1.378043E1	2.488589E1	-2.652905E-1
1.379712E1	2.492533E1	-2.681237E-1
1.381380E1	2.496355E1	-2.702892E-1
1.383048E1	2.500125E1	-2.660119E-1
1.384717E1	2.503568E1	-2.636078E-1
1.386385E1	2.508266E1	-2.608805E-1
1.388053E1	2.511670E1	-2.667554E-1
1.389722E1	2.516549E1	-2.624175E-1
1.391390E1	2.520536E1	-2.698347E-1
1.393058E1	2.526239E1	-2.709502E-1
1.394727E1	2.531460E1	-2.743957E-1
1.396395E1	2.536154E1	-2.708928E-1
1.398063E1	2.540473E1	-2.845169E-1
1.399732E1	2.544537E1	-2.800610E-1
1.401400E1	2.549368E1	-2.895227E-1
1.403068E1	2.553825E1	-3.021411E-1
1.404737E1	2.559466E1	-3.000331E-1
1.406405E1	2.563830E1	-3.045744E-1
1.408073E1	2.569657E1	-3.066763E-1
1.409742E1	2.575132E1	-2.997023E-1
1.411410E1	2.579935E1	-3.042583E-1
1.413078E1	2.584361E1	-2.971322E-1
1.414747E1	2.588213E1	-2.880616E-1
1.416415E1	2.592027E1	-2.894965E-1
1.418083E1	2.595620E1	-2.799421E-1
1.419752E1	2.598707E1	-2.809762E-1
1.421420E1	2.601698E1	-2.772643E-1
1.423088E1	2.603122E1	-2.771756E-1
1.424757E1	2.605024E1	-2.869354E-1
1.426425E1	2.609345E1	-2.874521E-1
1.428093E1	2.612927E1	-2.928019E-1
1.429762E1	2.614031E1	-2.888966E-1
1.431430E1	2.621633E1	-3.033910E-1
1.433098E1	2.625836E1	-3.022239E-1
1.434767E1	2.629094E1	-3.036982E-1
1.436435E1	2.633073E1	-2.982149E-1
1.438103E1	2.637378E1	-2.968856E-1
1.439772E1	2.640768E1	-2.921070E-1
1.441440E1	2.644521E1	-2.927030E-1
1.443108E1	2.649967E1	-2.907973E-1
1.444777E1	2.655778E1	-2.872781E-1
1.446445E1	2.661884E1	-2.819845E-1
1.448113E1	2.666960E1	-2.823074E-1
1.449782E1	2.672118E1	-2.798857E-1
1.451450E1	2.677054E1	-2.779572E-1
1.453118E1	2.681971E1	-2.796104E-1
1.454787E1	2.687084E1	-2.739179E-1
1.456455E1	2.691234E1	-2.685368E-1
1.458123E1	2.694244E1	-2.580957E-1
1.459792E1	2.697052E1	-2.526439E-1
1.461460E1	2.698293E1	-2.481095E-1
1.463128E1	2.698903E1	-2.492756E-1
1.464797E1	2.698585E1	-2.515786E-1
1.466465E1	2.699229E1	-2.542277E-1
1.468133E1	2.698895E1	-2.594912E-1
1.469802E1	2.697323E1	-2.605521E-1
1.471470E1	2.698084E1	-2.552210E-1
1.473138E1	2.698176E1	-2.518734E-1
1.474807E1	2.698600E1	-2.500286E-1
1.476475E1	2.699240E1	-2.489701E-1
1.478143E1	2.700576E1	-2.657895E-1
1.479812E1	2.703986E1	-2.593514E-1
1.481480E1	2.708082E1	-2.703098E-1
1.483148E1	2.712675E1	-2.541908E-1
1.484817E1	2.714613E1	-2.696508E-1
1.486485E1	2.718523E1	-2.577753E-1
1.488153E1	2.722579E1	-2.677180E-1
1.489822E1	2.727672E1	-2.588718E-1
1.491490E1	2.732160E1	-2.700750E-1
1.493158E1	2.736496E1	-2.724819E-1
1.494827E1	2.742056E1	-2.631113E-1
1.496495E1	2.745595E1	-2.764154E-1
1.498163E1	2.749764E1	-2.731159E-1
1.499832E1	2.753088E1	-2.888390E-1
1.501500E1	2.758463E1	-2.960429E-1
1.503168E1	2.763921E1	-2.905074E-1
1.504837E1	2.768442E1	-3.048253E-1
1.506505E1	2.773974E1	-3.136038E-1
1.508173E1	2.779229E1	-3.092567E-1
1.509842E1	2.784305E1	-3.179424E-1
1.511510E1	2.790039E1	-3.090084E-1
1.513178E1	2.794252E1	-2.946206E-1
1.514847E1	2.798765E1	-2.935287E-1
1.516515E1	2.802623E1	-2.913576E-1
1.518183E1	2.806697E1	-2.855279E-1
1.519852E1	2.808691E1	-2.814196E-1
1.521520E1	2.811067E1	-2.850168E-1
1.523188E1	2.814509E1	-2.853316E-1
1.524857E1	2.817314E1	-2.882843E-1
1.526525E1	2.821986E1	-2.933877E-1
1.528193E1	2.824221E1	-2.953055E-1
1.529862E1	2.830757E1	-2.971586E-1
1.531530E1	2.834166E1	-3.038608E-1
1.533198E1	2.838198E1	-3.048565E-1
1.534867E1	2.842440E1	-3.066971E-1
1.536535E1	2.845721E1	-3.016864E-1
1.538203E1	2.849579E1	-2.980437E-1
1.539872E1	2.854888E1	-2.944068E-1
1.541540E1	2.860625E1	-2.902620E-1
1.543208E1	2.865484E1	-2.882941E-1
1.544877E1	2.871750E1	-2.866677E-1
1.546545E1	2.876450E1	-2.856768E-1
1.548213E1	2.881921E1	-2.843108E-1
1.549882E1	2.887130E1	-2.823111E-1
1.551550E1	2.892498E1	-2.840395E-1
1.553218E1	2.896403E1	-2.798450E-1
1.554887E1	2.899766E1	-2.805505E-1
1.556555E1	2.904591E1	-2.746583E-1
1.558223E1	2.908243E1	-2.659450E-1
1.559892E1	2.910748E1	-2.588590E-1
1.561560E1	2.911540E1	-2.543962E-1
1.563228E1	2.911373E1	-2.526676E-1
1.564897E1	2.912146E1	-2.557085E-1
1.566565E1	2.914643E1	-2.570690E-1
1.568233E1	2.915945E1	-2.584107E-1
1.569902E1	2.915481E1	-2.623068E-1
1.571570E1	2.916117E1	-2.599287E-1
1.573238E1	2.916212E1	-2.576228E-1
1.574907E1	2.916743E1	-2.566574E-1
1.576575E1	2.917115E1	-2.558192E-1
1.578243E1	2.918233E1	-2.599141E-1
1.579912E1	2.920327E1	-2.708730E-1
1.581580E1	2.923882E1	-2.619275E-1
1.583248E1	2.927354E1	-2.661573E-1
1.584917E1	2.931556E1	-2.544969E-1
1.586585E1	2.935174E1	-2.585348E-1
1.588253E1	2.939428E1	-2.485924E-1
1.589922E1	2.943934E1	-2.640214E-1
1.591590E1	2.949292E1	-2.704182E-1
1.593258E1	2.954743E1	-2.571915E-1
1.594927E1	2.959823E1	-2.677255E-1
1.596595E1	2.964208E1	-2.768866E-1
1.598263E1	2.968446E1	-2.708930E-1
1.599932E1	2.971863E1	-2.872358E-1
1.601600E1	2.976827E1	-2.807780E-1
1.603268E1	2.980649E1	-2.939498E-1
1.604937E1	2.985311E1	-3.111966E-1
1.606605E1	2.991858E1	-2.959785E-1
1.608273E1	2.996027E1	-3.053969E-1
1.609942E1	3.001119E1	-3.096441E-1
1.611610E1	3.006709E1	-3.013577E-1
1.613278E1	3.012671E1	-2.936674E-1
1.614947E1	3.017320E1	-2.938364E-1
1.616615E1	3.021633E1	-2.873844E-1
1.618283E1	3.025720E1	-2.785104E-1
1.619952E1	3.027541E1	-2.788608E-1
1.621620E1	3.030178E1	-2.805020E-1
1.623288E1	3.033769E1	-2.849919E-1
1.624957E1	3.036275E1	-2.879211E-1
1.626625E1	3.040596E1	-2.886548E-1
1.628293E1	3.044241E1	-2.914956E-1
1.629962E1	3.048985E1	-2.955043E-1
1.631630E1	3.052713E1	-2.976513E-1
1.633298E1	3.056528E1	-2.976137E-1
1.634967E1	3.060247E1	-3.008294E-1
1.636635E1	3.064145E1	-2.944617E-1
1.638303E1	3.067672E1	-2.925747E-1
1.639972E1	3.071950E1	-2.889113E-1
1.641640E1	3.076441E1	-2.869791E-1
1.643308E1	3.082065E1	-2.843285E-1
1.644977E1	3.086117E1	-2.786853E-1
1.646645E1	3.091133E1	-2.775293E-1
1.648313E1	3.097273E1	-2.791971E-1
1.649982E1	3.101423E1	-2.769657E-1
1.651650E1	3.105967E1	-2.746401E-1
1.653318E1	3.110960E1	-2.774499E-1
1.654987E1	3.115586E1	-2.721604E-1
1.656655E1	3.118462E1	-2.686410E-1
1.658323E1	3.122690E1	-2.592903E-1
1.659992E1	3.123244E1	-2.501518E-1
1.661660E1	3.123903E1	-2.538074E-1
1.663328E1	3.125657E1	-2.517969E-1
1.664997E1	3.126951E1	-2.537634E-1
1.666665E1	3.127524E1	-2.516968E-1
1.668333E1	3.128307E1	-2.573851E-1
1.670002E1	3.128891E1	-2.600315E-1
1.671670E1	3.128794E1	-2.562065E-1
1.673338E1	3.128843E1	-2.535156E-1
1.675007E1	3.129216E1	-2.504184E-1
1.676675E1	3.129984E1	-2.492047E-1
1.678343E1	3.130478E1	-2.502437E-1
1.680012E1	3.132691E1	-2.643669E-1
1.681680E1	3.136752E1	-2.579892E-1
1.683348E1	3.140334E1	-2.630967E-1
1.685017E1	3.142288E1	-2.432402E-1
1.686685E1	3.145676E1	-2.298984E-1
1.688353E1	3.150750E1	-2.003133E-1
1.690022E1	3.155389E1	-2.067295E-1
1.691690E1	3.160431E1	-2.116541E-1
1.693358E1	3.166516E1	-1.920168E-1
1.695027E1	3.170956E1	-2.002737E-1
1.696695E1	3.175038E1	-2.060238E-1
1.698363E1	3.180568E1	-1.952081E-1
1.700032E1	3.183793E1	-2.129224E-1
1.701700E1	3.189379E1	-2.184189E-1
1.703368E1	3.195244E1	-2.121398E-1
1.705037E1	3.200051E1	-2.254406E-1
1.706705E1	3.205667E1	-2.381097E-1
1.708373E1	3.211541E1	-2.445578E-1
1.710042E1	3.218503E1	-2.275116E-1
1.711710E1	3.223885E1	-2.350906E-1
1.713378E1	3.228751E1	-2.282425E-1
1.715047E1	3.233077E1	-2.189495E-1
1.716715E1	3.237464E1	-2.203541E-1
1.718383E1	3.241478E1	-2.141280E-1
1.720052E1	3.245577E1	-2.119158E-1
1.721720E1	3.248785E1	-2.112768E-1
1.723388E1	3.252568E1	-2.129293E-1
1.725057E1	3.255345E1	-2.184201E-1
1.726725E1	3.260076E1	-2.223266E-1
1.728393E1	3.263935E1	-2.283894E-1
1.730062E1	3.269593E1	-2.262884E-1
1.731730E1	3.273087E1	-2.313030E-1
1.733398E1	3.276909E1	-2.309833E-1
1.735067E1	3.280152E1	-2.391625E-1
1.736735E1	3.284531E1	-2.364868E-1
1.738403E1	3.289800E1	-2.332876E-1
1.740072E1	3.293450E1	-2.301293E-1
1.741740E1	3.299109E1	-2.275968E-1
1.743408E1	3.304764E1	-2.179818E-1
1.745077E1	3.309220E1	-2.172797E-1
1.746745E1	3.315586E1	-2.148897E-1
1.748413E1	3.320385E1	-2.090487E-1
1.750082E1	3.324860E1	-2.110096E-1
1.751750E1	3.330554E1	-2.133688E-1
1.753418E1	3.335319E1	-2.087480E-1
1.755087E1	3.338955E1	-2.129361E-1
1.756755E1	3.343059E1	-2.083882E-1
1.758423E1	3.346830E1	-1.987104E-1
1.760092E1	3.347327E1	-1.919144E-1
1.761760E1	3.348910E1	-1.872258E-1
1.763428E1	3.348430E1	-1.876955E-1
1.765097E1	3.348442E1	-1.789822E-1
1.766765E1	3.348507E1	-1.848679E-1
1.768433E1	3.348623E1	-1.875610E-1
1.770102E1	3.348541E1	-1.932950E-1
1.771770E1	3.347379E1	-1.884259E-1
1.773438E1	3.347086E1	-1.840867E-1
1.775107E1	3.347843E1	-1.828261E-1
1.776775E1	3.348805E1	-1.795181E-1
1.778443E1	3.349274E1	-1.797329E-1
1.780112E1	3.351550E1	-1.935123E-1
1.781780E1	3.354675E1	-1.918278E-1
1.783448E1	3.358565E1	-1.944625E-1
1.785117E1	3.362020E1	-1.828237E-1
1.786785E1	3.366325E1	-1.889430E-1
1.788453E1	3.371002E1	-1.795329E-1
1.790122E1	3.375126E1	-1.932777E-1
1.791790E1	3.380332E1	-1.994644E-1
1.793458E1	3.385067E1	-1.832679E-1
1.795127E1	3.389650E1	-1.943987E-1
1.796795E1	3.394722E1	-2.023846E-1
1.798463E1	3.399158E1	-1.964316E-1
1.800132E1	3.402869E1	-2.116568E-1
1.801800E1	3.407615E1	-2.039381E-1
1.803468E1	3.411760E1	-2.192061E-1
1.805137E1	3.416551E1	-2.315146E-1
1.806805E1	3.421965E1	-2.167584E-1
1.808473E1	3.427366E1	-2.291461E-1
1.810142E1	3.432936E1	-2.325249E-1
1.811810E1	3.438797E1	-2.314228E-1
1.813478E1	3.444996E1	-2.199878E-1
1.815147E1	3.448599E1	-2.189661E-1
1.816815E1	3.452579E1	-2.154228E-1
1.818483E1	3.458050E1	-2.088883E-1
1.820152E1	3.460604E1	-2.099015E-1
1.821820E1	3.464748E1	-2.040881E-1
1.823488E1	3.466621E1	-2.034463E-1
1.825157E1	3.469332E1	-2.142727E-1
1.826825E1	3.472892E1	-2.139725E-1
1.828493E1	3.476791E1	-2.231351E-1
1.830162E1	3.480380E1	-2.265742E-1
1.831830E1	3.483888E1	-2.292137E-1
1.833498E1	3.488255E1	-2.301325E-1
1.835167E1	3.491379E1	-2.373491E-1
1.836835E1	3.494550E1	-2.318648E-1
1.838503E1	3.498152E1	-2.318651E-1
1.840172E1	3.502640E1	-2.210412E-1
1.841840E1	3.506267E1	-2.234620E-1
1.843508E1	3.511164E1	-2.220105E-1
1.845177E1	3.516729E1	-2.140482E-1
1.846845E1	3.521821E1	-2.138750E-1
1.848513E1	3.525384E1	-2.108353E-1
1.850182E1	3.529188E1	-2.116609E-1
1.851850E1	3.534182E1	-2.135692E-1
1.853518E1	3.538773E1	-2.098249E-1
1.855187E1	3.541043E1	-2.133116E-1
1.856855E1	3.545073E1	-2.016860E-1
1.858523E1	3.547070E1	-1.961463E-1
1.860192E1	3.547063E1	-1.937967E-1
1.861860E1	3.546089E1	-1.898013E-1
1.863528E1	3.545419E1	-1.882319E-1
1.865197E1	3.545371E1	-1.878254E-1
1.866865E1	3.545092E1	-1.881099E-1
1.868533E1	3.544309E1	-1.939213E-1
1.870202E1	3.543328E1	-1.918478E-1
1.871870E1	3.542734E1	-1.891904E-1
1.873538E1	3.542710E1	-1.803903E-1
1.875207E1	3.543473E1	-1.789872E-1
1.876875E1	3.543760E1	-1.788424E-1
1.878543E1	3.543997E1	-1.823135E-1
1.880212E1	3.544654E1	-1.841030E-1
1.881880E1	3.546382E1	-1.779022E-1
1.883548E1	3.548266E1	-1.874958E-1
1.885217E1	3.552147E1	-1.775383E-1
1.886885E1	3.552830E1	-1.602427E-1
1.888553E1	3.556164E1	-1.540982E-1
1.890222E1	3.560014E1	-1.326096E-1
1.891890E1	3.563794E1	-1.352156E-1
1.893558E1	3.568309E1	-1.168817E-1
1.895227E1	3.572255E1	-1.245804E-1
1.896895E1	3.576370E1	-1.157112E-1
1.898563E1	3.580318E1	-1.270502E-1
1.900232E1	3.583004E1	-1.226217E-1
1.901900E1	3.585950E1	-1.403336E-1
1.903568E1	3.590254E1	-1.361377E-1
1.905237E1	3.594984E1	-1.465844E-1
1.906905E1	3.598051E1	-1.407974E-1
1.908573E1	3.601845E1	-1.493320E-1
1.910242E1	3.607098E1	-1.531871E-1
1.911910E1	3.612646E1	-1.415151E-1
1.913578E1	3.616556E1	-1.437656E-1
1.915247E1	3.620429E1	-1.330462E-1
1.916915E1	3.623900E1	-1.319257E-1
1.918583E1	3.626218E1	-1.288654E-1
1.920252E1	3.628057E1	-1.309232E-1
1.921920E1	3.631711E1	-1.320068E-1
1.923588E1	3.633586E1	-1.319811E-1
1.925257E1	3.635001E1	-1.345959E-1
1.926925E1	3.636445E1	-1.383272E-1
1.928593E1	3.640338E1	-1.413426E-1
1.930262E1	3.643044E1	-1.506505E-1
1.931930E1	3.647255E1	-1.505898E-1
1.933598E1	3.649134E1	-1.485281E-1
1.935267E1	3.651599E1	-1.478964E-1
1.936935E1	3.654840E1	-1.471776E-1
1.938603E1	3.656958E1	-1.436243E-1
1.940272E1	3.660159E1	-1.419702E-1
1.941940E1	3.663255E1	-1.363769E-1
1.943608E1	3.666526E1	-1.375440E-1
1.945277E1	3.670650E1	-1.310956E-1
1.946945E1	3.674189E1	-1.274015E-1
1.948613E1	3.678206E1	-1.293077E-1
1.950282E1	3.681627E1	-1.268341E-1
1.951950E1	3.685053E1	-1.245415E-1
1.953618E1	3.687978E1	-1.277606E-1
1.955287E1	3.690897E1	-1.202541E-1
1.956955E1	3.692258E1	-1.176644E-1
1.958623E1	3.693194E1	-1.135881E-1
1.960292E1	3.691508E1	-1.112361E-1
1.961960E1	3.690625E1	-1.094811E-1
1.963628E1	3.690473E1	-1.087455E-1
1.965297E1	3.690182E1	-1.129623E-1
1.966965E1	3.689585E1	-1.127785E-1
1.968633E1	3.689562E1	-1.168175E-1
1.970302E1	3.689097E1	-1.131741E-1
1.971970E1	3.688628E1	-1.121750E-1
1.973638E1	3.688427E1	-1.122493E-1
1.975307E1	3.688748E1	-1.151548E-1
1.976975E1	3.689441E1	-1.108135E-1
1.978643E1	3.690047E1	-1.120878E-1
1.980312E1	3.691314E1	-1.044139E-1
1.981980E1	3.692862E1	-1.064202E-1
1.983648E1	3.694632E1	-1.167853E-1
1.985317E1	3.698477E1	-1.031416E-1
1.986985E1	3.699559E1	-9.031607E-2
1.988653E1	3.702985E1	-8.497066E-2
1.990322E1	3.706926E1	-6.015681E-2
1.991990E1	3.710833E1	-6.657246E-2
1.993658E1	3.715174E1	-4.868561E-2
1.995327E1	3.718362E1	-5.936371E-2
1.996995E1	3.722416E1	-4.853369E-2
1.998663E1	3.725348E1	-6.884480E-2
2.000332E1	3.729212E1	-6.294624E-2
2.002000E1	3.732333E1	-8.160477E-2
2.003668E1	3.743683E1	-1.070219E-1
2.005337E1	3.748322E1	-1.322047E-1
2.007005E1	3.753181E1	-1.455545E-1
2.008673E1	3.758024E1	-1.402335E-1
2.010342E1	3.763666E1	-1.484087E-1
2.012010E1	3.768196E1	-1.478639E-1
2.013678E1	3.773113E1	-1.372199E-1
2.015347E1	3.777240E1	-1.409085E-1
2.017015E1	3.781229E1	-1.338551E-1
2.018683E1	3.783376E1	-1.363039E-1
2.020352E1	3.786626E1	-1.328357E-1
2.022020E1	3.788220E1	-1.325039E-1
2.023688E1	3.790436E1	-1.438860E-1
2.025357E1	3.793724E1	-1.454365E-1
2.027025E1	3.797338E1	-1.558128E-1
2.028693E1	3.801179E1	-1.564153E-1
2.030362E1	3.804218E1	-1.637598E-1
2.032030E1	3.808440E1	-1.610555E-1
2.033698E1	3.811334E1	-1.636625E-1
2.035367E1	3.815544E1	-1.594664E-1
2.037035E1	3.819104E1	-1.528083E-1
2.038703E1	3.823287E1	-1.489635E-1
2.040372E1	3.827134E1	-1.463227E-1
2.042040E1	3.831326E1	-1.416508E-1
2.043708E1	3.834772E1	-1.416794E-1
2.045377E1	3.839710E1	-1.364703E-1
2.047045E1	3.843432E1	-1.385951E-1
2.048713E1	3.846930E1	-1.362487E-1
2.050382E1	3.850204E1	-1.393850E-1
2.052050E1	3.854486E1	-1.363967E-1
2.053718E1	3.855767E1	-1.389604E-1
2.055387E1	3.858473E1	-1.348538E-1
2.057055E1	3.859461E1	-1.275760E-1
2.058723E1	3.858986E1	-1.204222E-1
2.060392E1	3.858715E1	-1.259404E-1
2.062060E1	3.858182E1	-1.228677E-1
2.063728E1	3.858193E1	-1.259400E-1
2.065397E1	3.857554E1	-1.234721E-1
2.067065E1	3.856623E1	-1.259883E-1
2.068733E1	3.856228E1	-1.277211E-1
2.070402E1	3.856052E1	-1.208788E-1
2.072070E1	3.855653E1	-1.202410E-1
2.073738E1	3.856103E1	-1.209813E-1
2.075407E1	3.856679E1	-1.165218E-1
2.077075E1	3.857883E1	-1.173041E-1
2.078743E1	3.858401E1	-1.189491E-1
2.080412E1	3.860490E1	-1.140725E-1
2.082080E1	3.861326E1	-1.149731E-1
2.083748E1	3.862748E1	-1.216738E-1
2.085417E1	3.866721E1	-1.122022E-1
2.087085E1	3.869617E1	-1.242199E-1
2.088753E1	3.873791E1	-1.158386E-1
2.090422E1	3.877451E1	-1.265893E-1
2.092090E1	3.882256E1	-1.139494E-1
2.093758E1	3.885561E1	-1.245225E-1
2.095427E1	3.889353E1	-1.174810E-1
2.097095E1	3.892948E1	-1.337377E-1
2.098763E1	3.896683E1	-1.292961E-1
2.100432E1	3.899823E1	-1.449237E-1
2.102100E1	3.900546E1	-1.397112E-1
2.103768E1	3.909765E1	-1.563973E-1
2.105437E1	3.913575E1	-1.651052E-1
2.107105E1	3.918939E1	-1.521546E-1
2.108773E1	3.923750E1	-1.575428E-1
2.110442E1	3.929378E1	-1.519136E-1
2.112110E1	3.933639E1	-1.432676E-1
2.113778E1	3.937441E1	-1.436135E-1
2.115447E1	3.942020E1	-1.355997E-1
2.117115E1	3.945055E1	-1.359139E-1
2.118783E1	3.947144E1	-1.316544E-1
2.120452E1	3.949269E1	-1.300406E-1
2.122120E1	3.950447E1	-1.378158E-1
2.123788E1	3.953828E1	-1.374714E-1
2.125457E1	3.956669E1	-1.417932E-1
2.127125E1	3.958869E1	-1.447101E-1
2.128793E1	3.961971E1	-1.477683E-1
2.130462E1	3.963677E1	-1.473409E-1
2.132130E1	3.965740E1	-1.572897E-1
2.133798E1	3.969548E1	-1.523180E-1
2.135467E1	3.972175E1	-1.533314E-1
2.137135E1	3.975398E1	-1.462287E-1
2.138803E1	3.977791E1	-1.417763E-1
2.140472E1	3.980119E1	-1.424903E-1
2.142140E1	3.984610E1	-1.379017E-1
2.143808E1	3.987088E1	-1.335571E-1
2.145477E1	3.991500E1	-1.313188E-1
2.147145E1	3.993865E1	-1.307644E-1
2.148813E1	3.998331E1	-1.282166E-1
2.150482E1	4.001720E1	-1.334326E-1
2.152150E1	4.004422E1	-1.307452E-1
2.153818E1	4.006156E1	-1.258087E-1
2.155487E1	4.006380E1	-1.191288E-1
2.157155E1	4.006208E1	-1.118797E-1
2.158823E1	4.005138E1	-1.122014E-1
2.160492E1	4.004251E1	-1.113336E-1
2.162160E1	4.003470E1	-1.144645E-1
2.163828E1	4.002806E1	-1.154154E-1
2.165497E1	4.001965E1	-1.138402E-1
2.167165E1	4.001166E1	-1.185522E-1
2.168833E1	3.998667E1	-1.004248E-1
2.170502E1	3.996189E1	-7.512370E-2
2.172170E1	3.995084E1	-5.394520E-2
2.173838E1	3.995591E1	-4.853513E-2
2.175507E1	3.995226E1	-4.978376E-2
2.177175E1	3.996279E1	-4.518596E-2
2.178843E1	3.997056E1	-4.634519E-2
2.180512E1	3.998792E1	-3.594428E-2
2.182180E1	4.000228E1	-2.967830E-2
2.183848E1	4.001417E1	-4.074190E-2
2.185517E1	4.005022E1	-3.044010E-2
2.187185E1	4.006035E1	-1.342558E-2
2.188853E1	4.009070E1	-1.906082E-2
2.190522E1	4.013705E1	1.350478E-2
2.192190E1	4.017175E1	5.874047E-3
2.193858E1	4.021457E1	2.149375E-2
2.195527E1	4.024595E1	1.026800E-2
2.197195E1	4.028417E1	2.109406E-2
2.198863E1	4.031951E1	2.629134E-3
2.200532E1	4.035920E1	8.020908E-3
2.202200E1	4.039452E1	-1.119526E-2
2.203868E1	4.045004E1	-2.310875E-2
2.205537E1	4.050648E1	-5.805765E-3
2.207205E1	4.055032E1	-1.537556E-2
2.208873E1	4.060740E1	-1.835478E-2
2.210542E1	4.066297E1	-4.471033E-3
2.212210E1	4.071034E1	-2.959349E-3
2.213878E1	4.075491E1	-7.697269E-3
2.215547E1	4.080167E1	4.170476E-3
2.217215E1	4.083681E1	3.281105E-3
2.218883E1	4.087186E1	4.441124E-3
2.220552E1	4.089435E1	5.815747E-4
2.222220E1	4.092821E1	8.799580E-4
2.223888E1	4.095030E1	2.333922E-3
2.225557E1	4.096503E1	-1.255013E-2
2.227225E1	4.101110E1	-8.752271E-3
2.228893E1	4.104523E1	-1.935748E-2
2.230562E1	4.107414E1	-2.036678E-2
2.232230E1	4.109864E1	-1.573379E-2
2.233898E1	4.113777E1	-2.971647E-2
2.235567E1	4.116677E1	-4.138464E-2
2.237235E1	4.118776E1	-6.109825E-2
2.238903E1	4.122660E1	-6.344730E-2
2.240572E1	4.124859E1	-5.801279E-2
2.242240E1	4.127558E1	-6.435825E-2
2.243908E1	4.131891E1	-6.106395E-2
2.245577E1	4.134885E1	-6.070375E-2
2.247245E1	4.138897E1	-5.400663E-2
2.248913E1	4.141889E1	-6.002254E-2
2.250582E1	4.144912E1	-5.911200E-2
2.252250E1	4.147694E1	-6.455171E-2
2.253918E1	4.150215E1	-5.903307E-2
2.255587E1	4.151735E1	-5.003048E-2
2.257255E1	4.152521E1	-4.751409E-2
2.258923E1	4.151468E1	-4.235009E-2
2.260592E1	4.150631E1	-4.133111E-2
2.262260E1	4.150105E1	-4.850407E-2
2.263928E1	4.149261E1	-4.770596E-2
2.265597E1	4.148636E1	-4.680071E-2
2.267265E1	4.148143E1	-5.078748E-2
2.268933E1	4.147366E1	-5.480938E-2
2.270602E1	4.147231E1	-4.902552E-2
2.272270E1	4.147376E1	-4.865558E-2
2.273938E1	4.148065E1	-4.601984E-2
2.275607E1	4.148835E1	-4.670062E-2
2.277275E1	4.149362E1	-4.347653E-2
2.278943E1	4.150282E1	-4.051806E-2
2.280612E1	4.152204E1	-3.543308E-2
2.282280E1	4.153381E1	-3.527488E-2
2.283948E1	4.155297E1	-4.956291E-2
2.285617E1	4.158774E1	-3.853116E-2
2.287285E1	4.162210E1	-5.368080E-2
2.288953E1	4.166204E1	-4.203506E-2
2.290622E1	4.169697E1	-5.829984E-2
2.292290E1	4.174050E1	-4.499208E-2
2.293958E1	4.178045E1	-5.564280E-2
2.295627E1	4.181691E1	-4.430801E-2
2.297295E1	4.185114E1	-6.749144E-2
2.298963E1	4.189281E1	-6.090115E-2
2.300632E1	4.192434E1	-7.579886E-2
2.302300E1	4.197217E1	-7.251838E-2
2.303968E1	4.201136E1	-9.227669E-2
2.305637E1	4.206572E1	-1.001499E-1
2.307305E1	4.211826E1	-8.446131E-2
2.308973E1	4.217262E1	-9.511342E-2
2.310642E1	4.222512E1	-9.310283E-2
2.312310E1	4.227567E1	-8.865312E-2
2.313978E1	4.232814E1	-7.371615E-2
2.315647E1	4.237518E1	-7.422430E-2
2.317315E1	4.241372E1	-6.272479E-2
2.318983E1	4.244303E1	-7.011313E-2
2.320652E1	4.247376E1	-6.378721E-2
2.322320E1	4.249736E1	-7.322441E-2
2.323988E1	4.252871E1	-7.084256E-2
2.325657E1	4.255213E1	-7.329243E-2
2.327325E1	4.257190E1	-8.124862E-2
2.328993E1	4.260701E1	-8.198013E-2
2.330662E1	4.263174E1	-8.213044E-2
2.332330E1	4.265089E1	-9.737592E-2
2.333998E1	4.268243E1	-8.699682E-2
2.335667E1	4.270157E1	-8.037239E-2
2.337335E1	4.272341E1	-8.669149E-2
2.339003E1	4.275530E1	-7.595393E-2
2.340672E1	4.277898E1	-6.708818E-2
2.342340E1	4.280800E1	-7.131144E-2
2.344008E1	4.284079E1	-6.442275E-2
2.345677E1	4.287367E1	-6.113424E-2
2.347345E1	4.290549E1	-5.705351E-2
2.349013E1	4.293758E1	-6.002715E-2
2.350682E1	4.296563E1	-5.878896E-2
2.352350E1	4.298665E1	-5.678357E-2
2.354018E1	4.299299E1	-5.168029E-2
2.355687E1	4.300352E1	-4.848418E-2
2.357355E1	4.299417E1	-4.226914E-2
2.359023E1	4.297560E1	-4.664520E-2
2.360692E1	4.296018E1	-4.323561E-2
2.362360E1	4.295021E1	-4.420345E-2
2.364028E1	4.294452E1	-4.644659E-2
2.365697E1	4.293789E1	-4.674546E-2
2.367365E1	4.290053E1	-2.699278E-2
2.369033E1	4.287904E1	-1.163220E-2
2.370702E1	4.286892E1	-4.807076E-4
2.372370E1	4.286637E1	1.254438E-2
2.374038E1	4.287073E1	1.726621E-2
2.375707E1	4.287355E1	2.170371E-2
2.377375E1	4.287967E1	1.867297E-2
2.379043E1	4.289076E1	2.866607E-2
2.380712E1	4.290652E1	3.286864E-2
2.382380E1	4.292352E1	4.182640E-2
2.384048E1	4.291008E1	3.045236E-2
2.385717E1	4.295759E1	3.463886E-2
2.387385E1	4.298462E1	4.234125E-2
2.389053E1	4.301919E1	2.240170E-2
2.390722E1	4.306166E1	3.721939E-2
2.392390E1	4.310201E1	2.321319E-2
2.394058E1	4.314007E1	3.304084E-2
2.395727E1	4.317492E1	1.758062E-2
2.397395E1	4.321177E1	2.634124E-2
2.399063E1	4.324588E1	4.753506E-3
2.400732E1	4.328356E1	1.334699E-2
2.402400E1	4.333463E1	-4.602472E-3
2.404068E1	4.338442E1	-1.959502E-2
2.405737E1	4.343577E1	-3.157206E-3
2.407405E1	4.348428E1	-1.541703E-2
2.409073E1	4.354077E1	-2.292137E-2
2.410742E1	4.360502E1	-2.698494E-2
2.412410E1	4.366889E1	-2.118461E-2
2.414078E1	4.373468E1	1.552355E-3
2.415747E1	4.376721E1	-4.697591E-3
2.417415E1	4.380854E1	7.514971E-3
2.419083E1	4.383787E1	1.097129E-3
2.420752E1	4.386898E1	6.516587E-3
2.422420E1	4.389501E1	-5.149160E-3
2.424088E1	4.392940E1	-4.980143E-3
2.425757E1	4.395909E1	-1.305637E-2
2.427425E1	4.400364E1	-1.062141E-2
2.429093E1	4.402760E1	-7.847445E-3
2.430762E1	4.404660E1	-2.225768E-2
2.432430E1	4.407883E1	-1.889466E-2
2.434098E1	4.409460E1	-1.260575E-2
2.435767E1	4.411712E1	-2.341201E-2
2.437435E1	4.414962E1	-1.086732E-2
2.439103E1	4.416559E1	-2.980532E-3
2.440772E1	4.419413E1	-6.931039E-3
2.442440E1	4.423540E1	8.386153E-4
2.444108E1	4.426706E1	-1.573721E-3
2.445777E1	4.430404E1	7.002182E-3
2.447445E1	4.432302E1	5.761895E-5
2.449113E1	4.436529E1	6.388495E-3
2.450782E1	4.439508E1	1.229029E-3
2.452450E1	4.442532E1	4.792139E-3
2.454118E1	4.444488E1	1.421618E-2
2.455787E1	4.444777E1	1.371227E-2
2.457455E1	4.444645E1	2.105647E-2
2.459123E1	4.443008E1	2.215123E-2
2.460792E1	4.441813E1	2.308913E-2
2.462460E1	4.441060E1	2.069688E-2
2.464128E1	4.439769E1	1.610444E-2
2.465797E1	4.438293E1	3.768053E-2
2.467465E1	4.434957E1	2.470629E-2
2.469133E1	4.433566E1	2.108496E-2
2.470802E1	4.432384E1	2.174115E-2
2.472470E1	4.429347E1	4.736971E-2
2.474138E1	4.428484E1	7.322873E-2
2.475807E1	4.428408E1	7.660617E-2
2.477475E1	4.428130E1	8.729261E-2
2.479143E1	4.429059E1	9.155842E-2
2.480812E1	4.429892E1	1.029861E-1
2.482480E1	4.431567E1	1.140301E-1
2.484148E1	4.432689E1	9.606748E-2
2.485817E1	4.436288E1	1.089585E-1
2.487485E1	4.437500E1	1.211479E-1
2.489153E1	4.440878E1	1.181003E-1
2.490822E1	4.444370E1	1.485959E-1
2.492490E1	4.448335E1	1.374397E-1
2.494158E1	4.453086E1	1.614693E-1
2.495827E1	4.456492E1	1.451855E-1
2.497495E1	4.459691E1	1.572956E-1
2.499163E1	4.463427E1	1.409158E-1
2.500832E1	4.468053E1	1.525237E-1
2.502500E1	4.471901E1	1.302350E-1
2.504168E1	4.479166E1	1.143954E-1
2.505837E1	4.484358E1	7.294302E-2
2.507505E1	4.489950E1	8.548948E-2
2.509173E1	4.495709E1	7.553055E-2
2.510842E1	4.500875E1	5.796408E-2
2.512510E1	4.505607E1	5.317531E-2
2.514178E1	4.512229E1	7.630298E-2
2.515847E1	4.516199E1	6.828322E-2
2.517515E1	4.520130E1	7.178352E-2
2.519183E1	4.524888E1	8.197603E-2
2.520852E1	4.527791E1	7.376084E-2
2.522520E1	4.531538E1	7.838710E-2
2.524188E1	4.533174E1	7.857983E-2
2.525857E1	4.536415E1	5.873227E-2
2.527525E1	4.540301E1	6.874001E-2
2.529193E1	4.542929E1	4.756531E-2
2.530862E1	4.545815E1	5.451544E-2
2.532530E1	4.547978E1	5.765592E-2
2.534198E1	4.549885E1	4.850089E-2
2.535867E1	4.553894E1	5.244051E-2
2.537535E1	4.555584E1	6.590687E-2
2.539203E1	4.557790E1	6.054069E-2
2.540872E1	4.561119E1	7.061655E-2
2.542540E1	4.563966E1	6.758230E-2
2.544208E1	4.568380E1	7.713197E-2
2.545877E1	4.570988E1	8.314343E-2
2.547545E1	4.573218E1	7.739346E-2
2.549213E1	4.576259E1	8.326277E-2
2.550882E1	4.577984E1	8.482480E-2
2.552550E1	4.579561E1	7.612590E-2
2.554218E1	4.582171E1	8.322423E-2
2.555887E1	4.582786E1	9.109724E-2
2.557555E1	4.582124E1	9.195558E-2
2.559223E1	4.580752E1	9.387441E-2
2.560892E1	4.579492E1	8.866067E-2
2.562560E1	4.578396E1	8.678536E-2
2.564228E1	4.576514E1	1.001374E-1
2.565897E1	4.574089E1	9.251832E-2
2.567565E1	4.571918E1	8.899178E-2
2.569233E1	4.570450E1	1.048613E-1
2.570902E1	4.566941E1	1.010462E-1
2.572570E1	4.565293E1	9.764274E-2
2.574238E1	4.564708E1	1.021906E-1
2.575907E1	4.565351E1	1.002336E-1
2.577575E1	4.565951E1	9.673645E-2
2.579243E1	4.566963E1	9.905055E-2
2.580912E1	4.568095E1	1.046474E-1
2.582580E1	4.569381E1	1.145707E-1
2.584248E1	4.569532E1	1.277163E-1
2.585917E1	4.571162E1	1.276017E-1
2.587585E1	4.575457E1	1.578535E-1
2.589253E1	4.578728E1	1.486938E-1
2.590922E1	4.583153E1	1.652528E-1
2.592590E1	4.586718E1	1.552895E-1
2.594258E1	4.591250E1	1.711012E-1
2.595927E1	4.594917E1	1.584363E-1
2.597595E1	4.598770E1	1.642672E-1
2.599263E1	4.602332E1	1.472223E-1
2.600932E1	4.606620E1	1.543949E-1
2.602600E1	4.609345E1	1.328514E-1
2.604268E1	4.614580E1	1.499348E-1
2.605937E1	4.618748E1	1.361017E-1
2.607605E1	4.624987E1	1.257686E-1
2.609273E1	4.631463E1	1.226088E-1
2.610942E1	4.637703E1	1.233182E-1
2.612610E1	4.644895E1	1.298626E-1
2.614278E1	4.651055E1	1.489615E-1
2.615947E1	4.655448E1	1.449298E-1
2.617615E1	4.659777E1	1.405154E-1
2.619283E1	4.664102E1	1.544212E-1
2.620952E1	4.668081E1	1.466311E-1
2.622620E1	4.671403E1	1.513610E-1
2.624288E1	4.674318E1	1.351484E-1
2.625957E1	4.678208E1	1.427598E-1
2.627625E1	4.681130E1	1.300585E-1
2.629293E1	4.685868E1	1.329095E-1
2.630962E1	4.687966E1	1.369439E-1
2.632630E1	4.690518E1	1.232935E-1
2.634298E1	4.692919E1	1.334459E-1
2.635967E1	4.695387E1	1.272901E-1
2.637635E1	4.699113E1	1.381975E-1
2.639303E1	4.701745E1	1.421495E-1
2.640972E1	4.703995E1	1.384408E-1
2.642640E1	4.707895E1	1.504119E-1
2.644308E1	4.711212E1	1.463553E-1
2.645977E1	4.715265E1	1.518349E-1
2.647645E1	4.718264E1	1.463351E-1
2.649313E1	4.721462E1	1.509299E-1
2.650982E1	4.723896E1	1.538576E-1
2.652650E1	4.725953E1	1.423366E-1
2.654318E1	4.728318E1	1.486121E-1
2.655987E1	4.729191E1	1.558799E-1
2.657655E1	4.728904E1	1.611780E-1
2.659323E1	4.727715E1	1.587960E-1
2.660992E1	4.726565E1	1.565706E-1
2.662660E1	4.724728E1	1.550513E-1
2.664328E1	4.722904E1	1.634789E-1
2.665997E1	4.720768E1	1.597038E-1
2.667665E1	4.718323E1	1.537858E-1
2.669333E1	4.717732E1	1.551957E-1
2.671002E1	4.716883E1	1.691062E-1
2.672670E1	4.713468E1	1.714121E-1
2.674338E1	4.712653E1	1.688958E-1
2.676007E1	4.712352E1	1.702685E-1
2.677675E1	4.712697E1	1.663567E-1
2.679343E1	4.713678E1	1.681526E-1
2.681012E1	4.715086E1	1.788413E-1
2.682680E1	4.716806E1	1.814541E-1
2.684348E1	4.717366E1	1.641879E-1
2.686017E1	4.721631E1	1.789369E-1
2.687685E1	4.725008E1	1.580572E-1
2.689353E1	4.728972E1	1.716028E-1
2.691022E1	4.733681E1	1.596289E-1
2.692690E1	4.737972E1	1.760950E-1
2.694358E1	4.742057E1	1.622515E-1
2.696027E1	4.745789E1	1.773670E-1
2.697695E1	4.748973E1	1.542402E-1
2.699363E1	4.753135E1	1.634095E-1
2.701032E1	4.757102E1	1.463113E-1
2.702700E1	4.762040E1	1.297315E-1
2.704368E1	4.767787E1	1.488319E-1
2.706037E1	4.773384E1	1.383465E-1
2.707705E1	4.778894E1	1.292508E-1
2.709373E1	4.785454E1	1.218537E-1
2.711042E1	4.792850E1	1.274964E-1
2.712710E1	4.799223E1	1.340533E-1
2.714378E1	4.805945E1	1.366995E-1
2.716047E1	4.811584E1	1.505761E-1
2.717715E1	4.816200E1	1.454826E-1
2.719383E1	4.820454E1	1.451492E-1
2.721052E1	4.824499E1	1.500311E-1
2.722720E1	4.828442E1	1.437502E-1
2.724388E1	4.831942E1	1.454018E-1
2.726057E1	4.836067E1	1.376132E-1
2.727725E1	4.839650E1	1.421503E-1
2.729393E1	4.842906E1	1.378112E-1
2.731062E1	4.846339E1	1.334206E-1
2.732730E1	4.849724E1	1.181580E-1
2.734398E1	4.852731E1	1.281763E-1
2.736067E1	4.855105E1	1.380155E-1
2.737735E1	4.856957E1	1.273452E-1
2.739403E1	4.860431E1	1.399936E-1
2.741072E1	4.863945E1	1.381446E-1
2.742740E1	4.867999E1	1.472594E-1
2.744408E1	4.871096E1	1.460278E-1
2.746077E1	4.876042E1	1.509137E-1
2.747745E1	4.878973E1	1.480089E-1
2.749413E1	4.882963E1	1.522748E-1
2.751082E1	4.884894E1	1.533697E-1
2.752750E1	4.886470E1	1.459116E-1
2.754418E1	4.888635E1	1.494637E-1
2.756087E1	4.889307E1	1.547173E-1
2.757755E1	4.889056E1	1.595704E-1
2.759423E1	4.887597E1	1.588938E-1
2.761092E1	4.886052E1	1.551931E-1
2.762760E1	4.884776E1	1.691098E-1
2.764428E1	4.881625E1	1.602348E-1
2.766097E1	4.879552E1	1.582151E-1
2.767765E1	4.878352E1	1.487267E-1
2.769433E1	4.876852E1	1.669454E-1
2.771102E1	4.873711E1	1.641401E-1
2.772770E1	4.872146E1	1.631248E-1
2.774438E1	4.872194E1	1.621917E-1
2.776107E1	4.872701E1	1.664745E-1
2.777775E1	4.873152E1	1.620266E-1
2.779443E1	4.874036E1	1.682712E-1
2.781112E1	4.875479E1	1.720707E-1
2.782780E1	4.877201E1	1.857375E-1
2.784448E1	4.878884E1	1.641828E-1
2.786117E1	4.882581E1	1.799696E-1
2.787785E1	4.886231E1	1.664580E-1
2.789453E1	4.890059E1	1.772771E-1
2.791122E1	4.894266E1	1.602492E-1
2.792790E1	4.899004E1	1.774587E-1
2.794458E1	4.902684E1	1.612195E-1
2.796127E1	4.907069E1	1.758043E-1
2.797795E1	4.910336E1	1.578015E-1
2.799463E1	4.914822E1	1.458065E-1
2.801132E1	4.920786E1	1.566981E-1
2.802800E1	4.925481E1	1.352202E-1
2.804468E1	4.931508E1	1.262417E-1
2.806137E1	4.937940E1	1.180007E-1
2.807805E1	4.944674E1	1.194251E-1
2.809473E1	4.952401E1	1.211949E-1
2.811142E1	4.960038E1	1.245868E-1
2.812810E1	4.967229E1	1.279455E-1
2.814478E1	4.973989E1	1.318344E-1
2.816147E1	4.981134E1	1.363426E-1
2.817815E1	4.986029E1	1.528246E-1
2.819483E1	4.990675E1	1.482803E-1
2.821152E1	4.994191E1	1.539600E-1
2.822820E1	4.997486E1	1.447959E-1
2.824488E1	5.000534E1	1.446172E-1
2.826157E1	5.003636E1	1.327898E-1
2.827825E1	5.007744E1	1.387189E-1
2.829493E1	5.010747E1	1.205650E-1
2.831162E1	5.015261E1	1.331871E-1
2.832830E1	5.016738E1	1.364642E-1
2.834498E1	5.019489E1	1.243701E-1
2.836167E1	5.022507E1	1.341052E-1
2.837835E1	5.024867E1	1.262316E-1
2.839503E1	5.028418E1	1.361980E-1
2.841172E1	5.031378E1	1.475882E-1
2.842840E1	5.033843E1	1.428560E-1
2.844508E1	5.037697E1	1.502089E-1
2.846177E1	5.040501E1	1.450996E-1
2.847845E1	5.043780E1	1.527061E-1
2.849513E1	5.046681E1	1.450864E-1
2.851182E1	5.050610E1	1.510185E-1
2.852850E1	5.052316E1	1.533235E-1
2.854518E1	5.052421E1	1.580630E-1
2.856187E1	5.052585E1	1.606128E-1
2.857855E1	5.051028E1	1.631794E-1
2.859523E1	5.049270E1	1.635096E-1
2.861192E1	5.048083E1	1.619981E-1
2.862860E1	5.046633E1	1.557710E-1
2.864528E1	5.045596E1	1.732700E-1
2.866197E1	5.041919E1	1.633403E-1
2.867865E1	5.039687E1	1.604083E-1
2.869533E1	5.038320E1	1.681374E-1
2.871202E1	5.034687E1	1.687558E-1
2.872870E1	5.033120E1	1.649896E-1
2.874538E1	5.033017E1	1.625848E-1
2.876207E1	5.033190E1	1.623490E-1
2.877875E1	5.033834E1	1.591866E-1
2.879543E1	5.034618E1	1.619110E-1
2.881212E1	5.036000E1	1.679317E-1
2.882880E1	5.037965E1	1.731676E-1
2.884548E1	5.039153E1	1.580966E-1
2.886217E1	5.042663E1	1.699468E-1
2.887885E1	5.046384E1	1.588496E-1
2.889553E1	5.050400E1	1.663994E-1
2.891222E1	5.054513E1	1.545804E-1
2.892890E1	5.059757E1	1.719921E-1
2.894558E1	5.063639E1	1.610202E-1
2.896227E1	5.067547E1	1.666476E-1
2.897895E1	5.070781E1	1.523638E-1
2.899563E1	5.075350E1	1.585068E-1
2.901232E1	5.078610E1	1.427783E-1
2.902900E1	5.084366E1	1.273130E-1
2.904568E1	5.092099E1	1.089343E-1
2.906237E1	5.098517E1	7.767039E-2
2.907905E1	5.104343E1	9.883712E-2
2.909573E1	5.110005E1	7.501441E-2
2.911242E1	5.115889E1	6.444226E-2
2.912910E1	5.122480E1	6.080878E-2
2.914578E1	5.128176E1	6.195783E-2
2.916247E1	5.134024E1	6.482853E-2
2.917915E1	5.140105E1	8.094019E-2
2.919583E1	5.144487E1	7.550971E-2
2.921252E1	5.148126E1	8.451217E-2
2.922920E1	5.150596E1	7.217844E-2
2.924588E1	5.154353E1	7.566497E-2
2.926257E1	5.157220E1	6.065676E-2
2.927925E1	5.161168E1	6.866596E-2
2.929593E1	5.163754E1	4.794753E-2
2.931262E1	5.167507E1	5.747751E-2
2.932930E1	5.169626E1	6.031402E-2
2.934598E1	5.170903E1	4.551646E-2
2.936267E1	5.174906E1	4.703755E-2
2.937935E1	5.176473E1	5.597200E-2
2.939603E1	5.178675E1	5.378022E-2
2.941272E1	5.181844E1	6.631787E-2
2.942940E1	5.183940E1	7.526569E-2
2.944608E1	5.185892E1	7.292474E-2
2.946277E1	5.189600E1	8.024932E-2
2.947945E1	5.191895E1	8.472524E-2
2.949613E1	5.193666E1	7.890246E-2
2.951282E1	5.197152E1	8.201668E-2
2.952950E1	5.197250E1	8.432868E-2
2.954618E1	5.196964E1	8.586054E-2
2.956287E1	5.196645E1	8.607132E-2
2.957955E1	5.195386E1	8.468121E-2
2.959623E1	5.193691E1	7.898755E-2
2.961292E1	5.190448E1	8.930705E-2
2.962960E1	5.186592E1	8.036430E-2
2.964628E1	5.182697E1	8.887713E-2
2.966297E1	5.179745E1	7.968632E-2
2.967965E1	5.176243E1	9.202796E-2
2.969633E1	5.172537E1	8.569565E-2
2.971302E1	5.170095E1	1.066861E-1
2.972970E1	5.165168E1	1.015960E-1
2.974638E1	5.164151E1	9.612436E-2
2.976307E1	5.163502E1	9.759572E-2
2.977975E1	5.163713E1	9.811720E-2
2.979643E1	5.164895E1	1.033836E-1
2.981312E1	5.165879E1	1.054729E-1
2.982980E1	5.166884E1	1.106114E-1
2.984648E1	5.167759E1	1.120283E-1
2.986317E1	5.169189E1	1.136543E-1
2.987985E1	5.170096E1	1.088702E-1
2.989653E1	5.171471E1	8.287985E-2
2.991322E1	5.175424E1	8.815620E-2
2.992990E1	5.178286E1	7.284620E-2
2.994658E1	5.182189E1	8.978667E-2
2.996327E1	5.184496E1	9.359161E-2
2.997995E1	5.186930E1	7.434254E-2
2.999663E1	5.190297E1	8.420026E-2
3.001332E1	5.193145E1	6.609888E-2
3.003000E1	5.198298E1	7.924468E-2
3.004668E1	5.202616E1	6.753307E-2
3.006337E1	5.206567E1	8.164729E-2
3.008005E1	5.211493E1	7.092108E-2
3.009673E1	5.216322E1	6.475833E-2
3.011342E1	5.222086E1	6.059529E-2
3.013010E1	5.227592E1	7.999142E-2
3.014678E1	5.231956E1	7.298911E-2
3.016347E1	5.235799E1	8.423693E-2
3.018015E1	5.238794E1	7.713261E-2
3.019683E1	5.241475E1	8.595818E-2
3.021352E1	5.243192E1	8.711371E-2
3.023020E1	5.243261E1	8.394733E-2
3.024688E1	5.242144E1	8.319875E-2
3.026357E1	5.244999E1	5.547242E-2
3.028025E1	5.247314E1	5.898672E-2
3.029693E1	5.248421E1	5.804271E-2
3.031362E1	5.249174E1	5.824521E-2
3.033030E1	5.249187E1	6.337163E-2
3.034698E1	5.248857E1	6.732602E-2
3.036367E1	5.248802E1	7.159387E-2
3.038035E1	5.248819E1	7.369659E-2
3.039703E1	5.248945E1	7.937536E-2
3.041372E1	5.249306E1	8.650265E-2
3.043040E1	5.249827E1	9.102238E-2
3.044708E1	5.250606E1	9.730447E-2
3.046377E1	5.250453E1	9.200656E-2
3.048045E1	5.249896E1	1.000197E-1
3.049713E1	5.249242E1	9.669586E-2
3.051382E1	5.248804E1	9.315206E-2
3.053050E1	5.247473E1	8.920429E-2
3.054718E1	5.246355E1	8.333280E-2
3.056387E1	5.245223E1	8.458929E-2
3.058055E1	5.242528E1	9.911524E-2
3.059723E1	5.236629E1	8.883983E-2
3.061392E1	5.232205E1	9.380092E-2
3.063060E1	5.226888E1	9.876696E-2
3.064728E1	5.220995E1	1.089929E-1
3.066397E1	5.215164E1	8.637774E-2
3.068065E1	5.210265E1	9.932307E-2
3.069733E1	5.205088E1	1.132612E-1
3.071402E1	5.198187E1	1.301416E-1
3.073070E1	5.193906E1	1.461921E-1
3.074738E1	5.190447E1	1.796571E-1
3.076407E1	5.187280E1	1.659994E-1
3.078075E1	5.185919E1	1.663110E-1
3.079743E1	5.186090E1	1.688025E-1
3.081412E1	5.186394E1	1.663771E-1
3.083080E1	5.187160E1	1.725350E-1
3.084748E1	5.187508E1	1.746398E-1
3.086417E1	5.188216E1	1.781948E-1
3.088085E1	5.188898E1	1.814356E-1
3.089753E1	5.189992E1	1.832355E-1
3.091422E1	5.191189E1	1.856306E-1
3.093090E1	5.192157E1	1.905633E-1
3.094758E1	5.193136E1	1.722915E-1
3.096427E1	5.196395E1	1.746759E-1
3.098095E1	5.198278E1	1.745085E-1
3.099763E1	5.199870E1	1.546621E-1
3.101432E1	5.203353E1	1.596050E-1
3.103100E1	5.205373E1	1.622891E-1
3.104768E1	5.207520E1	1.441720E-1
3.106437E1	5.212181E1	1.559149E-1
3.108105E1	5.216023E1	1.385294E-1
3.109773E1	5.220057E1	1.474653E-1
3.111442E1	5.223865E1	1.326065E-1
3.113110E1	5.228177E1	1.473805E-1
3.114778E1	5.230074E1	1.399793E-1
3.116447E1	5.233885E1	1.517713E-1
3.118115E1	5.234955E1	1.540913E-1
3.119783E1	5.235708E1	1.619913E-1
3.121452E1	5.235307E1	1.586877E-1
3.123120E1	5.234717E1	1.586791E-1
3.124788E1	5.234037E1	1.512905E-1
3.126457E1	5.233778E1	1.490787E-1
3.128125E1	5.233656E1	1.471319E-1
3.129793E1	5.233206E1	1.409336E-1
3.131462E1	5.233028E1	1.392977E-1
3.133130E1	5.232490E1	1.381209E-1
3.134798E1	5.232121E1	1.363262E-1
3.136467E1	5.232414E1	1.426031E-1
3.138135E1	5.231333E1	1.409894E-1
3.139803E1	5.231136E1	1.445733E-1
3.141472E1	5.231718E1	1.475585E-1
3.143140E1	5.231409E1	1.493892E-1
3.144808E1	5.231761E1	1.516855E-1
3.146477E1	5.231976E1	1.554518E-1
3.148145E1	5.232082E1	1.545939E-1
3.149813E1	5.231305E1	1.525744E-1
3.151482E1	5.230813E1	1.523963E-1
3.153150E1	5.229729E1	1.505457E-1
3.154818E1	5.227775E1	1.641198E-1
3.156487E1	5.223406E1	1.627959E-1
3.158155E1	5.218894E1	1.720460E-1
3.159823E1	5.212609E1	1.752505E-1
3.161492E1	5.205904E1	1.778486E-1
3.163160E1	5.198585E1	1.807308E-1
3.164828E1	5.190988E1	1.779987E-1
3.166497E1	5.183359E1	1.838742E-1
3.168165E1	5.175633E1	1.814714E-1
3.169833E1	5.168690E1	1.888212E-1
3.171502E1	5.160546E1	2.175266E-1
3.173170E1	5.154934E1	2.459814E-1
3.174838E1	5.149951E1	2.462280E-1
3.176507E1	5.146327E1	2.597259E-1
3.178175E1	5.143320E1	2.491720E-1
3.179843E1	5.141645E1	2.472637E-1
3.181512E1	5.142118E1	2.520923E-1
3.183180E1	5.139705E1	2.910813E-1
3.184848E1	5.138689E1	3.075338E-1
3.186517E1	5.138283E1	3.126514E-1
3.188185E1	5.138000E1	3.147848E-1
3.189853E1	5.138865E1	3.150177E-1
3.191522E1	5.138363E1	3.118485E-1
3.193190E1	5.140371E1	3.202613E-1
3.194858E1	5.141178E1	3.241403E-1
3.196527E1	5.141093E1	3.167269E-1
3.198195E1	5.142018E1	2.941811E-1
3.199863E1	5.144512E1	2.942773E-1
3.201532E1	5.146238E1	2.899624E-1
3.203200E1	5.148719E1	2.668961E-1
3.204868E1	5.152585E1	2.808427E-1
3.206537E1	5.157930E1	2.543930E-1
3.208205E1	5.161260E1	2.465840E-1
3.209873E1	5.164885E1	2.116678E-1
3.211542E1	5.169118E1	2.191645E-1
3.213210E1	5.172948E1	2.059325E-1
3.214878E1	5.176021E1	2.245920E-1
3.216547E1	5.179036E1	2.066373E-1
3.218215E1	5.181987E1	2.209619E-1
3.219883E1	5.183096E1	2.254661E-1
3.221552E1	5.183510E1	2.260835E-1
3.223220E1	5.183207E1	2.235417E-1
3.224888E1	5.183323E1	2.203789E-1
3.226557E1	5.182769E1	2.116389E-1
3.228225E1	5.182432E1	2.100342E-1
3.229893E1	5.182031E1	2.031118E-1
3.231562E1	5.181580E1	1.959914E-1
3.233230E1	5.181217E1	1.908172E-1
3.234898E1	5.180803E1	1.912089E-1
3.236567E1	5.180531E1	1.945540E-1
3.238235E1	5.179897E1	1.994233E-1
3.239903E1	5.179883E1	2.061857E-1
3.241572E1	5.179923E1	2.114343E-1
3.243240E1	5.180176E1	2.157124E-1
3.244908E1	5.180319E1	2.200410E-1
3.246577E1	5.180327E1	2.191514E-1
3.248245E1	5.179751E1	2.224797E-1
3.249913E1	5.179105E1	2.203525E-1
3.251582E1	5.178569E1	2.175067E-1
3.253250E1	5.177245E1	2.246040E-1
3.254918E1	5.172854E1	2.199887E-1
3.256587E1	5.168971E1	2.325219E-1
3.258255E1	5.164024E1	2.255149E-1
3.259923E1	5.158601E1	2.330272E-1
3.261592E1	5.152168E1	2.344035E-1
3.263260E1	5.145316E1	2.375731E-1
3.264928E1	5.138416E1	2.369142E-1
3.266597E1	5.131166E1	2.405529E-1
3.268265E1	5.123446E1	2.414175E-1
3.269933E1	5.116734E1	2.468563E-1
3.271602E1	5.110402E1	2.555236E-1
3.273270E1	5.102537E1	2.665706E-1
3.274938E1	5.098186E1	2.693841E-1
3.276607E1	5.094332E1	3.014894E-1
3.278275E1	5.091689E1	2.853407E-1
3.279943E1	5.090388E1	2.878690E-1
3.281612E1	5.089992E1	3.247407E-1
3.283280E1	5.087983E1	3.183424E-1
3.284948E1	5.086731E1	3.127657E-1
3.286617E1	5.086961E1	3.186490E-1
3.288285E1	5.087256E1	3.163025E-1
3.289953E1	5.087440E1	3.178626E-1
3.291622E1	5.088506E1	3.191134E-1
3.293290E1	5.089646E1	3.257564E-1
3.294958E1	5.090432E1	2.948949E-1
3.296627E1	5.093435E1	3.015629E-1
3.298295E1	5.095004E1	3.096038E-1
3.299963E1	5.096913E1	3.136435E-1
3.301632E1	5.098593E1	2.780883E-1
3.303300E1	5.101679E1	2.930662E-1
3.304968E1	5.103528E1	2.992961E-1
3.306637E1	5.108069E1	2.570709E-1
3.308305E1	5.110116E1	2.536457E-1
3.309973E1	5.111797E1	2.516785E-1
3.311642E1	5.113181E1	1.988754E-1
3.313310E1	5.116339E1	2.113460E-1
