	masse A		
t	x	y	
0.000000E0	-7.190932E-3	3.595466E-3
3.333333E-2	-8.956889E-3	2.778642E-3
6.666667E-2	-9.871473E-3	3.474687E-3
1.000000E-1	-2.363964E-2	2.871334E-3
1.333333E-1	-4.021540E-2	3.832566E-4
1.666667E-1	-9.321310E-2	-1.792870E-3
2.000000E-1	-1.861871E-1	-1.039862E-2
2.333333E-1	-2.123604E-1	-1.312215E-2
2.666667E-1	-3.185893E-1	-1.301800E-2
3.000000E-1	-4.185590E-1	-5.424549E-2
3.333333E-1	-5.129337E-1	-7.035725E-2
3.666667E-1	-6.567515E-1	-7.492797E-2
4.000000E-1	-7.053073E-1	-8.470382E-2
4.333333E-1	-7.696301E-1	-9.247593E-2
4.666667E-1	-8.012512E-1	-9.520678E-2
5.000000E-1	-7.830451E-1	-1.015335E-1
5.333333E-1	-6.351515E-1	-8.329571E-2
5.666667E-1	-5.560430E-1	-7.433570E-2
6.000000E-1	-3.634819E-1	-6.092414E-2
6.333333E-1	-1.820564E-1	-3.370445E-2
6.666667E-1	6.459106E-2	-2.470851E-2
7.000000E-1	3.597007E-1	6.686314E-3
7.333333E-1	4.240610E-1	-2.572691E-3
7.666667E-1	6.293209E-1	4.330325E-3
8.000000E-1	7.268508E-1	3.503949E-3
8.333333E-1	8.496057E-1	1.905320E-3
8.666667E-1	1.006786E0	2.108479E-2
9.000000E-1	1.042614E0	1.915107E-2
9.333333E-1	1.139959E0	2.651262E-2
9.666667E-1	1.164054E0	3.538932E-2
1.000000E0	1.168948E0	3.387534E-2
1.033333E0	1.153921E0	1.664041E-2
1.066667E0	1.139138E0	1.103829E-2
1.100000E0	1.111189E0	-1.475421E-2
1.133333E0	1.083669E0	-4.800448E-2
1.166667E0	1.002217E0	-1.101475E-1
1.200000E0	8.951748E-1	-1.554103E-1
1.233333E0	8.660851E-1	-1.712800E-1
1.266667E0	7.100699E-1	-2.512917E-1
1.300000E0	6.709954E-1	-2.767338E-1
1.333333E0	5.473148E-1	-2.957641E-1
1.366667E0	4.139876E-1	-3.433020E-1
1.400000E0	3.997227E-1	-3.705358E-1
1.433333E0	3.841332E-1	-4.269790E-1
1.466667E0	3.830471E-1	-4.444499E-1
1.500000E0	4.466183E-1	-4.626529E-1
1.533333E0	6.598215E-1	-4.470340E-1
1.566667E0	7.272014E-1	-4.395139E-1
1.600000E0	9.720841E-1	-4.306824E-1
1.633333E0	1.205824E0	-4.222181E-1
1.666667E0	1.445982E0	-4.077336E-1
1.700000E0	1.784387E0	-3.503821E-1
1.733333E0	1.886636E0	-3.630546E-1
1.766667E0	2.066129E0	-3.513080E-1
1.800000E0	2.170418E0	-3.438045E-1
1.833333E0	2.295126E0	-3.382325E-1
1.866667E0	2.468100E0	-3.147957E-1
1.900000E0	2.522651E0	-2.977935E-1
1.933333E0	2.602083E0	-2.851855E-1
1.966667E0	2.628155E0	-2.790562E-1
2.000000E0	2.656414E0	-2.901116E-1
2.033333E0	2.634182E0	-2.928699E-1
2.066667E0	2.635274E0	-2.930078E-1
2.100000E0	2.606100E0	-3.135669E-1
2.133333E0	2.542297E0	-3.635870E-1
2.166667E0	2.447805E0	-3.951545E-1
2.200000E0	2.318914E0	-4.473948E-1
2.233333E0	2.276920E0	-4.479315E-1
2.266667E0	2.143800E0	-4.491854E-1
2.300000E0	2.012998E0	-5.402243E-1
2.333333E0	1.890752E0	-5.602756E-1
2.366667E0	1.724927E0	-5.931625E-1
2.400000E0	1.702669E0	-5.912159E-1
2.433333E0	1.686243E0	-6.092882E-1
2.466667E0	1.699433E0	-6.489113E-1
2.500000E0	1.750985E0	-6.822946E-1
2.533333E0	1.952807E0	-6.902348E-1
2.566667E0	2.001519E0	-6.944886E-1
2.600000E0	2.232991E0	-7.047823E-1
2.633333E0	2.467326E0	-6.525216E-1
2.666667E0	2.453839E0	-6.456763E-1
2.700000E0	3.022796E0	-5.799523E-1
2.733333E0	3.132310E0	-5.707538E-1
2.766667E0	3.330198E0	-5.707971E-1
2.800000E0	3.447535E0	-5.549100E-1
2.833333E0	3.597772E0	-5.298966E-1
2.866667E0	3.767561E0	-4.633545E-1
2.900000E0	3.818476E0	-4.411052E-1
2.933333E0	3.892173E0	-4.257907E-1
2.966667E0	3.933506E0	-4.139351E-1
3.000000E0	3.955611E0	-4.083773E-1
3.033333E0	3.945105E0	-4.234222E-1
3.066667E0	3.938100E0	-4.266194E-1
3.100000E0	3.915660E0	-4.313994E-1
3.133333E0	3.904146E0	-4.401640E-1
3.166667E0	3.792562E0	-4.545846E-1
3.200000E0	3.647895E0	-4.906091E-1
3.233333E0	3.602145E0	-5.003033E-1
3.266667E0	3.418508E0	-5.128483E-1
3.300000E0	3.309063E0	-5.557909E-1
3.333333E0	3.162948E0	-5.856690E-1
3.366667E0	2.968385E0	-6.109304E-1
3.400000E0	2.908808E0	-6.354600E-1
3.433333E0	2.865581E0	-6.711042E-1
3.466667E0	2.850287E0	-6.801212E-1
3.500000E0	2.902292E0	-7.125631E-1
3.533333E0	3.092345E0	-6.848937E-1
3.566667E0	3.146906E0	-6.886161E-1
3.600000E0	3.337652E0	-7.008459E-1
3.633333E0	3.590126E0	-6.086737E-1
3.666667E0	3.854008E0	-5.786803E-1
3.700000E0	4.189962E0	-5.273200E-1
3.733333E0	4.281353E0	-4.826151E-1
3.766667E0	4.478412E0	-4.842518E-1
3.800000E0	4.604692E0	-4.569291E-1
3.833333E0	4.739079E0	-4.192757E-1
3.866667E0	4.910566E0	-3.779141E-1
3.900000E0	4.972231E0	-3.563528E-1
3.933333E0	5.051191E0	-3.444177E-1
3.966667E0	5.118966E0	-3.124690E-1
4.000000E0	5.162036E0	-2.848863E-1
4.033333E0	5.191069E0	-2.913717E-1
4.066667E0	5.185460E0	-2.898209E-1
4.100000E0	5.178427E0	-3.082055E-1
4.133333E0	5.162888E0	-3.388564E-1
4.166667E0	5.147243E0	-3.902867E-1
4.200000E0	5.056373E0	-4.286173E-1
4.233333E0	5.026369E0	-4.393798E-1
4.266667E0	4.930757E0	-4.466405E-1
4.300000E0	4.868784E0	-4.852755E-1
4.333333E0	4.764212E0	-5.347627E-1
4.366667E0	4.607400E0	-5.702158E-1
4.400000E0	4.581516E0	-5.824181E-1
4.433333E0	4.569078E0	-6.093783E-1
4.466667E0	4.579384E0	-6.473884E-1
4.500000E0	4.670531E0	-6.626231E-1
4.533333E0	4.892179E0	-6.127876E-1
4.566667E0	4.963882E0	-6.179765E-1
4.600000E0	5.194764E0	-6.265652E-1
4.633333E0	5.451555E0	-5.731875E-1
4.666667E0	5.726308E0	-5.455948E-1
4.700000E0	6.103615E0	-5.203241E-1
4.733333E0	6.190373E0	-5.149075E-1
4.766667E0	6.441322E0	-4.973243E-1
4.800000E0	6.599077E0	-4.603497E-1
4.833333E0	6.764352E0	-4.256688E-1
4.866667E0	6.973475E0	-3.823076E-1
4.900000E0	7.046885E0	-3.644958E-1
4.933333E0	7.187305E0	-3.558180E-1
4.966667E0	7.236404E0	-3.435910E-1
5.000000E0	7.319926E0	-3.443530E-1
5.033333E0	7.392667E0	-3.573987E-1
5.066667E0	7.410721E0	-3.609485E-1
5.100000E0	7.436977E0	-3.736565E-1
5.133333E0	7.468541E0	-3.846752E-1
5.166667E0	7.464162E0	-4.139850E-1
5.200000E0	7.456158E0	-4.362013E-1
5.233333E0	7.449393E0	-4.381610E-1
5.266667E0	7.385796E0	-4.515874E-1
5.300000E0	7.333964E0	-5.025026E-1
5.333333E0	7.273147E0	-5.285048E-1
5.366667E0	7.151939E0	-5.622758E-1
5.400000E0	7.142950E0	-5.859310E-1
5.433333E0	7.106774E0	-6.393994E-1
5.466667E0	7.121094E0	-6.792566E-1
5.500000E0	7.186272E0	-6.965215E-1
5.533333E0	7.436511E0	-6.804415E-1
5.566667E0	7.485681E0	-6.909478E-1
5.600000E0	7.730902E0	-7.025794E-1
5.633333E0	8.019645E0	-6.364223E-1
5.666667E0	8.263915E0	-6.131780E-1
5.700000E0	8.511746E0	-5.900854E-1
5.733333E0	8.622499E0	-5.750102E-1
5.766667E0	8.905844E0	-5.616272E-1
5.800000E0	9.031083E0	-5.309038E-1
5.833333E0	9.233012E0	-4.978660E-1
5.866667E0	9.370254E0	-4.715203E-1
5.900000E0	9.488111E0	-4.496970E-1
5.933333E0	9.612454E0	-4.310054E-1
5.966667E0	9.645477E0	-4.252735E-1
6.000000E0	9.759034E0	-4.081487E-1
6.033333E0	9.820816E0	-4.123621E-1
6.066667E0	9.875914E0	-4.157114E-1
6.100000E0	9.917365E0	-4.126074E-1
6.133333E0	9.930167E0	-4.181543E-1
6.166667E0	9.942431E0	-4.461384E-1
6.200000E0	9.927037E0	-4.488609E-1
6.233333E0	9.915187E0	-4.486706E-1
6.266667E0	9.891629E0	-4.485160E-1
6.300000E0	9.886479E0	-4.471374E-1
6.333333E0	9.760440E0	-4.815070E-1
6.366667E0	9.691145E0	-5.053119E-1
6.400000E0	9.626930E0	-5.477341E-1
6.433333E0	9.599763E0	-5.753360E-1
6.466667E0	9.604603E0	-5.862385E-1
6.500000E0	9.663848E0	-6.367530E-1
6.533333E0	9.783996E0	-6.311388E-1
6.566667E0	9.887216E0	-6.126547E-1
6.600000E0	1.017751E1	-6.185181E-1
6.633333E0	1.032013E1	-5.843134E-1
6.666667E0	1.066123E1	-5.435973E-1
6.700000E0	1.090341E1	-5.056292E-1
6.733333E0	1.106380E1	-4.996855E-1
6.766667E0	1.126724E1	-4.859758E-1
6.800000E0	1.136793E1	-4.502976E-1
6.833333E0	1.158482E1	-4.121868E-1
6.866667E0	1.171971E1	-3.934988E-1
6.900000E0	1.184362E1	-3.777739E-1
6.933333E0	1.196785E1	-3.522081E-1
6.966667E0	1.202212E1	-3.398803E-1
7.000000E0	1.213353E1	-3.270938E-1
7.033333E0	1.220361E1	-3.375660E-1
7.066667E0	1.224597E1	-3.401185E-1
7.100000E0	1.232249E1	-3.481662E-1
7.133333E0	1.233884E1	-3.507896E-1
7.166667E0	1.238439E1	-3.865171E-1
7.200000E0	1.239524E1	-4.026869E-1
7.233333E0	1.238522E1	-4.294761E-1
7.266667E0	1.237993E1	-4.455268E-1
7.300000E0	1.237189E1	-4.446532E-1
7.333333E0	1.233567E1	-4.933582E-1
7.366667E0	1.230617E1	-5.220740E-1
7.400000E0	1.225951E1	-5.470896E-1
7.433333E0	1.226104E1	-5.940331E-1
7.466667E0	1.226442E1	-6.217185E-1
7.500000E0	1.241280E1	-6.665891E-1
7.533333E0	1.256044E1	-6.607475E-1
7.566667E0	1.262945E1	-6.469874E-1
7.600000E0	1.292606E1	-6.378386E-1
7.633333E0	1.308162E1	-6.283135E-1
7.666667E0	1.348526E1	-5.644674E-1
7.700000E0	1.371188E1	-5.396048E-1
7.733333E0	1.382236E1	-5.624161E-1
7.766667E0	1.406596E1	-5.562467E-1
7.800000E0	1.420424E1	-4.934618E-1
7.833333E0	1.451753E1	-4.610125E-1
7.866667E0	1.466116E1	-4.192873E-1
7.900000E0	1.477777E1	-3.964151E-1
7.933333E0	1.493842E1	-4.087219E-1
7.966667E0	1.497228E1	-4.006686E-1
8.000000E0	1.510035E1	-3.934837E-1
8.033333E0	1.519216E1	-4.038869E-1
8.066667E0	1.523556E1	-4.195502E-1
8.100000E0	1.532274E1	-4.250187E-1
8.133333E0	1.535482E1	-4.315106E-1
8.166667E0	1.539634E1	-4.653451E-1
8.200000E0	1.542871E1	-5.027540E-1
8.233333E0	1.545250E1	-5.130394E-1
8.266667E0	1.546427E1	-5.375801E-1
8.300000E0	1.545759E1	-5.653922E-1
8.333333E0	1.544278E1	-5.905533E-1
8.366667E0	1.542586E1	-6.000072E-1
8.400000E0	1.543723E1	-6.048434E-1
8.433333E0	1.544319E1	-6.821618E-1
8.466667E0	1.546395E1	-7.061939E-1
8.500000E0	1.563432E1	-7.122538E-1
8.533333E0	1.582863E1	-7.077795E-1
8.566667E0	1.588330E1	-7.055732E-1
8.600000E0	1.618490E1	-7.075554E-1
8.633333E0	1.638538E1	-6.693205E-1
8.666667E0	1.678408E1	-5.768644E-1
8.700000E0	1.698431E1	-5.467978E-1
8.733333E0	1.704525E1	-5.652473E-1
8.766667E0	1.728004E1	-5.624075E-1
8.800000E0	1.740630E1	-5.202575E-1
8.833333E0	1.762839E1	-4.739604E-1
8.866667E0	1.776894E1	-4.369789E-1
8.900000E0	1.787045E1	-4.164891E-1
8.933333E0	1.802038E1	-4.144315E-1
8.966667E0	1.806973E1	-4.042389E-1
9.000000E0	1.818971E1	-4.051054E-1
9.033333E0	1.827555E1	-4.174074E-1
9.066667E0	1.834344E1	-4.230786E-1
9.100000E0	1.842840E1	-4.309455E-1
9.133333E0	1.845867E1	-4.414582E-1
9.166667E0	1.855222E1	-4.534958E-1
9.200000E0	1.857623E1	-4.424914E-1
9.233333E0	1.857369E1	-4.493255E-1
9.266667E0	1.859496E1	-4.774041E-1
9.300000E0	1.860792E1	-5.133315E-1
9.333333E0	1.859075E1	-5.482593E-1
9.366667E0	1.858364E1	-5.735357E-1
9.400000E0	1.859154E1	-5.876872E-1
9.433333E0	1.858559E1	-6.835679E-1
9.466667E0	1.862231E1	-7.111512E-1
9.500000E0	1.878939E1	-7.282607E-1
9.533333E0	1.894318E1	-7.068597E-1
9.566667E0	1.900998E1	-7.035854E-1
9.600000E0	1.929411E1	-7.008697E-1
9.633333E0	1.948007E1	-6.567424E-1
9.666667E0	1.983210E1	-5.758331E-1
9.700000E0	2.004499E1	-5.472189E-1
9.733333E0	2.011388E1	-5.594274E-1
9.766667E0	2.034150E1	-5.477800E-1
9.800000E0	2.043228E1	-5.032863E-1
9.833333E0	2.062760E1	-4.473237E-1
9.866667E0	2.075832E1	-4.176546E-1
9.900000E0	2.083724E1	-4.162421E-1
9.933333E0	2.098425E1	-4.105819E-1
9.966667E0	2.103655E1	-3.898046E-1
1.000000E1	2.119329E1	-3.591220E-1
1.003333E1	2.127987E1	-3.630749E-1
1.006667E1	2.135695E1	-3.731551E-1
1.010000E1	2.147799E1	-3.637817E-1
1.013333E1	2.152192E1	-3.734014E-1
1.016667E1	2.161558E1	-4.361203E-1
1.020000E1	2.168026E1	-4.427250E-1
1.023333E1	2.170411E1	-4.491045E-1
1.026667E1	2.173062E1	-4.916374E-1
1.030000E1	2.173075E1	-5.222834E-1
1.033333E1	2.172708E1	-5.570750E-1
1.036667E1	2.171563E1	-5.868903E-1
1.040000E1	2.171801E1	-5.981018E-1
1.043333E1	2.173100E1	-6.603692E-1
1.046667E1	2.174760E1	-6.644639E-1
1.050000E1	2.193064E1	-7.035291E-1
1.053333E1	2.209816E1	-6.869400E-1
1.056667E1	2.215489E1	-6.882202E-1
1.060000E1	2.243102E1	-6.961580E-1
1.063333E1	2.260769E1	-6.371070E-1
1.066667E1	2.298808E1	-5.628300E-1
1.070000E1	2.319258E1	-5.221974E-1
1.073333E1	2.332324E1	-5.040358E-1
1.076667E1	2.348005E1	-4.764225E-1
1.080000E1	2.358151E1	-4.468507E-1
1.083333E1	2.374569E1	-4.123959E-1
1.086667E1	2.386348E1	-3.893393E-1
1.090000E1	2.393715E1	-3.609035E-1
1.093333E1	2.405898E1	-3.417519E-1
1.096667E1	2.411420E1	-3.352507E-1
1.100000E1	2.424079E1	-3.201336E-1
1.103333E1	2.433168E1	-3.320549E-1
1.106667E1	2.440305E1	-3.460970E-1
1.110000E1	2.451824E1	-3.556562E-1
1.113333E1	2.457105E1	-3.620289E-1
1.116667E1	2.469213E1	-4.100660E-1
1.120000E1	2.475081E1	-4.437242E-1
1.123333E1	2.476571E1	-4.589074E-1
1.126667E1	2.484639E1	-4.561323E-1
1.130000E1	2.486365E1	-4.669600E-1
1.133333E1	2.487940E1	-5.533328E-1
1.136667E1	2.487134E1	-5.893980E-1
1.140000E1	2.487737E1	-5.984384E-1
1.143333E1	2.487782E1	-6.801316E-1
1.146667E1	2.490805E1	-7.051857E-1
1.150000E1	2.508923E1	-7.154627E-1
1.153333E1	2.525361E1	-7.040463E-1
1.156667E1	2.531873E1	-6.988911E-1
1.160000E1	2.557712E1	-6.987944E-1
1.163333E1	2.576008E1	-6.457117E-1
1.166667E1	2.613788E1	-5.732186E-1
1.170000E1	2.630317E1	-5.491485E-1
1.173333E1	2.633863E1	-5.615997E-1
1.176667E1	2.648059E1	-5.573209E-1
1.180000E1	2.660657E1	-4.984645E-1
1.183333E1	2.676303E1	-4.533539E-1
1.186667E1	2.686629E1	-4.113518E-1
1.190000E1	2.691224E1	-4.152824E-1
1.193333E1	2.701474E1	-4.052271E-1
1.196667E1	2.704878E1	-4.057495E-1
1.200000E1	2.717767E1	-3.737535E-1
1.203333E1	2.727546E1	-3.622495E-1
1.206667E1	2.733605E1	-3.679407E-1
1.210000E1	2.744346E1	-3.643452E-1
1.213333E1	2.748878E1	-3.790886E-1
1.216667E1	2.758828E1	-4.188247E-1
1.220000E1	2.765655E1	-4.324069E-1
1.223333E1	2.769966E1	-4.517585E-1
1.226667E1	2.774382E1	-4.634373E-1
1.230000E1	2.775512E1	-4.751873E-1
1.233333E1	2.774594E1	-5.289511E-1
1.236667E1	2.772967E1	-5.595649E-1
1.240000E1	2.773903E1	-5.866952E-1
1.243333E1	2.774990E1	-6.232729E-1
1.246667E1	2.776191E1	-6.554112E-1
1.250000E1	2.791808E1	-6.690714E-1
1.253333E1	2.806428E1	-6.336565E-1
1.256667E1	2.812601E1	-6.301542E-1
1.260000E1	2.834667E1	-6.176172E-1
1.263333E1	2.850757E1	-5.632877E-1
1.266667E1	2.883940E1	-5.128701E-1
1.270000E1	2.899523E1	-4.607894E-1
1.273333E1	2.906009E1	-4.281955E-1
1.276667E1	2.919504E1	-4.050619E-1
1.280000E1	2.922796E1	-4.025230E-1
1.283333E1	2.938942E1	-3.541551E-1
1.286667E1	2.948316E1	-3.197950E-1
1.290000E1	2.953115E1	-2.864611E-1
1.293333E1	2.962671E1	-2.775200E-1
1.296667E1	2.964964E1	-2.767631E-1
1.300000E1	2.975442E1	-2.694135E-1
1.303333E1	2.985645E1	-2.704297E-1
1.306667E1	2.991618E1	-2.823547E-1
1.310000E1	3.003342E1	-2.903860E-1
1.313333E1	3.008180E1	-2.995221E-1
1.316667E1	3.019448E1	-3.480728E-1
1.320000E1	3.027224E1	-3.917155E-1
1.323333E1	3.031598E1	-4.123143E-1
1.326667E1	3.038052E1	-4.446309E-1
1.330000E1	3.041535E1	-4.582611E-1
1.333333E1	3.042586E1	-4.755353E-1
1.336667E1	3.039800E1	-5.243700E-1
1.340000E1	3.040109E1	-5.579306E-1
1.343333E1	3.043763E1	-5.930138E-1
1.346667E1	3.043886E1	-6.124627E-1
1.350000E1	3.059232E1	-6.311380E-1
1.353333E1	3.074944E1	-6.098480E-1
1.356667E1	3.079517E1	-6.264572E-1
1.360000E1	3.104631E1	-6.093503E-1
1.363333E1	3.120396E1	-5.776524E-1
1.366667E1	3.148536E1	-5.161049E-1
1.370000E1	3.162125E1	-4.732755E-1
1.373333E1	3.165653E1	-4.750674E-1
1.376667E1	3.178449E1	-4.201600E-1
1.380000E1	3.180229E1	-4.163122E-1
1.383333E1	3.190380E1	-3.706158E-1
1.386667E1	3.195536E1	-3.398671E-1
1.390000E1	3.201365E1	-3.187077E-1
1.393333E1	3.206616E1	-2.868397E-1
1.396667E1	3.208502E1	-2.812314E-1
1.400000E1	3.218403E1	-2.595838E-1
1.403333E1	3.226024E1	-2.632392E-1
1.406667E1	3.232270E1	-2.723440E-1
1.410000E1	3.244970E1	-2.780706E-1
1.413333E1	3.250726E1	-2.847223E-1
1.416667E1	3.258365E1	-3.083864E-1
1.420000E1	3.268521E1	-3.447341E-1
1.423333E1	3.272809E1	-3.727345E-1
1.426667E1	3.277877E1	-4.216287E-1
1.430000E1	3.280468E1	-4.455557E-1
1.433333E1	3.280296E1	-4.756650E-1
1.436667E1	3.277005E1	-5.410912E-1
1.440000E1	3.277323E1	-5.732064E-1
1.443333E1	3.278339E1	-6.119753E-1
1.446667E1	3.279757E1	-6.816918E-1
1.450000E1	3.290263E1	-7.080776E-1
1.453333E1	3.311206E1	-6.606877E-1
1.456667E1	3.319106E1	-6.320313E-1
1.460000E1	3.336303E1	-6.323206E-1
1.463333E1	3.353016E1	-6.009343E-1
1.466667E1	3.369147E1	-5.416634E-1
1.470000E1	3.390756E1	-4.855944E-1
1.473333E1	3.394665E1	-4.846838E-1
1.476667E1	3.406229E1	-4.421141E-1
1.480000E1	3.409433E1	-4.253366E-1
1.483333E1	3.411417E1	-4.023339E-1
1.486667E1	3.421119E1	-3.702545E-1
1.490000E1	3.423204E1	-3.541852E-1
1.493333E1	3.428464E1	-3.348517E-1
1.496667E1	3.434067E1	-3.158181E-1
1.500000E1	3.439994E1	-2.973488E-1
1.503333E1	3.450386E1	-2.831453E-1
1.506667E1	3.454420E1	-2.832917E-1
1.510000E1	3.465024E1	-2.838619E-1
1.513333E1	3.475402E1	-2.875327E-1
1.516667E1	3.481220E1	-3.262086E-1
1.520000E1	3.493708E1	-3.952356E-1
1.523333E1	3.496474E1	-4.181956E-1
1.526667E1	3.504879E1	-4.410779E-1
1.530000E1	3.508977E1	-4.556933E-1
1.533333E1	3.509751E1	-4.744277E-1
1.536667E1	3.509411E1	-5.250694E-1
1.540000E1	3.508213E1	-5.388292E-1
1.543333E1	3.509443E1	-5.842640E-1
1.546667E1	3.510206E1	-6.178729E-1
1.550000E1	3.519718E1	-6.566673E-1
1.553333E1	3.538602E1	-6.279946E-1
1.556667E1	3.549582E1	-6.020334E-1
1.560000E1	3.566531E1	-5.669407E-1
1.563333E1	3.579057E1	-5.445894E-1
1.566667E1	3.595354E1	-5.056229E-1
1.570000E1	3.610291E1	-4.614092E-1
1.573333E1	3.611119E1	-4.442142E-1
1.576667E1	3.615830E1	-4.113562E-1
1.580000E1	3.621497E1	-3.945189E-1
1.583333E1	3.624633E1	-3.513814E-1
1.586667E1	3.626971E1	-3.159214E-1
1.590000E1	3.626779E1	-2.922234E-1
1.593333E1	3.630331E1	-2.730588E-1
1.596667E1	3.633361E1	-2.743331E-1
1.600000E1	3.635894E1	-2.665322E-1
1.603333E1	3.646012E1	-2.570241E-1
1.606667E1	3.649939E1	-2.598236E-1
1.610000E1	3.662443E1	-2.729884E-1
1.613333E1	3.667640E1	-2.850732E-1
1.616667E1	3.675910E1	-3.048215E-1
1.620000E1	3.686043E1	-3.618895E-1
1.623333E1	3.689251E1	-3.808140E-1
1.626667E1	3.694366E1	-4.161895E-1
1.630000E1	3.697255E1	-4.392665E-1
1.633333E1	3.697231E1	-4.666564E-1
1.636667E1	3.694967E1	-5.207150E-1
1.640000E1	3.694609E1	-5.330348E-1
1.643333E1	3.694682E1	-5.701790E-1
1.646667E1	3.696255E1	-5.929709E-1
1.650000E1	3.705073E1	-5.904325E-1
1.653333E1	3.721655E1	-5.639886E-1
1.656667E1	3.725929E1	-5.660649E-1
1.660000E1	3.740096E1	-5.544655E-1
1.663333E1	3.754452E1	-5.034232E-1
1.666667E1	3.765081E1	-4.595778E-1
1.670000E1	3.785140E1	-3.650516E-1
1.673333E1	3.786656E1	-3.404260E-1
1.676667E1	3.794002E1	-3.144662E-1
1.680000E1	3.795931E1	-2.762117E-1
1.683333E1	3.797713E1	-2.429876E-1
1.686667E1	3.799148E1	-1.628387E-1
1.690000E1	3.798645E1	-1.545654E-1
1.693333E1	3.800703E1	-1.393185E-1
1.696667E1	3.804757E1	-1.371646E-1
1.700000E1	3.809484E1	-1.200857E-1
1.703333E1	3.819109E1	-1.208144E-1
1.706667E1	3.823558E1	-1.261629E-1
1.710000E1	3.835203E1	-1.448750E-1
1.713333E1	3.840860E1	-1.616386E-1
1.716667E1	3.850316E1	-2.093741E-1
1.720000E1	3.865719E1	-2.625416E-1
1.723333E1	3.868678E1	-2.870294E-1
1.726667E1	3.875025E1	-3.094725E-1
1.730000E1	3.879547E1	-3.682737E-1
1.733333E1	3.881407E1	-4.018284E-1
1.736667E1	3.880890E1	-4.512313E-1
1.740000E1	3.881097E1	-4.543691E-1
1.743333E1	3.881486E1	-5.246822E-1
1.746667E1	3.881922E1	-5.478019E-1
1.750000E1	3.888731E1	-5.720686E-1
1.753333E1	3.904873E1	-5.487011E-1
1.756667E1	3.912988E1	-5.327336E-1
1.760000E1	3.925842E1	-4.808103E-1
1.763333E1	3.938227E1	-4.449638E-1
1.766667E1	3.952128E1	-4.059411E-1
1.770000E1	3.965823E1	-3.218741E-1
1.773333E1	3.968682E1	-3.166326E-1
1.776667E1	3.969145E1	-2.632321E-1
1.780000E1	3.968628E1	-2.535110E-1
1.783333E1	3.967697E1	-2.414754E-1
1.786667E1	3.968447E1	-1.684631E-1
1.790000E1	3.968560E1	-1.507824E-1
1.793333E1	3.969160E1	-1.309102E-1
1.796667E1	3.969240E1	-1.271882E-1
1.800000E1	3.971036E1	-1.163082E-1
1.803333E1	3.981099E1	-9.240590E-2
1.806667E1	3.984769E1	-8.037179E-2
1.810000E1	3.995764E1	-7.851142E-2
1.813333E1	4.001720E1	-1.037110E-1
1.816667E1	4.012429E1	-1.425578E-1
1.820000E1	4.026195E1	-1.982224E-1
1.823333E1	4.028629E1	-2.226506E-1
1.826667E1	4.036992E1	-2.761170E-1
1.830000E1	4.040542E1	-3.083505E-1
1.833333E1	4.042254E1	-3.173492E-1
1.836667E1	4.040261E1	-3.720659E-1
1.840000E1	4.039508E1	-4.003840E-1
1.843333E1	4.041095E1	-4.436760E-1
1.846667E1	4.041461E1	-5.038336E-1
1.850000E1	4.047308E1	-5.450135E-1
1.853333E1	4.063469E1	-5.187501E-1
1.856667E1	4.067915E1	-4.906168E-1
1.860000E1	4.082309E1	-4.758175E-1
1.863333E1	4.095039E1	-4.374866E-1
1.866667E1	4.108991E1	-4.086201E-1
1.870000E1	4.118644E1	-3.685480E-1
1.873333E1	4.120433E1	-3.460034E-1
1.876667E1	4.121517E1	-3.108375E-1
1.880000E1	4.120731E1	-2.831469E-1
1.883333E1	4.118512E1	-2.654391E-1
1.886667E1	4.119760E1	-2.122480E-1
1.890000E1	4.119970E1	-2.035324E-1
1.893333E1	4.121461E1	-1.884974E-1
1.896667E1	4.121570E1	-1.785527E-1
1.900000E1	4.126282E1	-1.595546E-1
1.903333E1	4.137585E1	-1.432911E-1
1.906667E1	4.140511E1	-1.420332E-1
1.910000E1	4.153430E1	-1.452489E-1
1.913333E1	4.164356E1	-1.596345E-1
1.916667E1	4.173564E1	-2.070640E-1
1.920000E1	4.187407E1	-2.854806E-1
1.923333E1	4.190842E1	-2.970252E-1
1.926667E1	4.200409E1	-3.150205E-1
1.930000E1	4.207216E1	-3.701985E-1
1.933333E1	4.211327E1	-4.178853E-1
1.936667E1	4.212710E1	-4.545232E-1
1.940000E1	4.213021E1	-4.608445E-1
1.943333E1	4.213223E1	-5.561345E-1
1.946667E1	4.214881E1	-5.884606E-1
1.950000E1	4.223963E1	-5.811852E-1
1.953333E1	4.240687E1	-5.672724E-1
1.956667E1	4.244144E1	-5.626852E-1
1.960000E1	4.256953E1	-5.515480E-1
1.963333E1	4.269903E1	-5.073457E-1
1.966667E1	4.284682E1	-4.465278E-1
1.970000E1	4.296754E1	-3.848252E-1
1.973333E1	4.298627E1	-3.486093E-1
1.976667E1	4.299611E1	-3.121629E-1
1.980000E1	4.299020E1	-2.734538E-1
1.983333E1	4.297686E1	-2.514011E-1
1.986667E1	4.298020E1	-2.158886E-1
1.990000E1	4.298777E1	-2.034001E-1
1.993333E1	4.299619E1	-1.843388E-1
1.996667E1	4.299971E1	-1.778623E-1
2.000000E1	4.302855E1	-1.754050E-1
2.003333E1	4.312096E1	-1.500922E-1
2.006667E1	4.315555E1	-1.451353E-1
2.010000E1	4.327500E1	-1.436896E-1
2.013333E1	4.340415E1	-1.566023E-1
2.016667E1	4.353830E1	-1.975631E-1
2.020000E1	4.369992E1	-2.720212E-1
2.023333E1	4.373211E1	-2.888175E-1
2.026667E1	4.383216E1	-3.077564E-1
2.030000E1	4.387314E1	-3.778669E-1
2.033333E1	4.390852E1	-4.108406E-1
2.036667E1	4.392448E1	-4.450748E-1
2.040000E1	4.392476E1	-4.517387E-1
2.043333E1	4.392963E1	-5.525369E-1
2.046667E1	4.395128E1	-5.818443E-1
2.050000E1	4.401426E1	-5.997602E-1
2.053333E1	4.416278E1	-5.711723E-1
2.056667E1	4.420546E1	-5.519152E-1
2.060000E1	4.432926E1	-5.466330E-1
2.063333E1	4.445537E1	-5.212412E-1
2.066667E1	4.456232E1	-4.636899E-1
2.070000E1	4.464337E1	-3.993861E-1
2.073333E1	4.467486E1	-3.871288E-1
2.076667E1	4.465124E1	-3.217369E-1
2.080000E1	4.464693E1	-2.882650E-1
2.083333E1	4.461612E1	-2.720127E-1
2.086667E1	4.461182E1	-2.430727E-1
2.090000E1	4.459263E1	-2.204400E-1
2.093333E1	4.459341E1	-2.022786E-1
2.096667E1	4.459293E1	-1.930413E-1
2.100000E1	4.461395E1	-1.907688E-1
2.103333E1	4.473281E1	-1.740327E-1
2.106667E1	4.477572E1	-1.557190E-1
2.110000E1	4.490196E1	-1.462692E-1
2.113333E1	4.501398E1	-1.679949E-1
2.116667E1	4.513465E1	-2.082412E-1
2.120000E1	4.530860E1	-2.778780E-1
2.123333E1	4.534549E1	-2.900374E-1
2.126667E1	4.544695E1	-3.995107E-1
2.130000E1	4.550350E1	-4.164121E-1
2.133333E1	4.555449E1	-4.445315E-1
2.136667E1	4.557151E1	-4.707057E-1
2.140000E1	4.557568E1	-5.097828E-1
2.143333E1	4.558170E1	-5.495373E-1
2.146667E1	4.559554E1	-5.751418E-1
2.150000E1	4.565890E1	-5.916921E-1
2.153333E1	4.579113E1	-5.607113E-1
2.156667E1	4.583702E1	-5.439628E-1
2.160000E1	4.594080E1	-5.432983E-1
2.163333E1	4.602622E1	-5.005446E-1
2.166667E1	4.613081E1	-4.439537E-1
2.170000E1	4.615906E1	-3.920605E-1
2.173333E1	4.616734E1	-3.754961E-1
2.176667E1	4.614429E1	-3.007072E-1
2.180000E1	4.612578E1	-2.695898E-1
2.183333E1	4.610910E1	-2.667987E-1
2.186667E1	4.600144E1	-1.829528E-1
2.190000E1	4.600112E1	-1.697901E-1
2.193333E1	4.599201E1	-1.317493E-1
2.196667E1	4.599047E1	-1.187176E-1
2.200000E1	4.601055E1	-9.208929E-2
2.203333E1	4.608086E1	-7.649918E-2
2.206667E1	4.612736E1	-7.141226E-2
2.210000E1	4.623685E1	-7.659455E-2
2.213333E1	4.631289E1	-9.924263E-2
2.216667E1	4.641398E1	-1.323307E-1
2.220000E1	4.657073E1	-2.168860E-1
2.223333E1	4.660979E1	-2.381404E-1
2.226667E1	4.672320E1	-2.600395E-1
2.230000E1	4.675927E1	-3.188355E-1
2.233333E1	4.678261E1	-3.563364E-1
2.236667E1	4.680364E1	-3.829448E-1
2.240000E1	4.680053E1	-4.020696E-1
2.243333E1	4.681422E1	-4.566159E-1
2.246667E1	4.680629E1	-4.906251E-1
2.250000E1	4.689384E1	-5.349556E-1
2.253333E1	4.695294E1	-4.965242E-1
2.256667E1	4.699828E1	-4.770384E-1
2.260000E1	4.713593E1	-4.462779E-1
2.263333E1	4.717348E1	-4.275014E-1
2.266667E1	4.729058E1	-3.704718E-1
2.270000E1	4.729402E1	-3.415400E-1
2.273333E1	4.728368E1	-3.247958E-1
2.276667E1	4.723838E1	-2.864621E-1
2.280000E1	4.720170E1	-2.702437E-1
2.283333E1	4.713744E1	-2.121633E-1
2.286667E1	4.710545E1	-1.680304E-1
2.290000E1	4.707887E1	-1.504324E-1
2.293333E1	4.704653E1	-1.339446E-1
2.296667E1	4.702401E1	-1.300973E-1
2.300000E1	4.706123E1	-1.237423E-1
2.303333E1	4.713630E1	-1.198856E-1
2.306667E1	4.718273E1	-1.211353E-1
2.310000E1	4.730976E1	-1.375534E-1
2.313333E1	4.736773E1	-1.444956E-1
2.316667E1	4.755443E1	-1.724137E-1
2.320000E1	4.764795E1	-2.212768E-1
2.323333E1	4.771216E1	-2.600062E-1
2.326667E1	4.784651E1	-2.922531E-1
2.330000E1	4.786298E1	-3.067915E-1
2.333333E1	4.790592E1	-3.725537E-1
2.336667E1	4.788900E1	-3.960689E-1
2.340000E1	4.788797E1	-4.318797E-1
2.343333E1	4.788728E1	-4.704077E-1
2.346667E1	4.789713E1	-5.242423E-1
2.350000E1	4.799331E1	-5.485304E-1
2.353333E1	4.805988E1	-5.160449E-1
2.356667E1	4.812356E1	-4.813353E-1
2.360000E1	4.822401E1	-4.207454E-1
2.363333E1	4.827201E1	-4.148417E-1
2.366667E1	4.835167E1	-3.512220E-1
2.370000E1	4.832817E1	-3.103051E-1
2.373333E1	4.830571E1	-2.761406E-1
2.376667E1	4.821476E1	-2.515243E-1
2.380000E1	4.818574E1	-2.542071E-1
2.383333E1	4.807860E1	-1.786432E-1
2.386667E1	4.803545E1	-1.470658E-1
2.390000E1	4.800714E1	-1.311690E-1
2.393333E1	4.796192E1	-1.201601E-1
2.396667E1	4.794769E1	-1.194556E-1
2.400000E1	4.796414E1	-1.188036E-1
2.403333E1	4.801633E1	-1.226166E-1
2.406667E1	4.807974E1	-1.209878E-1
2.410000E1	4.820824E1	-1.336510E-1
2.413333E1	4.825759E1	-1.388912E-1
2.416667E1	4.849097E1	-1.970693E-1
2.420000E1	4.859023E1	-2.577762E-1
2.423333E1	4.864754E1	-2.835599E-1
2.426667E1	4.879132E1	-3.077571E-1
2.430000E1	4.884201E1	-3.449745E-1
2.433333E1	4.888247E1	-4.168343E-1
2.436667E1	4.888772E1	-4.473154E-1
2.440000E1	4.889201E1	-4.551410E-1
2.443333E1	4.889084E1	-5.501455E-1
2.446667E1	4.890518E1	-5.710540E-1
2.450000E1	4.898731E1	-5.785608E-1
2.453333E1	4.905214E1	-5.473278E-1
2.456667E1	4.911155E1	-5.207205E-1
2.460000E1	4.919094E1	-4.533621E-1
2.463333E1	4.920545E1	-4.333334E-1
2.466667E1	4.929168E1	-3.699435E-1
2.470000E1	4.929262E1	-3.159741E-1
2.473333E1	4.923291E1	-2.901601E-1
2.476667E1	4.914832E1	-2.655504E-1
2.480000E1	4.909978E1	-2.607515E-1
2.483333E1	4.898606E1	-1.896679E-1
2.486667E1	4.889869E1	-1.622757E-1
2.490000E1	4.886321E1	-1.375436E-1
2.493333E1	4.881528E1	-1.103771E-1
2.496667E1	4.880937E1	-1.075289E-1
2.500000E1	4.883335E1	-8.050455E-2
2.503333E1	4.888039E1	-8.295817E-2
2.506667E1	4.894751E1	-8.212601E-2
2.510000E1	4.908178E1	-8.782157E-2
2.513333E1	4.914785E1	-1.072063E-1
2.516667E1	4.933443E1	-1.890551E-1
2.520000E1	4.945116E1	-2.257194E-1
2.523333E1	4.949568E1	-2.545187E-1
2.526667E1	4.961608E1	-2.978746E-1
2.530000E1	4.965160E1	-3.178252E-1
2.533333E1	4.973560E1	-3.710094E-1
2.536667E1	4.974222E1	-3.829622E-1
2.540000E1	4.974426E1	-4.125630E-1
2.543333E1	4.975755E1	-4.509689E-1
2.546667E1	4.975880E1	-4.781720E-1
2.550000E1	4.984719E1	-5.115955E-1
2.553333E1	4.989878E1	-4.761031E-1
2.556667E1	4.995219E1	-4.535007E-1
2.560000E1	5.003193E1	-4.091351E-1
2.563333E1	5.005287E1	-4.123364E-1
2.566667E1	5.011058E1	-3.580076E-1
2.570000E1	5.008581E1	-3.109996E-1
2.573333E1	5.004517E1	-2.778322E-1
2.576667E1	4.994674E1	-2.523160E-1
2.580000E1	4.991785E1	-2.364820E-1
2.583333E1	4.976165E1	-1.896242E-1
2.586667E1	4.968204E1	-1.731097E-1
2.590000E1	4.964513E1	-1.515420E-1
2.593333E1	4.957564E1	-1.380134E-1
2.596667E1	4.957077E1	-1.371080E-1
2.600000E1	4.959120E1	-1.155622E-1
2.603333E1	4.965032E1	-1.296608E-1
2.606667E1	4.973804E1	-1.317622E-1
2.610000E1	4.988817E1	-1.402949E-1
2.613333E1	4.996066E1	-1.466510E-1
2.616667E1	5.016046E1	-2.338666E-1
2.620000E1	5.030039E1	-2.670495E-1
2.623333E1	5.035003E1	-2.885693E-1
2.626667E1	5.047306E1	-4.008169E-1
2.630000E1	5.052435E1	-4.157065E-1
2.633333E1	5.061463E1	-4.460232E-1
2.636667E1	5.061970E1	-4.589099E-1
2.640000E1	5.061801E1	-4.652652E-1
2.643333E1	5.062867E1	-5.584738E-1
2.646667E1	5.062988E1	-5.825397E-1
2.650000E1	5.072097E1	-6.041551E-1
2.653333E1	5.074819E1	-5.714923E-1
2.656667E1	5.077395E1	-5.532016E-1
2.660000E1	5.087474E1	-5.050786E-1
2.663333E1	5.089764E1	-4.862223E-1
2.666667E1	5.092927E1	-4.467677E-1
2.670000E1	5.088557E1	-3.965694E-1
2.673333E1	5.080003E1	-3.699623E-1
2.676667E1	5.070252E1	-3.371732E-1
2.680000E1	5.064518E1	-3.159037E-1
2.683333E1	5.047535E1	-2.565188E-1
2.686667E1	5.039264E1	-2.150038E-1
2.690000E1	5.033730E1	-1.965504E-1
2.693333E1	5.025343E1	-1.781983E-1
2.696667E1	5.023256E1	-1.596152E-1
2.700000E1	5.024326E1	-1.365137E-1
2.703333E1	5.030243E1	-1.416538E-1
2.706667E1	5.036393E1	-1.407980E-1
2.710000E1	5.048304E1	-1.431620E-1
2.713333E1	5.055863E1	-1.580644E-1
2.716667E1	5.071911E1	-2.251405E-1
2.720000E1	5.081787E1	-2.579541E-1
2.723333E1	5.087256E1	-2.853675E-1
2.726667E1	5.100840E1	-3.107605E-1
2.730000E1	5.103077E1	-3.375913E-1
2.733333E1	5.105900E1	-4.224557E-1
2.736667E1	5.103949E1	-4.537199E-1
2.740000E1	5.103793E1	-4.637806E-1
2.743333E1	5.102649E1	-5.441198E-1
2.746667E1	5.103793E1	-5.693707E-1
2.750000E1	5.106899E1	-5.752271E-1
2.753333E1	5.110046E1	-5.363717E-1
2.756667E1	5.115228E1	-5.150009E-1
2.760000E1	5.116692E1	-4.577013E-1
2.763333E1	5.117928E1	-4.314602E-1
2.766667E1	5.117169E1	-3.969292E-1
2.770000E1	5.105589E1	-3.928176E-1
2.773333E1	5.097194E1	-3.445235E-1
2.776667E1	5.080367E1	-3.212901E-1
2.780000E1	5.075985E1	-2.870164E-1
2.783333E1	5.054570E1	-2.258026E-1
2.786667E1	5.042751E1	-1.668291E-1
2.790000E1	5.035137E1	-1.211949E-1
2.793333E1	5.021108E1	-1.197254E-1
2.796667E1	5.017030E1	-1.059050E-1
2.800000E1	5.016630E1	-5.599805E-2
2.803333E1	5.019555E1	-8.134930E-2
2.806667E1	5.024124E1	-7.965650E-2
2.810000E1	5.035212E1	-8.789078E-2
2.813333E1	5.040220E1	-1.168886E-1
2.816667E1	5.056111E1	-1.747670E-1
2.820000E1	5.065665E1	-2.016435E-1
2.823333E1	5.071973E1	-2.341448E-1
2.826667E1	5.081482E1	-2.780158E-1
2.830000E1	5.083793E1	-3.109817E-1
2.833333E1	5.087232E1	-3.631889E-1
2.836667E1	5.086977E1	-3.965747E-1
2.840000E1	5.087895E1	-4.296471E-1
2.843333E1	5.087887E1	-4.589900E-1
2.846667E1	5.087946E1	-4.848418E-1
2.850000E1	5.088463E1	-5.363992E-1
2.853333E1	5.090650E1	-5.110746E-1
2.856667E1	5.090568E1	-4.789446E-1
2.860000E1	5.090622E1	-4.323479E-1
2.863333E1	5.090010E1	-4.213733E-1
2.866667E1	5.088275E1	-3.612494E-1
2.870000E1	5.076818E1	-3.329285E-1
2.873333E1	5.063658E1	-3.113100E-1
2.876667E1	5.045918E1	-2.727748E-1
2.880000E1	5.035966E1	-2.678344E-1
2.883333E1	5.015047E1	-2.285429E-1
2.886667E1	5.002225E1	-1.626463E-1
2.890000E1	4.991868E1	-1.350999E-1
2.893333E1	4.977470E1	-1.254138E-1
2.896667E1	4.973907E1	-1.165682E-1
2.900000E1	4.973637E1	-6.937337E-2
2.903333E1	4.977268E1	-8.146618E-2
2.906667E1	4.985484E1	-7.135683E-2
2.910000E1	4.998388E1	-7.509314E-2
2.913333E1	5.003767E1	-9.125571E-2
2.916667E1	5.022524E1	-1.685178E-1
2.920000E1	5.037164E1	-1.770451E-1
2.923333E1	5.043875E1	-2.163942E-1
2.926667E1	5.054646E1	-2.432924E-1
2.930000E1	5.056562E1	-2.502302E-1
2.933333E1	5.062486E1	-2.695554E-1
2.936667E1	5.064226E1	-2.828575E-1
2.940000E1	5.063021E1	-2.961560E-1
2.943333E1	5.061531E1	-3.099449E-1
2.946667E1	5.060928E1	-3.106856E-1
2.950000E1	5.054613E1	-3.047307E-1
2.953333E1	5.047582E1	-2.863431E-1
2.956667E1	5.045361E1	-2.729618E-1
2.960000E1	5.038407E1	-2.553477E-1
