	masse A		
t	x	y	
0.000000E0	3.628653E1	-8.103618E-1
1.730519E-2	3.628659E1	-8.050754E-1
3.461037E-2	3.628721E1	-8.070782E-1
5.191556E-2	3.628635E1	-8.078710E-1
6.922074E-2	3.628605E1	-8.061354E-1
8.652593E-2	3.628550E1	-8.040018E-1
1.038311E-1	3.628258E1	-8.029991E-1
1.211363E-1	3.628425E1	-8.013574E-1
1.384415E-1	3.627210E1	-8.391758E-1
1.557467E-1	3.624072E1	-9.070908E-1
1.730519E-1	3.620187E1	-1.019145E0
1.903570E-1	3.615906E1	-1.156514E0
2.076622E-1	3.611088E1	-1.313577E0
2.249674E-1	3.605815E1	-1.485409E0
2.422726E-1	3.599116E1	-1.670604E0
2.595778E-1	3.592296E1	-1.869619E0
2.768830E-1	3.585105E1	-2.072010E0
2.941881E-1	3.578419E1	-2.255044E0
3.114933E-1	3.571569E1	-2.437302E0
3.287985E-1	3.564699E1	-2.599484E0
3.461037E-1	3.558448E1	-2.718713E0
3.634089E-1	3.553597E1	-2.802155E0
3.807141E-1	3.550276E1	-2.848109E0
3.980193E-1	3.549895E1	-2.853934E0
4.153244E-1	3.551777E1	-2.825348E0
4.326296E-1	3.554801E1	-2.784042E0
4.499348E-1	3.557876E1	-2.721526E0
4.672400E-1	3.562115E1	-2.646459E0
4.845452E-1	3.567517E1	-2.558743E0
5.018504E-1	3.572101E1	-2.447062E0
5.191556E-1	3.577145E1	-2.313451E0
5.364607E-1	3.584270E1	-2.167769E0
5.537659E-1	3.590083E1	-1.998104E0
5.710711E-1	3.595175E1	-1.826586E0
5.883763E-1	3.600518E1	-1.649765E0
6.056815E-1	3.605840E1	-1.474287E0
6.229867E-1	3.609888E1	-1.283505E0
6.402919E-1	3.614389E1	-1.073911E0
6.575970E-1	3.618934E1	-8.528970E-1
6.749022E-1	3.622108E1	-6.261190E-1
6.922074E-1	3.623838E1	-3.935311E-1
7.095126E-1	3.625405E1	-1.421407E-1
7.268178E-1	3.627040E1	1.217650E-1
7.441230E-1	3.627436E1	4.000781E-1
7.614281E-1	3.626258E1	6.774426E-1
7.787333E-1	3.624391E1	9.531436E-1
7.960385E-1	3.620555E1	1.217029E0
8.133437E-1	3.615221E1	1.470210E0
8.306489E-1	3.610740E1	1.651211E0
8.479541E-1	3.607597E1	1.760692E0
8.652593E-1	3.605597E1	1.804031E0
8.825644E-1	3.603358E1	1.724722E0
8.998696E-1	3.603707E1	1.629018E0
9.171748E-1	3.604346E1	1.504550E0
9.344800E-1	3.604750E1	1.379870E0
9.517852E-1	3.606060E1	1.231800E0
9.690904E-1	3.606899E1	1.078330E0
9.863956E-1	3.608083E1	9.102821E-1
1.003701E0	3.609014E1	7.341611E-1
1.021006E0	3.608994E1	5.453662E-1
1.038311E0	3.608484E1	3.247110E-1
1.055616E0	3.607613E1	8.581064E-2
1.072921E0	3.607001E1	-1.392876E-1
1.090227E0	3.605788E1	-4.144065E-1
1.107532E0	3.602770E1	-6.508013E-1
1.124837E0	3.598712E1	-9.223209E-1
1.142142E0	3.593607E1	-1.195621E0
1.159447E0	3.586787E1	-1.447715E0
1.176753E0	3.579318E1	-1.730942E0
1.194058E0	3.571376E1	-1.981042E0
1.211363E0	3.562549E1	-2.223756E0
1.228668E0	3.553222E1	-2.453201E0
1.245973E0	3.543537E1	-2.625570E0
1.263279E0	3.534492E1	-2.803811E0
1.280584E0	3.525506E1	-2.936433E0
1.297889E0	3.518419E1	-3.030908E0
1.315194E0	3.512631E1	-3.109598E0
1.332499E0	3.504591E1	-3.152512E0
1.349804E0	3.500573E1	-3.070164E0
1.367110E0	3.500559E1	-2.906463E0
1.384415E0	3.501712E1	-2.818558E0
1.401720E0	3.504582E1	-2.690286E0
1.419025E0	3.507776E1	-2.579771E0
1.436330E0	3.510297E1	-2.448698E0
1.453636E0	3.514919E1	-2.281709E0
1.470941E0	3.519655E1	-2.131475E0
1.488246E0	3.524742E1	-1.932761E0
1.505551E0	3.529630E1	-1.736132E0
1.522856E0	3.538437E1	-1.311710E0
1.540161E0	3.543194E1	-1.102733E0
1.557467E0	3.546282E1	-8.868595E-1
1.574772E0	3.548770E1	-6.609075E-1
1.592077E0	3.551083E1	-4.422512E-1
1.609382E0	3.552737E1	-2.148731E-1
1.626687E0	3.553792E1	1.626920E-2
1.643993E0	3.554438E1	2.499347E-1
1.661298E0	3.555110E1	5.022065E-1
1.678603E0	3.554596E1	7.585232E-1
1.695908E0	3.553504E1	1.043548E0
1.713213E0	3.549950E1	1.332483E0
1.730519E0	3.545716E1	1.628335E0
1.747824E0	3.540497E1	1.888008E0
1.765129E0	3.533792E1	2.147834E0
1.782434E0	3.528060E1	2.329428E0
1.799739E0	3.522758E1	2.431236E0
1.817044E0	3.518631E1	2.475041E0
1.834350E0	3.515752E1	2.454908E0
1.851655E0	3.514219E1	2.383237E0
1.868960E0	3.513388E1	2.296706E0
1.886265E0	3.513604E1	2.168822E0
1.903570E0	3.513604E1	1.906703E0
1.920876E0	3.513852E1	1.740740E0
1.938181E0	3.514089E1	1.590602E0
1.955486E0	3.513995E1	1.410149E0
1.972791E0	3.513817E1	1.237743E0
1.990096E0	3.513382E1	1.040811E0
2.007401E0	3.513154E1	8.219660E-1
2.024707E0	3.512342E1	5.889672E-1
2.042012E0	3.510184E1	3.479694E-1
2.059317E0	3.507961E1	7.777439E-2
2.076622E0	3.504778E1	-1.896983E-1
2.093927E0	3.499469E1	-4.714680E-1
2.111233E0	3.494392E1	-7.656961E-1
2.128538E0	3.487031E1	-1.044288E0
2.145843E0	3.479003E1	-1.332105E0
2.163148E0	3.470045E1	-1.591003E0
2.180453E0	3.459865E1	-1.851483E0
2.197759E0	3.451236E1	-2.052530E0
2.215064E0	3.441583E1	-2.233659E0
2.232369E0	3.433176E1	-2.384792E0
2.249674E0	3.424571E1	-2.500474E0
2.266979E0	3.418202E1	-2.579804E0
2.284284E0	3.408095E1	-2.642744E0
2.301590E0	3.405500E1	-2.634324E0
2.318895E0	3.402370E1	-2.508742E0
2.336200E0	3.402969E1	-2.421194E0
2.353505E0	3.403867E1	-2.304426E0
2.370810E0	3.404921E1	-2.180452E0
2.388116E0	3.407193E1	-2.048510E0
2.405421E0	3.410295E1	-1.906023E0
2.422726E0	3.414006E1	-1.767200E0
2.440031E0	3.418744E1	-1.592515E0
2.457336E0	3.423883E1	-1.413023E0
2.474641E0	3.428215E1	-1.224979E0
2.491947E0	3.432783E1	-1.029614E0
2.509252E0	3.437225E1	-8.100951E-1
2.526557E0	3.440729E1	-5.973019E-1
2.543862E0	3.443003E1	-3.849409E-1
2.561167E0	3.444703E1	-1.707023E-1
2.578473E0	3.446462E1	4.928577E-2
2.595778E0	3.448374E1	2.673492E-1
2.613083E0	3.449848E1	5.074418E-1
2.630388E0	3.450449E1	7.369176E-1
2.647693E0	3.450084E1	1.001649E0
2.664999E0	3.449751E1	1.283801E0
2.682304E0	3.448602E1	1.590979E0
2.699609E0	3.445425E1	1.883473E0
2.716914E0	3.440783E1	2.191146E0
2.734219E0	3.435738E1	2.465660E0
2.751524E0	3.430700E1	2.715187E0
2.768830E0	3.425813E1	2.893669E0
2.786135E0	3.421734E1	2.997915E0
2.803440E0	3.418301E1	3.046767E0
2.820745E0	3.416679E1	3.050703E0
2.838050E0	3.416670E1	3.006903E0
2.855356E0	3.417212E1	2.931198E0
2.872661E0	3.417968E1	2.821692E0
2.889966E0	3.421238E1	2.541666E0
2.907271E0	3.423453E1	2.401363E0
2.924576E0	3.425965E1	2.238328E0
2.941881E0	3.427753E1	2.083119E0
2.959187E0	3.429814E1	1.901461E0
2.976492E0	3.431293E1	1.708129E0
2.993797E0	3.432245E1	1.488702E0
3.011102E0	3.433559E1	1.264046E0
3.028407E0	3.433549E1	1.001151E0
3.045713E0	3.432862E1	7.541029E-1
3.063018E0	3.431756E1	4.851951E-1
3.080323E0	3.429154E1	1.980774E-1
3.097628E0	3.425479E1	-1.121682E-1
3.114933E0	3.422324E1	-3.955210E-1
3.132239E0	3.416496E1	-6.733695E-1
3.149544E0	3.409590E1	-9.087845E-1
3.166849E0	3.403035E1	-1.163309E0
3.184154E0	3.394717E1	-1.391408E0
3.201459E0	3.386047E1	-1.608062E0
3.218764E0	3.379573E1	-1.750379E0
3.236070E0	3.372293E1	-1.848145E0
3.253375E0	3.366338E1	-1.904541E0
3.270680E0	3.362195E1	-1.942440E0
3.287985E0	3.360300E1	-1.941645E0
3.305290E0	3.359162E1	-1.929220E0
3.322596E0	3.359639E1	-1.888438E0
3.339901E0	3.360227E1	-1.822308E0
3.357206E0	3.360406E1	-1.749414E0
3.374511E0	3.361700E1	-1.647915E0
3.391816E0	3.364518E1	-1.516088E0
3.409121E0	3.367554E1	-1.394398E0
3.426427E0	3.370278E1	-1.250655E0
3.443732E0	3.375830E1	-1.104612E0
3.461037E0	3.380831E1	-9.606226E-1
3.478342E0	3.385530E1	-7.968845E-1
3.495647E0	3.389754E1	-6.113407E-1
3.512953E0	3.394483E1	-4.224594E-1
3.530258E0	3.398528E1	-2.032097E-1
3.547563E0	3.402968E1	-4.754348E-3
3.564868E0	3.407135E1	1.851213E-1
3.582173E0	3.410361E1	3.783993E-1
3.599479E0	3.413403E1	5.893434E-1
3.616784E0	3.415778E1	8.277826E-1
3.634089E0	3.417709E1	1.054581E0
3.651394E0	3.419610E1	1.277142E0
3.668699E0	3.421913E1	1.513386E0
3.686004E0	3.422660E1	1.785334E0
3.703310E0	3.422021E1	2.106215E0
3.720615E0	3.420936E1	2.393058E0
3.737920E0	3.417431E1	2.662134E0
3.755225E0	3.413018E1	2.933075E0
3.772530E0	3.408339E1	3.208277E0
3.789836E0	3.404386E1	3.356398E0
3.807141E0	3.399764E1	3.458499E0
3.824446E0	3.398027E1	3.496964E0
3.841751E0	3.398856E1	3.433315E0
3.859056E0	3.400722E1	3.351437E0
3.876361E0	3.403320E1	3.244418E0
3.893667E0	3.405208E1	3.116517E0
3.910972E0	3.407992E1	2.993600E0
3.928277E0	3.410631E1	2.863179E0
3.945582E0	3.412806E1	2.716569E0
3.962887E0	3.415675E1	2.544752E0
3.980193E0	3.417567E1	2.363519E0
3.997498E0	3.419907E1	2.174274E0
4.014803E0	3.421680E1	1.967322E0
4.032108E0	3.423655E1	1.754027E0
4.049413E0	3.424695E1	1.523809E0
4.066719E0	3.424627E1	1.277108E0
4.084024E0	3.423910E1	1.010342E0
4.101329E0	3.423007E1	7.454500E-1
4.118634E0	3.421569E1	4.862737E-1
4.135939E0	3.417356E1	2.188554E-1
4.153244E0	3.412794E1	-4.917499E-2
4.170550E0	3.405880E1	-2.911090E-1
4.187855E0	3.399351E1	-5.283014E-1
4.205160E0	3.392718E1	-7.397506E-1
4.222465E0	3.386608E1	-9.288607E-1
4.239770E0	3.381669E1	-1.083437E0
4.257076E0	3.377139E1	-1.209765E0
4.274381E0	3.372266E1	-1.296341E0
4.291686E0	3.368193E1	-1.339380E0
4.308991E0	3.367216E1	-1.329769E0
4.326296E0	3.366544E1	-1.290225E0
4.343601E0	3.367169E1	-1.218557E0
4.360907E0	3.368084E1	-1.154518E0
4.378212E0	3.370330E1	-1.084308E0
4.395517E0	3.373171E1	-9.888512E-1
4.412822E0	3.375473E1	-8.812680E-1
4.430127E0	3.378711E1	-7.560806E-1
4.447433E0	3.384803E1	-4.688966E-1
4.464738E0	3.389730E1	-3.045285E-1
4.482043E0	3.394263E1	-1.259715E-1
4.499348E0	3.399333E1	6.907615E-2
4.516653E0	3.403989E1	2.772414E-1
4.533959E0	3.407930E1	4.712035E-1
4.551264E0	3.412439E1	6.628550E-1
4.568569E0	3.416184E1	8.485131E-1
4.585874E0	3.419142E1	1.038103E0
4.603179E0	3.422223E1	1.245065E0
4.620484E0	3.424775E1	1.451548E0
4.637790E0	3.426068E1	1.666892E0
4.655095E0	3.427804E1	1.891501E0
4.672400E0	3.429052E1	2.134876E0
4.689705E0	3.429251E1	2.378597E0
4.707010E0	3.428427E1	2.654626E0
4.724316E0	3.427900E1	2.948874E0
4.741621E0	3.424824E1	3.239995E0
4.758926E0	3.420351E1	3.497427E0
4.776231E0	3.415130E1	3.731084E0
4.793536E0	3.410854E1	3.905450E0
4.810841E0	3.408307E1	4.007006E0
4.828147E0	3.407016E1	4.055479E0
4.845452E0	3.407983E1	4.057398E0
4.862757E0	3.408673E1	4.023207E0
4.880062E0	3.410938E1	3.950121E0
4.897367E0	3.413690E1	3.847694E0
4.914673E0	3.416724E1	3.725594E0
4.931978E0	3.420723E1	3.590520E0
4.949283E0	3.424524E1	3.447074E0
4.966588E0	3.427504E1	3.298743E0
4.983893E0	3.430540E1	3.139881E0
5.001199E0	3.434427E1	2.971879E0
5.018504E0	3.437794E1	2.787637E0
5.035809E0	3.440841E1	2.579877E0
5.053114E0	3.442351E1	2.356153E0
5.070419E0	3.444663E1	2.115700E0
5.087724E0	3.445758E1	1.863781E0
5.105030E0	3.445404E1	1.590501E0
5.122335E0	3.444282E1	1.313774E0
5.139640E0	3.442367E1	1.033023E0
5.156945E0	3.436719E1	4.853907E-1
5.174250E0	3.432696E1	2.371269E-1
5.191556E0	3.427978E1	-8.459894E-3
5.208861E0	3.422219E1	-2.255803E-1
5.226166E0	3.417041E1	-4.153988E-1
5.243471E0	3.411654E1	-5.647576E-1
5.260776E0	3.407596E1	-6.795422E-1
5.278081E0	3.403548E1	-7.529396E-1
5.295387E0	3.400423E1	-7.954058E-1
5.312692E0	3.399874E1	-7.858603E-1
5.329997E0	3.399225E1	-7.436561E-1
5.347302E0	3.400390E1	-6.897668E-1
5.364607E0	3.402265E1	-6.083937E-1
5.381913E0	3.404187E1	-5.175487E-1
5.399218E0	3.406330E1	-4.161625E-1
5.416523E0	3.408620E1	-3.039494E-1
5.433828E0	3.411959E1	-1.692025E-1
5.451133E0	3.416683E1	-1.695925E-2
5.468439E0	3.421567E1	1.537760E-1
5.485744E0	3.426579E1	3.343941E-1
5.503049E0	3.431750E1	5.244520E-1
5.520354E0	3.435877E1	7.190797E-1
5.537659E0	3.437958E1	9.302498E-1
5.554964E0	3.442232E1	1.141877E0
5.572270E0	3.446906E1	1.354945E0
5.589575E0	3.451324E1	1.559017E0
5.606880E0	3.458057E1	1.985011E0
5.624185E0	3.461372E1	2.214544E0
5.641490E0	3.463447E1	2.450061E0
5.658796E0	3.464766E1	2.679981E0
5.676101E0	3.465989E1	2.938433E0
5.693406E0	3.465755E1	3.214247E0
5.710711E0	3.464919E1	3.486155E0
5.728016E0	3.463378E1	3.772709E0
5.745321E0	3.458894E1	4.050050E0
5.762627E0	3.453925E1	4.317463E0
5.779932E0	3.449246E1	4.577465E0
5.797237E0	3.444978E1	4.753997E0
5.814542E0	3.440892E1	4.860904E0
5.831847E0	3.439597E1	4.901579E0
5.849153E0	3.439804E1	4.893286E0
5.866458E0	3.444155E1	4.765385E0
5.883763E0	3.447130E1	4.657120E0
5.901068E0	3.450511E1	4.532092E0
5.918373E0	3.454864E1	4.408209E0
5.935679E0	3.457999E1	4.264778E0
5.952984E0	3.462170E1	4.113557E0
5.970289E0	3.466930E1	3.951829E0
5.987594E0	3.472827E1	3.779097E0
6.004899E0	3.476397E1	3.594728E0
6.022204E0	3.479767E1	3.374385E0
6.039510E0	3.482219E1	3.141061E0
6.056815E0	3.484424E1	2.897616E0
6.074120E0	3.486099E1	2.633185E0
6.091425E0	3.486461E1	2.368910E0
6.108730E0	3.486086E1	2.089783E0
6.126036E0	3.483960E1	1.803710E0
6.143341E0	3.481022E1	1.526664E0
6.160646E0	3.477126E1	1.256396E0
6.177951E0	3.472921E1	9.908212E-1
6.195256E0	3.467797E1	7.351259E-1
6.212561E0	3.462546E1	5.166265E-1
6.229867E0	3.457476E1	3.313438E-1
6.247172E0	3.447609E1	6.579924E-2
6.264477E0	3.442435E1	-2.662484E-2
6.281782E0	3.438894E1	-7.161803E-2
6.299087E0	3.436861E1	-7.685095E-2
6.316393E0	3.437161E1	-4.579501E-2
6.333698E0	3.437981E1	1.958416E-2
6.351003E0	3.439108E1	8.889075E-2
6.368308E0	3.441414E1	1.696382E-1
6.385613E0	3.443818E1	2.754456E-1
6.402919E0	3.446615E1	3.936043E-1
6.420224E0	3.449730E1	5.219508E-1
6.437529E0	3.453216E1	6.674737E-1
6.454834E0	3.457716E1	8.300975E-1
6.472139E0	3.462461E1	1.003709E0
6.489444E0	3.467655E1	1.195795E0
6.506750E0	3.472187E1	1.390469E0
6.524055E0	3.473390E1	1.601799E0
6.541360E0	3.477299E1	1.814243E0
6.558665E0	3.481236E1	2.032777E0
6.575970E0	3.485186E1	2.262170E0
6.593276E0	3.488746E1	2.485112E0
6.610581E0	3.490610E1	2.700092E0
6.627886E0	3.492954E1	2.937792E0
6.645191E0	3.494813E1	3.173755E0
6.662496E0	3.496399E1	3.414550E0
6.679801E0	3.495693E1	3.692567E0
6.697107E0	3.495046E1	3.969913E0
6.714412E0	3.494100E1	4.256642E0
6.731717E0	3.489183E1	4.560699E0
6.749022E0	3.484456E1	4.855779E0
