	masse A		
t	x	y	
0.000000E0	3.726620E1	-7.080194E-1
1.679651E-2	3.724980E1	-7.249265E-1
3.359302E-2	3.722200E1	-8.826086E-1
5.038952E-2	3.717825E1	-1.115695E0
6.718603E-2	3.710191E1	-1.426018E0
8.398254E-2	3.698856E1	-1.834596E0
1.007790E-1	3.685869E1	-2.207786E0
1.175756E-1	3.670111E1	-2.566221E0
1.343721E-1	3.655698E1	-2.879145E0
1.511686E-1	3.624973E1	-3.498344E0
1.679651E-1	3.606564E1	-3.818570E0
1.847616E-1	3.587960E1	-4.111690E0
2.015581E-1	3.569323E1	-4.379732E0
2.183546E-1	3.551896E1	-4.659604E0
2.351511E-1	3.532775E1	-4.910692E0
2.519476E-1	3.513879E1	-5.171024E0
2.687441E-1	3.496590E1	-5.372209E0
2.855406E-1	3.480082E1	-5.551977E0
3.023371E-1	3.465391E1	-5.693890E0
3.191337E-1	3.449696E1	-5.830660E0
3.359302E-1	3.433337E1	-5.941453E0
3.527267E-1	3.418809E1	-6.013875E0
3.695232E-1	3.404886E1	-6.056264E0
3.863197E-1	3.387711E1	-6.091966E0
4.031162E-1	3.370632E1	-6.106032E0
4.199127E-1	3.354636E1	-6.107521E0
4.367092E-1	3.339507E1	-6.080241E0
4.535057E-1	3.324118E1	-6.027327E0
4.703022E-1	3.307369E1	-5.948455E0
4.870987E-1	3.295808E1	-5.847252E0
5.038952E-1	3.284589E1	-5.736767E0
5.206917E-1	3.273990E1	-5.616155E0
5.374883E-1	3.260464E1	-5.483445E0
5.542848E-1	3.244653E1	-5.374762E0
5.710813E-1	3.227017E1	-5.266046E0
5.878778E-1	3.209695E1	-5.164145E0
6.046743E-1	3.196632E1	-5.042633E0
6.214708E-1	3.190309E1	-4.896492E0
6.382673E-1	3.196924E1	-4.708793E0
6.550638E-1	3.213877E1	-4.485608E0
6.718603E-1	3.238510E1	-4.263481E0
6.886568E-1	3.267817E1	-3.998008E0
7.054533E-1	3.298550E1	-3.754344E0
7.222498E-1	3.328129E1	-3.520694E0
7.390463E-1	3.359425E1	-3.263677E0
7.558429E-1	3.391724E1	-2.995533E0
7.726394E-1	3.422619E1	-2.721413E0
7.894359E-1	3.450493E1	-2.486449E0
8.062324E-1	3.473967E1	-2.248801E0
8.230289E-1	3.501996E1	-1.925849E0
8.398254E-1	3.523733E1	-1.655162E0
8.566219E-1	3.542913E1	-1.386609E0
8.734184E-1	3.558037E1	-1.132036E0
8.902149E-1	3.572618E1	-8.716273E-1
9.070114E-1	3.586596E1	-6.031691E-1
9.238079E-1	3.599306E1	-3.391090E-1
9.406044E-1	3.612384E1	-5.867047E-2
9.574010E-1	3.622936E1	2.151449E-1
9.741975E-1	3.632913E1	4.592274E-1
9.909940E-1	3.640643E1	7.151451E-1
1.007790E0	3.648143E1	9.520972E-1
1.024587E0	3.654131E1	1.206545E0
1.041383E0	3.659796E1	1.480317E0
1.058180E0	3.664174E1	1.723867E0
1.074977E0	3.667441E1	1.943394E0
1.091773E0	3.668730E1	2.173749E0
1.108570E0	3.668358E1	2.397409E0
1.125366E0	3.667213E1	2.625706E0
1.142163E0	3.664348E1	2.903202E0
1.158959E0	3.658691E1	3.194951E0
1.175756E0	3.649779E1	3.508594E0
1.192552E0	3.637492E1	3.844529E0
1.209349E0	3.623265E1	4.124544E0
1.226145E0	3.604119E1	4.457250E0
1.242942E0	3.584662E1	4.720006E0
1.259738E0	3.563822E1	4.940897E0
1.276535E0	3.546015E1	5.104329E0
1.293331E0	3.527635E1	5.237220E0
1.310128E0	3.510385E1	5.330698E0
1.326924E0	3.495218E1	5.392934E0
1.343721E0	3.477447E1	5.438399E0
1.360517E0	3.460319E1	5.477861E0
1.377314E0	3.444477E1	5.511925E0
1.394110E0	3.428150E1	5.547945E0
1.410907E0	3.413113E1	5.561666E0
1.427703E0	3.398442E1	5.569823E0
1.444500E0	3.386957E1	5.555804E0
1.461296E0	3.371471E1	5.533703E0
1.478093E0	3.353338E1	5.498677E0
1.494889E0	3.335575E1	5.460412E0
1.511686E0	3.319053E1	5.400213E0
1.528482E0	3.304133E1	5.359534E0
1.545279E0	3.290683E1	5.294821E0
1.562075E0	3.285476E1	5.144172E0
1.578872E0	3.289307E1	4.902264E0
1.595668E0	3.299944E1	4.606157E0
1.612465E0	3.313524E1	4.218986E0
1.629261E0	3.330697E1	3.817897E0
1.646058E0	3.345119E1	3.394373E0
1.662854E0	3.359365E1	2.994635E0
1.679651E0	3.378544E1	2.438047E0
1.696447E0	3.395769E1	2.064819E0
1.713244E0	3.405979E1	1.697943E0
1.730040E0	3.415886E1	1.313301E0
1.746837E0	3.427350E1	9.164257E-1
1.763633E0	3.437211E1	5.082384E-1
1.780430E0	3.445859E1	1.314169E-1
1.797226E0	3.454549E1	-2.949102E-1
1.814023E0	3.463000E1	-7.445990E-1
1.830819E0	3.470842E1	-1.218733E0
1.847616E0	3.476074E1	-1.732674E0
1.864412E0	3.477428E1	-2.225770E0
1.881209E0	3.475556E1	-2.725350E0
1.898005E0	3.470317E1	-3.183359E0
1.914802E0	3.461163E1	-3.597981E0
1.931598E0	3.448790E1	-4.002901E0
1.948395E0	3.433366E1	-4.391011E0
1.965191E0	3.415218E1	-4.753363E0
1.981988E0	3.397454E1	-5.072231E0
1.998784E0	3.349834E1	-5.686838E0
2.015581E0	3.331364E1	-5.899048E0
2.032377E0	3.309103E1	-6.112826E0
2.049174E0	3.290242E1	-6.250637E0
2.065970E0	3.276501E1	-6.348390E0
2.082767E0	3.266831E1	-6.394757E0
2.099563E0	3.258261E1	-6.419347E0
2.116360E0	3.247123E1	-6.454661E0
2.133157E0	3.237244E1	-6.478290E0
2.149953E0	3.228562E1	-6.481804E0
2.166750E0	3.217831E1	-6.467123E0
2.183546E0	3.205834E1	-6.410734E0
2.200343E0	3.194927E1	-6.355955E0
2.217139E0	3.182578E1	-6.279676E0
2.233936E0	3.170573E1	-6.189170E0
2.250732E0	3.157723E1	-6.095100E0
2.267529E0	3.149750E1	-5.953961E0
2.284325E0	3.143908E1	-5.787882E0
2.301122E0	3.140870E1	-5.631295E0
2.317918E0	3.133644E1	-5.474118E0
2.334715E0	3.130084E1	-5.314226E0
2.351511E0	3.134792E1	-5.148414E0
2.368308E0	3.148034E1	-4.918071E0
2.385104E0	3.164805E1	-4.637544E0
2.401901E0	3.186060E1	-4.368719E0
2.418697E0	3.209604E1	-4.075341E0
2.435494E0	3.233813E1	-3.755061E0
2.452290E0	3.256354E1	-3.441718E0
2.469087E0	3.277331E1	-3.154755E0
2.485883E0	3.301601E1	-2.839986E0
2.502680E0	3.327535E1	-2.526165E0
2.519476E0	3.352059E1	-2.202246E0
2.536273E0	3.378718E1	-1.883312E0
2.553069E0	3.404123E1	-1.559056E0
2.569866E0	3.426473E1	-1.263744E0
2.586662E0	3.450423E1	-9.301576E-1
2.603459E0	3.474412E1	-5.686901E-1
2.620255E0	3.497941E1	-1.884628E-1
2.637052E0	3.520428E1	1.725525E-1
2.653848E0	3.541450E1	5.340715E-1
2.670645E0	3.560052E1	8.917411E-1
2.687441E0	3.578351E1	1.312019E0
2.704238E0	3.596150E1	1.765961E0
2.721034E0	3.613949E1	2.219903E0
2.737831E0	3.623875E1	2.681150E0
2.754627E0	3.631978E1	3.159657E0
2.771424E0	3.636642E1	3.651300E0
2.788220E0	3.636595E1	4.155975E0
2.805017E0	3.632727E1	4.636373E0
2.821813E0	3.623301E1	5.142892E0
2.838610E0	3.610930E1	5.630154E0
2.855406E0	3.597257E1	6.037847E0
2.872203E0	3.583637E1	6.374773E0
2.888999E0	3.569978E1	6.689955E0
2.905796E0	3.555401E1	6.962306E0
2.922592E0	3.540748E1	7.203369E0
2.939389E0	3.528789E1	7.400728E0
2.956185E0	3.518753E1	7.529448E0
2.972982E0	3.504886E1	7.668008E0
2.989778E0	3.491348E1	7.790850E0
3.006575E0	3.477379E1	7.924818E0
3.023371E0	3.450862E1	8.112255E0
3.040168E0	3.438718E1	8.112797E0
3.056964E0	3.426629E1	8.074121E0
3.073761E0	3.415432E1	8.017086E0
3.090557E0	3.405585E1	7.945478E0
3.107354E0	3.398329E1	7.842333E0
3.124150E0	3.392662E1	7.717543E0
3.140947E0	3.389508E1	7.589212E0
3.157743E0	3.386531E1	7.487437E0
3.174540E0	3.385604E1	7.362608E0
3.191337E0	3.389264E1	7.203172E0
3.208133E0	3.401253E1	6.959250E0
3.224930E0	3.420935E1	6.684552E0
3.241726E0	3.446745E1	6.411090E0
3.258523E0	3.472557E1	6.094357E0
3.275319E0	3.497238E1	5.778756E0
3.292116E0	3.520949E1	5.459307E0
3.308912E0	3.543868E1	5.138190E0
3.325709E0	3.567544E1	4.813259E0
3.342505E0	3.595673E1	4.473842E0
3.359302E0	3.623806E1	4.116826E0
3.376098E0	3.650350E1	3.761323E0
3.392895E0	3.674724E1	3.419801E0
3.409691E0	3.700803E1	3.072579E0
3.426488E0	3.723333E1	2.715012E0
3.443284E0	3.742305E1	2.357749E0
3.460081E0	3.766148E1	1.956092E0
3.476877E0	3.780932E1	1.643528E0
3.493674E0	3.793895E1	1.307690E0
3.510470E0	3.807098E1	9.142599E-1
3.527267E0	3.816518E1	5.282875E-1
3.544063E0	3.822750E1	1.062162E-1
3.560860E0	3.825778E1	-2.668243E-1
3.577656E0	3.825483E1	-6.492632E-1
3.594453E0	3.822537E1	-9.925583E-1
3.611249E0	3.817446E1	-1.344394E0
3.628046E0	3.809593E1	-1.700719E0
3.644842E0	3.800212E1	-2.023177E0
3.661639E0	3.790576E1	-2.297794E0
3.678435E0	3.779302E1	-2.534346E0
3.695232E0	3.767166E1	-2.756285E0
3.712028E0	3.755524E1	-2.948161E0
3.728825E0	3.742858E1	-3.116780E0
3.745621E0	3.729851E1	-3.276893E0
3.762418E0	3.720186E1	-3.419555E0
3.779214E0	3.710174E1	-3.538913E0
3.796011E0	3.694124E1	-3.654444E0
3.812807E0	3.679757E1	-3.753029E0
3.829604E0	3.666023E1	-3.841651E0
3.846400E0	3.650516E1	-3.901084E0
3.863197E0	3.636686E1	-3.907613E0
3.879993E0	3.621925E1	-3.886068E0
3.896790E0	3.606585E1	-3.855985E0
3.913586E0	3.592503E1	-3.783775E0
3.930383E0	3.578305E1	-3.689415E0
3.947179E0	3.562955E1	-3.572915E0
3.963976E0	3.548520E1	-3.441397E0
3.980772E0	3.536760E1	-3.320109E0
3.997569E0	3.526778E1	-3.226140E0
4.014365E0	3.522955E1	-3.085243E0
4.031162E0	3.525923E1	-2.868880E0
4.047958E0	3.536577E1	-2.590086E0
4.064755E0	3.553974E1	-2.257635E0
4.081551E0	3.572933E1	-1.876533E0
4.098348E0	3.591383E1	-1.505095E0
4.115144E0	3.609405E1	-1.131052E0
4.131941E0	3.627121E1	-7.527593E-1
4.148737E0	3.644796E1	-3.613660E-1
4.165534E0	3.662696E1	2.428006E-2
4.182330E0	3.677780E1	3.917639E-1
4.199127E0	3.695995E1	8.294162E-1
4.215923E0	3.714398E1	1.342790E0
4.232720E0	3.731733E1	1.801811E0
4.249517E0	3.746465E1	2.250318E0
4.266313E0	3.760111E1	2.714324E0
4.283110E0	3.773122E1	3.175828E0
4.299906E0	3.782886E1	3.650895E0
4.316703E0	3.791087E1	4.096174E0
4.333499E0	3.797647E1	4.546572E0
4.350296E0	3.800752E1	5.005112E0
4.367092E0	3.798851E1	5.458381E0
4.383889E0	3.794476E1	5.908061E0
4.400685E0	3.785134E1	6.357765E0
4.417482E0	3.772082E1	6.787027E0
4.434278E0	3.760615E1	7.196417E0
4.451075E0	3.741489E1	7.560484E0
4.467871E0	3.717594E1	7.932904E0
4.484668E0	3.695800E1	8.261782E0
4.501464E0	3.673408E1	8.508026E0
4.518261E0	3.652976E1	8.701023E0
4.535057E0	3.630536E1	8.879477E0
4.551854E0	3.610252E1	9.020731E0
4.568650E0	3.591222E1	9.165665E0
4.585447E0	3.571423E1	9.270674E0
4.602243E0	3.557229E1	9.345395E0
4.619040E0	3.537843E1	9.408646E0
4.635836E0	3.519174E1	9.452209E0
4.652633E0	3.500581E1	9.489698E0
4.669429E0	3.479452E1	9.499099E0
4.686226E0	3.461244E1	9.446453E0
4.703022E0	3.439136E1	9.358142E0
4.719819E0	3.421382E1	9.270935E0
4.736615E0	3.412423E1	9.192155E0
4.753412E0	3.395613E1	9.060495E0
4.770208E0	3.379468E1	8.920557E0
4.787005E0	3.367511E1	8.770711E0
4.803801E0	3.358301E1	8.611965E0
4.820598E0	3.349810E1	8.441319E0
4.837394E0	3.341873E1	8.311202E0
4.854191E0	3.336929E1	8.156232E0
4.870987E0	3.339941E1	7.945853E0
4.887784E0	3.351852E1	7.678733E0
4.904580E0	3.373525E1	7.359239E0
4.921377E0	3.398022E1	7.018112E0
4.938173E0	3.423799E1	6.645969E0
4.954970E0	3.448181E1	6.286017E0
4.971766E0	3.471054E1	5.935472E0
4.988563E0	3.493591E1	5.593674E0
5.005359E0	3.517802E1	5.225212E0
5.022156E0	3.544704E1	4.852297E0
5.038952E0	3.572379E1	4.458392E0
5.055749E0	3.599885E1	4.068262E0
5.072545E0	3.626593E1	3.652753E0
5.089342E0	3.654171E1	3.214493E0
5.106138E0	3.687004E1	2.727233E0
5.122935E0	3.710286E1	2.318910E0
5.139731E0	3.735708E1	1.854626E0
5.156528E0	3.753193E1	1.475538E0
5.173324E0	3.768134E1	1.105156E0
5.190121E0	3.780882E1	7.143271E-1
5.206917E0	3.791036E1	3.025186E-1
5.223714E0	3.798720E1	-1.301799E-1
5.240510E0	3.802942E1	-5.734065E-1
5.257307E0	3.801879E1	-1.005186E0
5.274103E0	3.796950E1	-1.407031E0
5.290900E0	3.789029E1	-1.822785E0
5.307697E0	3.777055E1	-2.224173E0
5.324493E0	3.763298E1	-2.575718E0
5.341290E0	3.749790E1	-2.865214E0
5.358086E0	3.735105E1	-3.084766E0
5.374883E0	3.720681E1	-3.316315E0
5.391679E0	3.699287E1	-3.543183E0
5.408476E0	3.679127E1	-3.761409E0
5.425272E0	3.661032E1	-3.945395E0
5.442069E0	3.643728E1	-4.095964E0
5.458865E0	3.629234E1	-4.226128E0
5.475662E0	3.615336E1	-4.325427E0
5.492458E0	3.601729E1	-4.414224E0
5.509255E0	3.587864E1	-4.501275E0
5.526051E0	3.573814E1	-4.575409E0
5.542848E0	3.556646E1	-4.629742E0
5.559644E0	3.541703E1	-4.652866E0
5.576441E0	3.524735E1	-4.664838E0
5.593237E0	3.505267E1	-4.650286E0
5.610034E0	3.482364E1	-4.620113E0
5.626830E0	3.464203E1	-4.561194E0
5.643627E0	3.447337E1	-4.484147E0
5.660423E0	3.432682E1	-4.417639E0
5.677220E0	3.418971E1	-4.341542E0
5.694016E0	3.413172E1	-4.238238E0
5.710813E0	3.416745E1	-4.055534E0
5.727609E0	3.430044E1	-3.792168E0
5.744406E0	3.448619E1	-3.482341E0
5.761202E0	3.467529E1	-3.129554E0
5.777999E0	3.489233E1	-2.754474E0
5.794795E0	3.508722E1	-2.385201E0
5.811592E0	3.528436E1	-2.024453E0
5.828388E0	3.546768E1	-1.651512E0
5.845185E0	3.564095E1	-1.287532E0
5.861981E0	3.580687E1	-9.379902E-1
5.878778E0	3.600273E1	-5.626094E-1
5.895574E0	3.618830E1	-1.854189E-1
5.912371E0	3.637766E1	2.012598E-1
5.929167E0	3.656114E1	5.833641E-1
5.945964E0	3.673901E1	9.916885E-1
5.962760E0	3.692103E1	1.391589E0
5.979557E0	3.705909E1	1.766156E0
5.996353E0	3.720188E1	2.140035E0
6.013150E0	3.733679E1	2.564888E0
6.029946E0	3.743825E1	2.950459E0
6.046743E0	3.751906E1	3.401392E0
6.063539E0	3.753950E1	3.808772E0
6.080336E0	3.752916E1	4.223338E0
6.097132E0	3.747338E1	4.634304E0
6.113929E0	3.738475E1	5.039215E0
6.130725E0	3.725370E1	5.407429E0
6.147522E0	3.706541E1	5.810168E0
6.164318E0	3.689343E1	6.099592E0
6.181115E0	3.673208E1	6.324442E0
6.197911E0	3.657078E1	6.502441E0
6.214708E0	3.639516E1	6.685849E0
6.231504E0	3.624259E1	6.848192E0
6.248301E0	3.605174E1	6.997357E0
6.265097E0	3.590926E1	7.106475E0
6.281894E0	3.580851E1	7.179111E0
6.298690E0	3.568045E1	7.241051E0
6.315487E0	3.557880E1	7.244327E0
6.332283E0	3.543934E1	7.272958E0
6.349080E0	3.528877E1	7.263331E0
6.365877E0	3.512522E1	7.236131E0
6.382673E0	3.498334E1	7.200856E0
6.399470E0	3.483739E1	7.120874E0
6.416266E0	3.469852E1	7.007715E0
6.433063E0	3.457344E1	6.857443E0
6.449859E0	3.447075E1	6.702202E0
6.466656E0	3.437919E1	6.552180E0
6.483452E0	3.431707E1	6.387684E0
6.500249E0	3.425228E1	6.231595E0
6.517045E0	3.418191E1	6.094114E0
6.533842E0	3.413168E1	5.952400E0
6.550638E0	3.417457E1	5.724463E0
6.567435E0	3.431121E1	5.410873E0
6.584231E0	3.450134E1	5.076892E0
6.601028E0	3.472281E1	4.717495E0
6.617824E0	3.494357E1	4.369355E0
6.634621E0	3.514507E1	4.008749E0
6.651417E0	3.534137E1	3.654128E0
6.668214E0	3.556227E1	3.282661E0
6.685010E0	3.581480E1	2.869286E0
6.701807E0	3.605001E1	2.495349E0
6.718603E0	3.630536E1	2.048320E0
6.735400E0	3.654659E1	1.639225E0
6.752196E0	3.677747E1	1.230932E0
6.768993E0	3.699333E1	8.105371E-1
6.785789E0	3.719722E1	4.007737E-1
6.802586E0	3.738877E1	-8.504316E-4
6.819382E0	3.755335E1	-4.217326E-1
6.836179E0	3.768227E1	-8.111803E-1
6.852975E0	3.778676E1	-1.215851E0
6.869772E0	3.786282E1	-1.603572E0
6.886568E0	3.795522E1	-2.452111E0
6.903365E0	3.795018E1	-2.919230E0
6.920161E0	3.790198E1	-3.343881E0
6.936958E0	3.781725E1	-3.755697E0
6.953754E0	3.769173E1	-4.177388E0
6.970551E0	3.754366E1	-4.579443E0
6.987347E0	3.736440E1	-4.928388E0
7.004144E0	3.722197E1	-5.202644E0
7.020940E0	3.700553E1	-5.479874E0
7.037737E0	3.678187E1	-5.767293E0
7.054533E0	3.654863E1	-6.005269E0
7.071330E0	3.630795E1	-6.229670E0
7.088126E0	3.608992E1	-6.415484E0
7.104923E0	3.586752E1	-6.598366E0
7.121719E0	3.564517E1	-6.778461E0
7.138516E0	3.545423E1	-6.929565E0
7.155312E0	3.526183E1	-7.053690E0
7.172109E0	3.508339E1	-7.153201E0
7.188905E0	3.489251E1	-7.232466E0
7.205702E0	3.471894E1	-7.276174E0
7.222498E0	3.456111E1	-7.256004E0
7.239295E0	3.439558E1	-7.226153E0
7.256091E0	3.413046E1	-7.257023E0
7.272888E0	3.392708E1	-7.207663E0
7.289684E0	3.372711E1	-7.126060E0
7.306481E0	3.354796E1	-7.022967E0
7.323277E0	3.340010E1	-6.929556E0
7.340074E0	3.326869E1	-6.817437E0
7.356870E0	3.322872E1	-6.644002E0
7.373667E0	3.326083E1	-6.424151E0
7.390463E0	3.343710E1	-6.113010E0
7.407260E0	3.363666E1	-5.798508E0
7.424057E0	3.389621E1	-5.427783E0
7.440853E0	3.413685E1	-5.072002E0
7.457650E0	3.436521E1	-4.708941E0
7.474446E0	3.457458E1	-4.338138E0
7.491243E0	3.476873E1	-3.992685E0
7.508039E0	3.497495E1	-3.621696E0
7.524836E0	3.518527E1	-3.229986E0
7.541632E0	3.541216E1	-2.802995E0
7.558429E0	3.561601E1	-2.404429E0
7.575225E0	3.579443E1	-2.027481E0
7.592022E0	3.598192E1	-1.609670E0
7.608818E0	3.616757E1	-1.188969E0
7.625615E0	3.633614E1	-7.844547E-1
7.642411E0	3.650631E1	-3.810607E-1
7.659208E0	3.666816E1	2.474856E-2
7.676004E0	3.679464E1	4.493363E-1
7.692801E0	3.692858E1	8.598921E-1
7.709597E0	3.703208E1	1.270235E0
7.726394E0	3.710243E1	1.680473E0
7.743190E0	3.712366E1	2.120274E0
7.759987E0	3.707805E1	2.597372E0
7.776783E0	3.702221E1	3.047228E0
7.793580E0	3.691692E1	3.454546E0
7.810376E0	3.676428E1	3.856876E0
7.827173E0	3.658594E1	4.452156E0
7.843969E0	3.641272E1	4.720442E0
7.860766E0	3.626180E1	4.924221E0
7.877562E0	3.608772E1	5.115202E0
7.894359E0	3.590881E1	5.296388E0
7.911155E0	3.574196E1	5.440819E0
7.927952E0	3.560089E1	5.561204E0
7.944748E0	3.548764E1	5.655783E0
7.961545E0	3.537419E1	5.721474E0
7.978341E0	3.524742E1	5.780882E0
7.995138E0	3.510883E1	5.819868E0
8.011934E0	3.493279E1	5.863235E0
8.028731E0	3.475193E1	5.891354E0
8.045527E0	3.459368E1	5.915270E0
8.062324E0	3.438420E1	5.891817E0
8.079120E0	3.419545E1	5.841662E0
8.095917E0	3.400850E1	5.769393E0
8.112713E0	3.383556E1	5.650740E0
8.129510E0	3.369868E1	5.522094E0
8.146306E0	3.360590E1	5.382720E0
8.163103E0	3.351687E1	5.252030E0
8.179899E0	3.342659E1	5.136304E0
8.196696E0	3.337103E1	5.012042E0
8.213492E0	3.338043E1	4.799985E0
8.230289E0	3.346758E1	4.518515E0
8.247085E0	3.361023E1	4.192621E0
8.263882E0	3.378786E1	3.839950E0
8.280678E0	3.399881E1	3.475938E0
8.297475E0	3.418756E1	3.100145E0
8.314271E0	3.438100E1	2.730352E0
8.331068E0	3.456558E1	2.321420E0
8.347864E0	3.478094E1	1.912734E0
8.364661E0	3.500840E1	1.498065E0
8.381457E0	3.525247E1	1.081074E0
8.398254E0	3.561187E1	5.964469E-1
8.415050E0	3.584592E1	1.670405E-1
8.431847E0	3.606690E1	-2.536174E-1
8.448643E0	3.629514E1	-6.834112E-1
8.465440E0	3.649742E1	-1.085664E0
8.482237E0	3.669283E1	-1.491491E0
8.499033E0	3.685748E1	-1.907760E0
8.515830E0	3.698887E1	-2.271318E0
8.532626E0	3.709687E1	-2.677117E0
8.549423E0	3.718584E1	-3.093545E0
8.566219E0	3.722477E1	-3.504413E0
8.583016E0	3.721963E1	-3.962456E0
8.599812E0	3.718421E1	-4.372815E0
8.616609E0	3.708995E1	-4.775973E0
8.633405E0	3.696335E1	-5.190200E0
8.650202E0	3.682674E1	-5.544059E0
8.666998E0	3.672205E1	-5.788013E0
8.683795E0	3.659117E1	-6.024251E0
8.700591E0	3.645929E1	-6.244208E0
8.717388E0	3.628790E1	-6.470545E0
8.734184E0	3.611097E1	-6.689922E0
8.750981E0	3.591418E1	-6.918803E0
8.767777E0	3.575543E1	-7.078093E0
8.784574E0	3.560739E1	-7.241399E0
8.801370E0	3.547460E1	-7.372957E0
8.818167E0	3.534489E1	-7.477769E0
8.834963E0	3.520371E1	-7.575812E0
8.851760E0	3.510017E1	-7.627269E0
8.868556E0	3.495882E1	-7.663271E0
8.885353E0	3.479213E1	-7.678500E0
8.902149E0	3.464146E1	-7.683670E0
8.918946E0	3.444979E1	-7.689104E0
8.935742E0	3.426289E1	-7.687599E0
8.952539E0	3.407517E1	-7.658781E0
8.969335E0	3.391139E1	-7.602360E0
8.986132E0	3.372905E1	-7.516321E0
9.002928E0	3.358436E1	-7.426575E0
9.019725E0	3.349089E1	-7.329805E0
9.036521E0	3.348753E1	-7.187267E0
9.053318E0	3.358352E1	-6.977515E0
9.070114E0	3.375501E1	-6.744943E0
9.086911E0	3.400211E1	-6.415887E0
9.103707E0	3.426487E1	-6.088801E0
9.120504E0	3.451610E1	-5.774219E0
9.137300E0	3.475805E1	-5.452444E0
9.154097E0	3.496286E1	-5.136605E0
9.170893E0	3.518582E1	-4.817808E0
9.187690E0	3.540154E1	-4.468106E0
9.204486E0	3.561645E1	-4.139457E0
9.221283E0	3.587451E1	-3.754239E0
9.238079E0	3.611471E1	-3.377234E0
9.254876E0	3.635713E1	-2.968392E0
9.271672E0	3.677638E1	-2.225064E0
9.288469E0	3.696112E1	-1.858613E0
9.305265E0	3.714358E1	-1.481790E0
9.322062E0	3.734579E1	-1.070384E0
9.338858E0	3.752910E1	-6.096840E-1
9.355655E0	3.769949E1	-1.260173E-1
9.372451E0	3.784441E1	3.575737E-1
9.389248E0	3.796588E1	9.008450E-1
9.406044E0	3.801821E1	1.400968E0
9.422841E0	3.802039E1	1.909108E0
9.439637E0	3.796595E1	2.447378E0
9.456434E0	3.787432E1	2.901328E0
9.473230E0	3.773446E1	3.366928E0
9.490027E0	3.759424E1	3.725939E0
9.506823E0	3.743447E1	4.040302E0
9.523620E0	3.727715E1	4.283949E0
9.540417E0	3.711012E1	4.515237E0
9.557213E0	3.691877E1	4.739740E0
9.574010E0	3.674153E1	4.936669E0
9.590806E0	3.656223E1	5.106467E0
9.607603E0	3.643052E1	5.208827E0
9.624399E0	3.631049E1	5.290617E0
9.641196E0	3.617777E1	5.332155E0
9.657992E0	3.603160E1	5.357376E0
9.674789E0	3.590904E1	5.367893E0
9.691585E0	3.573597E1	5.357057E0
9.708382E0	3.553892E1	5.318572E0
9.725178E0	3.536169E1	5.260208E0
9.741975E0	3.519639E1	5.150626E0
9.758771E0	3.504610E1	5.029888E0
9.775568E0	3.492267E1	4.862686E0
9.792364E0	3.482812E1	4.695213E0
9.809161E0	3.477269E1	4.530416E0
9.825957E0	3.472899E1	4.354148E0
9.842754E0	3.464968E1	4.209703E0
9.859550E0	3.459609E1	4.037171E0
9.876347E0	3.461897E1	3.809439E0
9.893143E0	3.471581E1	3.510972E0
9.909940E0	3.488244E1	3.161753E0
9.926736E0	3.503758E1	2.796666E0
9.943533E0	3.524102E1	2.418703E0
9.960329E0	3.543665E1	2.039085E0
9.977126E0	3.565379E1	1.637725E0
9.993922E0	3.586340E1	1.213071E0
1.001072E1	3.611920E1	7.384993E-1
1.002752E1	3.635533E1	3.381846E-1
1.004431E1	3.658161E1	-7.938357E-2
1.006111E1	3.683993E1	-5.368797E-1
1.007790E1	3.707141E1	-9.567860E-1
1.009470E1	3.730655E1	-1.396557E0
1.011150E1	3.752964E1	-1.815040E0
1.012829E1	3.771451E1	-2.217994E0
1.014509E1	3.789410E1	-2.632107E0
1.016189E1	3.803877E1	-3.034696E0
1.017868E1	3.815571E1	-3.448916E0
1.019548E1	3.825331E1	-3.866661E0
1.021228E1	3.832787E1	-4.280054E0
1.022907E1	3.836154E1	-4.724467E0
1.024587E1	3.834813E1	-5.171413E0
1.026267E1	3.829019E1	-5.585141E0
1.027946E1	3.818212E1	-5.992018E0
1.029626E1	3.805915E1	-6.408621E0
1.031306E1	3.791578E1	-6.755175E0
1.032985E1	3.777864E1	-7.026003E0
1.034665E1	3.763536E1	-7.268407E0
1.036345E1	3.747139E1	-7.513851E0
1.038024E1	3.727858E1	-7.738210E0
1.039704E1	3.705588E1	-7.970208E0
1.041383E1	3.683437E1	-8.180441E0
1.043063E1	3.664554E1	-8.331048E0
1.044743E1	3.648268E1	-8.454358E0
1.046422E1	3.632281E1	-8.587499E0
1.048102E1	3.615556E1	-8.688433E0
1.049782E1	3.601146E1	-8.767251E0
1.051461E1	3.586310E1	-8.810189E0
1.053141E1	3.570927E1	-8.831099E0
1.054821E1	3.555750E1	-8.822750E0
1.056500E1	3.538685E1	-8.801122E0
1.058180E1	3.521121E1	-8.774894E0
